48284	83904	1
48284	90541	1
48284	166320	1
48284	411946	1
256156	83904	1
256156	411946	1
256156	166320	1
256156	413568	1
256156	90541	1
179366	228415	1
179366	32201	1
228407	32201	1
228407	228408	1
228407	51671	1
262357	1036828	1
262357	833768	1
262357	1353114	1
262357	317620	1
262357	899070	1
262357	95540	1
899061	273520	1
899061	1353204	1
644142	56052	1
644142	246536	1
644142	279922	1
644142	910913	1
1054895	56052	1
1054895	202191	1
1054895	279922	1
1054895	44309	1
1054895	2429519	1
32208	205525	1
32208	26955	1
32208	784747	1
32208	32210	1
32208	957131	1
32208	97544	1
4637417	32197	1
4637417	97544	1
4637417	26955	1
4637417	205525	1
1036828	1353166	1
1036828	211158	1
1036828	1354230	1
228415	32201	1
228415	51671	1
211158	833768	1
211158	1354230	1
211158	419422	1
211158	899066	1
211158	317620	1
211158	1353114	1
899063	899066	1
899070	1353166	1
899070	317620	1
899070	273520	1
899070	1491379	1
272121	177078	1
272121	281986	1
272121	933279	1
272121	108870	1
272121	16375	1
272121	359632	1
272121	202191	1
272121	147902	1
272121	2429519	1
548225	56052	1
548225	2213246	1
548225	202191	1
548225	16375	1
548225	259769	1
548225	322529	1
548225	780796	1
120312	254976	1
423099	256558	1
32201	51671	1
32201	228408	1
32201	395816	1
32201	395814	1
32201	32207	1
32201	109661	1
32201	32181	1
32201	98149	1
32201	1770847	1
32201	191285	1
32201	210387	1
32201	32200	1
32201	1797546	1
56052	246536	1
56052	281474	1
56052	312278	1
56052	321044	1
56052	736768	1
56052	603179	1
56052	2213246	1
56052	1786015	1
56052	259769	1
246536	281986	1
246536	177078	1
246536	1786015	1
246536	96037	1
246536	603179	1
44306	44314	3
44306	61114	1
44314	61117	1
279922	177078	1
279922	281986	1
279922	202191	2
279922	96037	1
279922	933279	1
279922	910913	1
279922	736768	1
279922	259769	2
279922	704625	1
279922	603179	1
279922	780796	1
279922	16375	1
279922	824459	1
279922	272120	1
279922	2429519	1
279922	44309	1
279922	147902	1
279922	659911	1
359632	281474	1
359632	933279	1
359632	910913	1
359632	177078	1
359632	736768	1
359632	322529	1
359632	824459	1
359632	16375	1
177078	321044	1
177078	312278	1
177078	820900	1
259769	281986	1
259769	704625	1
259769	351419	1
910913	96037	1
933279	281986	1
933279	281474	1
933279	603179	1
820900	281986	1
820900	736768	2
820900	108870	1
820900	603179	1
820900	515885	1
820900	202191	1
820900	16375	1
60492	308465	1
1353204	1353114	1
1353204	1354230	1
281986	202191	1
1016358	166793	1
1016358	328853	1
1016358	863751	1
1016358	1327402	1
1016358	32202	1
1016358	621483	1
1246568	328853	1
1246568	1496904	1
419422	115798	1
419422	177584	1
419422	207945	1
419422	32190	1
833768	1353114	1
1354230	1353108	1
656335	278654	2
1252006	278656	1
1252006	278654	1
32195	234890	1
32195	1673569	1
32195	227874	1
32195	622895	1
32195	32180	1
32195	177344	1
32195	115467	1
32195	446295	1
32195	868168	1
32195	227870	1
32195	76028	1
234890	113428	1
234890	119484	1
234890	26955	1
234890	868168	1
234890	32180	1
234890	294480	1
234890	76028	1
16406	6181511	1
16406	6181509	1
16406	6181506	1
16406	111201	1
16406	266349	1
6181511	266349	1
6181511	111201	1
384185	293477	1
384185	108565	1
411946	83904	1
411946	55080	1
411946	413568	1
32199	318052	1
32199	32190	1
32199	457732	1
32199	603338	1
32199	119084	1
32199	880083	1
32199	190370	1
32199	269999	1
32199	270000	1
32199	465884	1
32199	193936	1
318052	219565	1
318052	208633	1
321044	281474	1
603179	96037	1
603179	16375	1
35303	736829	1
35303	1789473	1
35303	61114	1
35303	757450	1
35303	757449	1
44313	852242	1
44313	711613	1
44313	1198930	1
44313	593880	1
44313	1988760	1
44313	8571	1
44313	61486	1
347268	1256099	1
347268	95539	2
368787	824459	1
368787	351419	1
368787	515885	1
368787	659883	1
26955	97544	1
26955	646136	1
26955	646137	1
26955	646135	1
26955	328853	1
26955	1099152	1
26955	304968	1
26955	539813	1
26955	624405	1
26955	32196	1
26955	312208	1
26955	208633	1
26955	387994	1
26955	234422	1
26955	868168	1
26955	115467	1
26955	32202	1
26955	1051386	1
26955	32190	1
26955	76028	1
26955	119484	1
26955	622895	1
26955	294480	1
26955	227870	1
26955	91504	1
26955	619851	1
26955	205525	1
205525	32197	1
205525	619851	1
1234493	1353108	1
1353108	449204	1
1786015	515885	1
83904	90541	1
83904	55080	1
83904	259352	1
83904	256053	1
83904	201571	1
83904	570542	1
83904	11012	1
266349	289231	1
266349	111201	1
312278	2213246	1
177340	899517	1
177340	76028	1
177340	207945	1
899517	76028	1
600884	32190	1
600884	457732	1
600884	119084	1
600884	187066	1
603338	219565	1
603338	32190	1
1353114	317620	1
96037	281474	1
32197	784747	1
308465	369747	1
1496904	621480	1
1496904	32202	1
1496904	621485	1
1496904	621481	1
1817820	328853	1
1817820	32202	1
32202	621485	2
32202	621483	2
32202	1984367	1
32202	328853	2
32202	115467	1
32202	863751	2
32202	621480	1
32202	166793	2
32202	32180	1
32202	868168	1
32202	32190	1
32202	76028	1
32202	92243	1
32202	1051386	1
32202	294480	1
32202	605779	1
621485	166793	1
32190	208633	1
32190	456210	1
32190	41715	1
32190	219565	1
32190	880083	1
32190	776244	1
32190	456211	1
32190	190370	1
32190	457732	1
32190	76028	2
32190	1046219	1
32190	495002	1
32190	177584	1
32190	258074	1
32190	207390	1
32190	1762555	1
32190	262358	1
32190	623293	1
32190	1236441	1
32190	408938	1
32190	32180	1
32190	446295	1
32190	227870	1
32190	605779	1
32190	115467	1
32190	119484	1
32190	622895	1
32190	868168	1
32190	92243	1
32190	1051383	1
32190	1057001	1
32190	187048	1
32190	184712	1
32190	187051	1
32190	156896	1
32190	184430	1
208633	119084	1
208633	880083	1
76028	207945	1
76028	219565	1
76028	732482	1
76028	957152	1
76028	648954	1
76028	1746742	1
76028	928540	1
76028	2043893	1
76028	32187	1
76028	1871426	1
76028	163993	1
76028	119484	1
76028	177344	1
76028	91504	1
76028	1051383	1
76028	605779	1
76028	269868	1
76028	502814	1
76028	756840	1
76028	200821	1
76028	1378754	1
76028	1876974	1
76028	457732	1
76028	11696	1
76028	925138	1
119084	457732	1
119084	843049	1
119084	368094	1
119084	65645	1
119084	1015193	1
281474	824459	1
281474	322529	1
281474	147902	1
281474	272120	1
465884	269999	1
465884	212000	1
465884	193936	1
465884	270000	1
166793	1984696	1
166793	621480	1
166793	621481	1
91504	1378754	1
91504	925138	1
91504	200821	1
91504	269868	1
91504	1876974	1
91504	11696	1
91504	457732	1
91504	756840	1
91504	502814	1
251877	1045202	1
4742346	370499	1
317620	449204	1
26952	370499	1
26952	1045202	1
26952	292354	1
26952	5371134	1
26952	3419978	1
90541	413568	1
90541	1889434	1
413568	55080	1
51850	110862	1
1984367	621480	1
1984367	1984378	1
1984367	621483	1
621483	621480	1
328853	646136	1
328853	646137	1
328853	621481	1
328853	863751	1
328853	84684	1
958911	289231	1
958911	6181506	1
51671	228408	1
184712	211154	1
184712	184441	1
184712	184439	1
184712	184440	1
184712	1445879	1
184712	156896	2
184712	184430	1
184712	1015193	1
184712	187051	1
184712	1057001	1
184712	684263	1
184712	951131	1
184712	193246	1
184712	187048	1
184712	1397708	1
184712	1397707	1
211154	184439	1
207945	1046219	1
190370	457732	1
190370	881771	1
190370	996740	1
190370	511349	1
621480	621481	1
202191	824459	1
219565	604396	1
153980	410038	1
153980	170355	1
153980	84684	1
153980	18666	1
410038	170355	1
166320	55080	1
457732	32196	1
457732	11696	1
457732	756840	1
457732	269868	1
457732	502814	1
457732	1876974	1
457732	200821	1
457732	1378754	1
457732	925138	1
184440	184439	1
184440	875108	1
184440	4653238	1
184440	484618	1
55080	330618	1
55080	48433	1
55080	8672	1
55080	289040	1
55080	160904	1
55080	1288075	1
55080	301687	1
55080	387647	1
55080	259913	1
55080	47333	1
55080	138572	1
55080	136135	1
184441	184439	1
184441	754761	1
32203	182699	1
32203	808973	1
41715	1576367	1
115467	578743	1
115467	439843	1
115467	113428	1
115467	92243	1
115467	605779	1
115467	177344	1
115467	873334	1
115467	446295	1
115467	643100	1
115467	144321	1
119484	1673569	1
119484	596931	1
119484	95537	1
119484	1051383	1
119484	32180	1
119484	868168	1
119484	92243	1
72234	1314719	1
184430	187051	1
184430	156896	1
184430	187048	1
184430	1057001	1
193246	1015193	1
193246	1397707	1
193246	951131	1
193246	1397708	1
193246	684263	1
18553	989082	1
428424	1617040	1
278654	278656	1
140042	521661	1
220622	240758	1
1432230	1439546	1
1432230	2169627	1
1432230	2228409	1
1432230	1439545	1
1432230	2647681	1
1432230	2356255	1
1432230	1439547	1
1622616	1435045	1
1622616	1439547	1
1622616	2228409	1
1622616	5833517	1
131971	474468	1
462489	939357	1
462489	939358	1
42754	256190	1
154028	32204	1
154028	1132706	1
154028	1043775	1
154029	32204	1
144051	144053	1
32204	755119	1
32192	1055117	1
32192	105466	1
32192	105469	1
32192	32191	1
32192	91511	1
32192	1519916	1
32192	163993	1
32192	378105	1
12550	109662	1
1631446	3318464	1
188810	215379	1
188810	32181	1
188810	32207	1
188810	210387	1
188810	1383481	1
188810	1797546	1
417399	417404	1
417399	417396	1
417399	96400	1
417399	10082	1
417399	260604	1
417399	149789	1
417404	417396	1
417404	97881	1
417404	10082	1
417404	2666	1
1237244	144321	1
1237245	342176	1
1237245	809065	1
442725	712777	1
442725	23165	1
442725	539260	1
95544	254070	1
95544	255804	1
95544	182929	1
95544	254072	1
95544	623293	2
95544	703539	1
254070	8672	1
254070	442174	1
254070	254072	1
254070	182929	1
149789	294411	1
149789	10082	1
149789	417397	1
149789	220594	1
149789	4007643	1
149789	10343	1
149789	2210953	1
149789	245741	1
149789	96400	1
417395	417402	1
417395	10343	1
417395	294410	1
417395	96400	1
417395	10082	1
417395	220594	1
115798	219705	1
115798	1046219	1
115798	258074	1
1055975	1924215	1
1055975	658976	1
1055975	1237250	1
1055975	144321	1
417397	10082	1
417397	96400	1
417397	220594	1
759183	96400	1
759183	2666	1
759183	10082	1
759183	10343	1
759183	97881	1
322529	824459	1
322529	16375	1
3243169	108687	1
3243169	539260	1
3243169	23165	1
3243169	364793	1
417393	2666	1
417393	630841	1
417393	10082	1
417393	220594	1
417402	220594	1
417402	96400	1
417402	10082	1
417402	2666	1
95546	12593	1
95546	1013029	1
95546	375279	1
95546	229566	1
95546	1143370	1
95546	671328	1
95546	765352	1
95546	304973	1
293477	108565	1
12593	108565	1
12593	611219	1
12593	1013029	1
12593	999914	1
12593	251716	1
12593	141103	2
219705	177584	1
219705	1046219	1
8672	254072	1
8672	442174	1
8672	138572	1
8672	47333	1
8672	271392	1
8672	153674	1
8672	48433	1
8672	721567	1
8672	387647	1
8672	259913	1
8672	30122	1
8672	73062	1
8672	289040	1
8672	301687	1
8672	119009	1
8672	330618	1
8672	388185	1
8672	95537	1
8672	299702	1
294411	10343	1
294411	2666	1
3324005	84975	1
3326895	84975	1
342176	658984	1
342176	809065	1
342176	144321	1
342176	610798	1
3775709	1237250	1
3775709	144321	1
142866	433356	1
280177	2666	1
280177	10082	1
280177	417396	1
252447	144954	1
269287	108870	1
269287	261930	1
269287	51857	1
1275923	32196	1
245741	2666	1
245741	294410	1
245741	96400	1
245741	10343	1
245741	10082	1
245741	220594	1
245741	260604	1
417396	96400	1
108870	96033	1
108870	51857	1
108870	51849	1
1146034	1146035	1
1146034	32196	1
1146035	32196	1
258074	177584	1
258074	207390	1
258074	255302	1
258074	3120816	1
258074	3233397	1
258074	3233618	1
258074	2343618	1
1046219	177584	1
1046219	177344	1
658984	144321	1
646136	646137	1
646136	784737	1
646136	3910523	1
609626	495001	1
609626	1237241	1
609626	610798	1
609626	144321	1
108565	1013029	1
108565	375279	1
957223	1357291	1
957223	406150	1
957223	750087	1
957223	957219	1
4229609	2712438	1
10343	1121981	1
10343	630841	1
10343	97881	1
10343	10082	1
10343	96400	1
10343	2666	1
10343	4007643	1
10343	2101713	1
10343	1577736	1
10343	364236	1
10343	210657	1
10343	293746	1
10343	282968	1
10343	209478	1
10343	239930	1
10343	4452	1
10343	124280	1
10343	216726	1
10343	470372	1
10343	219821	1
10343	15118	1
10343	388339	1
10343	243119	1
10343	42191	1
10343	64739	1
1121981	97881	1
1121981	96400	1
1121981	220594	1
1121981	10082	1
97881	294410	1
97881	260604	1
97881	2666	1
97881	220594	1
97881	2210953	1
294410	220594	1
294410	2666	1
294410	10082	1
294410	96400	1
260604	10082	1
260604	2666	1
260604	582474	1
292323	261930	1
292323	548816	1
32187	379513	1
32187	1746742	1
32187	648954	1
32187	163993	1
32187	928540	1
32187	373845	1
32187	92242	1
32187	200821	1
32196	624568	1
32196	828933	1
32196	531461	1
32196	202092	1
32196	539813	1
630841	10082	1
630841	96400	1
356873	101784	1
251716	141103	1
251716	45877	1
96400	10082	1
96400	4007643	1
96400	2666	1
2666	2210953	1
177584	743835	1
1237250	495001	1
1237250	144321	1
220594	10082	1
220594	16127	1
220594	2394222	1
15900	261867	1
15900	268951	1
15900	61499	1
15900	51672	1
15900	560717	1
15900	981629	1
44311	952330	1
44311	2101482	1
44311	1165752	1
44311	474064	1
44311	3384241	1
1237241	809065	1
10082	4007643	1
495002	743835	1
8435	485404	1
8435	1947304	1
712777	148475	1
712777	108687	1
712777	539260	1
712777	2178879	1
113036	2835665	1
113036	2835664	1
113036	2835666	1
113036	767390	1
6079694	2835666	1
101784	434215	1
144321	708238	1
144321	873334	1
144321	643100	1
144321	446295	1
624568	753821	1
624568	531461	1
743835	177344	1
375279	999914	1
375279	1013029	1
177235	386904	1
386904	56675	2
423761	342906	2
423761	56675	2
423761	621178	1
423761	3534492	1
23165	64694	1
214124	2895363	1
1063528	76038	1
1063528	413739	1
539260	2178879	1
539260	11012	1
539260	468154	1
539260	4654	1
539260	468153	1
539260	103064	1
539260	86618	1
2178879	148475	1
1746742	1871426	1
1746742	957152	1
1746742	92242	1
1326222	1326223	1
1439550	2228409	2
1439550	1435045	1
1439550	2731412	1
2228409	1435045	1
2228409	5833517	1
2228409	2647681	1
2228409	2169627	1
2228409	1439547	1
474064	1356336	1
177344	622895	1
177344	32180	1
177344	605779	1
148475	108687	1
1686820	543307	1
361057	2169526	1
2792807	1439546	1
2792807	2531567	1
2792807	2959019	1
780796	833092	1
76038	413739	1
76038	235395	1
76038	1967547	1
22587	197243	1
999914	110387	1
999914	1524329	1
9765	2020215	1
92184	1971210	1
92184	3825204	1
92184	2465042	1
66358	10351	1
66358	15794	1
66358	21764	1
66358	8287	1
304968	1099152	1
7580577	7580578	1
4443403	4443404	1
204371	803615	1
309902	1546415	1
32210	957131	1
47333	301687	1
47333	249829	1
47333	136135	1
47333	30122	1
47333	73062	1
47333	119009	1
47333	48433	1
47333	138572	1
47333	259913	1
47333	160904	1
47333	1288075	1
47333	153674	1
47333	721567	1
255047	798518	1
255047	1288076	1
255047	160904	1
255047	289040	1
255047	138572	1
255047	119009	1
255047	153674	1
255047	259913	1
255047	30122	1
262940	259770	1
262940	273427	1
262940	11012	1
262940	34524	1
262940	266348	1
262940	224329	1
262940	839085	1
262940	273394	1
262940	348565	1
570542	34524	1
570542	266348	1
570542	11012	1
2669376	1094340	1
2669376	2450026	1
4824388	1094340	1
4824388	281518	1
1589140	1986083	1
1589140	115605	3
1589140	1522603	1
1589140	691569	1
1589140	1278118	1
212863	395814	1
212863	395817	1
212863	384856	1
30122	1288076	1
30122	273141	1
30122	136135	1
30122	301687	1
30122	249829	1
30122	1288075	1
30122	387647	1
30122	330618	1
30122	271392	1
30122	138572	1
1288076	289040	1
1288076	73062	1
1288076	138572	1
1288076	136135	1
1288076	160904	1
1288076	119009	1
1288076	271392	1
266407	11012	1
266407	259770	1
266407	34524	1
273427	259770	1
273427	34524	1
273427	259352	1
48433	119009	1
48433	798518	1
48433	387647	1
48433	160904	1
48433	1288075	1
48433	271392	1
48433	259913	1
48433	273141	1
119009	259913	1
119009	160904	1
119009	153674	1
119009	301687	1
119009	138572	1
119009	1288075	1
119009	330618	1
119009	387647	1
119009	73062	1
119009	124280	1
119009	99601	1
119009	18666	1
119009	209478	1
119009	282968	1
119009	358999	1
119009	5049	1
119009	239930	1
119009	4452	1
119009	210657	1
249829	301687	1
249829	721567	1
249829	136135	1
249829	330618	1
249829	798518	1
330618	259913	1
330618	73062	1
201571	266348	1
201571	227461	1
395816	395817	1
34524	266348	1
34524	11012	1
34524	340642	1
34524	602552	1
34524	259770	1
266348	340642	1
266348	11012	1
266348	602552	1
73062	301687	1
73062	259913	1
73062	798518	1
73062	289040	1
73062	273141	1
387647	138572	1
387647	136135	1
271392	798518	1
271392	259913	1
271392	160904	1
60559	1623053	2
1044517	353919	1
153674	160904	1
153674	273141	1
153674	138572	1
160904	1288075	1
160904	798518	1
160904	289040	1
485781	45676	1
798518	259913	1
798518	301687	1
721567	138572	1
1288075	301687	1
1288075	138572	1
3061959	281518	1
4824464	1094340	1
602552	340642	1
602552	259770	1
602552	11012	1
439843	262358	1
439843	91509	1
585579	227461	1
585579	10360	1
259352	259770	1
259352	202497	1
1833074	716921	1
1833074	685014	1
261930	358629	1
261930	457608	1
350933	1232709	1
1060954	433723	1
345477	1232709	1
353791	1402419	1
2450026	4841415	1
4841415	2450028	1
1833073	685014	1
421447	2450028	1
421447	341739	1
1315380	281518	1
289040	138572	1
289040	273141	1
3018984	3404805	1
200821	1159514	1
200821	92242	1
200821	957152	1
200821	625542	1
200821	87906	1
200821	502814	1
200821	1876974	1
200821	925138	1
200821	756840	1
200821	1378754	1
200821	269868	1
200821	11696	1
45676	567653	1
45676	1546415	1
45676	344941	1
138572	136135	1
340642	11012	1
11012	468154	1
11012	4654	2
11012	284253	1
11012	291337	1
11012	426655	1
11012	468153	1
11012	144998	1
11012	393500	1
11012	104958	1
108566	227875	1
108566	732482	1
259913	136135	1
148227	815286	1
148227	469026	1
2934363	2096278	1
4974238	4974240	1
1317836	1317839	1
1317839	1317837	1
593729	2284577	1
2284579	593731	1
80156	7705826	1
9297	957131	1
1268013	1650986	1
548816	457608	1
2117752	2717028	1
358629	51849	1
977708	1232708	1
977708	1309244	1
3583311	2955805	1
1232709	1212526	1
2284577	593731	1
1094340	2450028	1
732482	110593	1
51855	2136262	1
652720	1833076	1
281518	2450028	1
237741	896338	1
535117	1558921	1
535117	224223	1
1558920	224223	1
240755	154396	1
1877095	91509	1
227875	725143	1
95537	2602394	1
95537	567511	1
95537	671328	1
95537	1143370	1
95537	765352	1
95537	1642905	1
95537	192325	1
95537	1143295	1
95537	272275	1
51857	48275	1
115605	1055021	1
115605	691569	1
115605	1522603	1
115605	1278118	1
262358	1930990	1
262358	903854	1
844737	4395491	1
7209	32181	1
32181	1318761	1
32181	3875910	1
32181	32207	2
32181	109661	1
32181	32200	1
32181	1797546	1
32181	1770847	1
32181	191285	1
32181	98149	1
32181	4654	1
6708	803722	1
6708	803728	1
344428	518192	1
164971	845772	1
164971	845765	1
164971	124405	1
164971	1168035	1
164971	874184	1
164971	409757	1
164971	215511	1
164971	280969	1
93174	504727	1
230788	368085	1
1303711	130243	1
1303711	1777178	1
15150	253098	1
526574	1078170	1
526574	4469376	1
45765	45766	1
334601	812596	1
92623	286086	1
1357291	957219	1
1357291	957222	1
468154	554446	1
468154	4654	1
468154	104958	1
468154	468153	1
554446	4654	1
554446	86618	1
554446	103064	1
291337	4654	1
291337	144998	1
291337	426655	1
291337	86618	1
291337	103064	1
291337	468153	1
291337	104958	1
291337	170358	1
393500	170358	1
393500	468153	1
393500	4654	1
393500	144998	1
578727	95540	1
578727	703539	1
578727	1236441	1
426655	103064	1
468153	86618	1
468153	240248	1
468153	144998	1
468153	4654	1
468153	297533	1
1777178	130243	1
86618	170358	1
86618	284253	1
86618	144998	1
86618	4654	1
86618	103064	1
725144	573116	1
304095	784738	1
6767415	6767416	1
6767415	4238966	1
323414	696503	1
309900	560717	1
309900	61499	1
309900	51672	1
361418	1736801	1
361418	981629	1
361418	51672	1
957219	750087	1
368085	130243	1
368085	4161878	1
538197	130243	1
51672	61499	1
51672	981629	1
61499	1736801	1
61499	981629	1
104958	4654	1
784737	202092	1
784737	3910523	1
5668	227036	1
5668	17589	1
5668	94874	1
18985	17589	1
18985	227036	1
4654	297533	1
4654	284253	1
4654	107701	2
4654	57103	1
4654	212215	1
4654	377139	1
4654	270225	1
4654	643509	1
4654	5017	1
4654	311234	1
4654	833560	1
4654	837575	1
4654	420011	1
4654	837600	1
4654	281455	1
4654	12686	1
4654	424576	1
4654	526593	1
4654	703268	1
4654	852386	1
4654	163585	1
4654	834577	1
4654	136184	1
4654	279942	1
4654	170356	1
240248	170358	1
240248	103064	1
335785	874561	1
335785	3865	1
335785	872312	1
335785	59407	1
676918	436852	1
676918	1691533	1
676918	800183	1
676918	651836	1
676918	1413106	1
676918	326247	1
676918	800256	1
296823	1300364	1
7262187	10081	1
7262187	7262188	1
10081	7262188	1
10081	2783572	1
10081	6165918	1
10081	5455066	1
703539	1236441	1
95540	623293	1
7514704	7514706	1
7514705	347438	1
206281	1050151	1
342906	56675	2
342906	5736726	1
342906	621178	1
342906	3534492	1
7012159	3406514	1
3406514	347438	1
48275	51849	1
48275	471592	1
48275	57521	1
48275	253111	1
184432	187065	1
2602393	231413	1
2602393	2602394	1
297994	2817436	1
32200	3875910	1
32200	191285	1
32200	1770847	1
32200	109661	1
32200	1797546	1
32200	98149	1
32200	210387	1
1318761	32207	1
1462476	256132	1
2735388	347438	1
2735388	5748629	1
297533	144998	1
567511	231413	1
5748629	4411904	1
780238	187066	1
170358	103064	1
4238966	6767416	1
144998	103064	1
144998	416785	1
395176	593645	1
31759	2227171	1
231413	2602395	1
202092	624405	1
525147	252998	1
525147	745929	1
32207	98149	1
32207	191285	1
32207	1797546	1
32207	3347063	1
8575	957238	1
1377229	91815	1
1377229	5017	1
510516	4473972	1
309857	130243	1
418871	550701	1
353919	1482320	1
2602395	304973	1
623293	584628	1
304973	1143370	1
240219	411280	1
628737	1200940	1
628737	1377315	1
628737	1113596	1
628737	1668356	1
628737	2452765	1
628737	2122600	1
65645	837348	1
65645	268962	1
65645	843049	1
65645	368094	1
65645	1015193	1
35328	2219395	2
573116	778532	1
406150	750087	1
56675	810077	1
56675	954672	1
56675	5900084	1
56675	621180	1
56675	2983394	1
56675	621178	1
56675	3534492	1
17589	227036	1
166534	812596	1
1200940	2457407	1
1200940	1377315	1
104514	774486	1
159616	413766	1
1963662	1027800	1
679507	3164466	1
253245	22946	1
253245	423436	1
312208	22946	1
97664	359000	1
97664	1899824	1
61114	384770	2
342540	342542	1
209415	544860	1
209415	18978	1
51852	1495693	1
51852	935769	1
51852	606315	1
51852	130588	1
51852	559060	1
307036	812643	1
112154	1481693	1
112154	223235	1
14632	184711	1
184711	616463	1
184711	156896	1
184711	397605	1
184711	2111957	1
544852	1966350	1
314292	322007	1
2923672	5732591	1
2923672	4145589	1
2923672	5556006	1
5556006	4145589	1
97532	177817	1
177817	258128	1
990454	2120484	1
728547	4902527	1
4902526	4902523	1
820851	5973100	1
1080896	4902527	1
2266632	755887	1
1613932	4146687	1
4511474	4146687	1
147754	2081227	1
147754	369975	1
147754	311028	1
147754	1157758	1
560038	947279	1
560038	1084383	1
4902523	4902524	1
4902525	328464	1
4902525	4902527	1
4902525	845783	1
542503	1059683	1
542503	347276	1
5885076	1059683	1
5885076	744558	1
5885076	347276	1
5885076	506824	1
699448	947279	1
699448	79409	1
2081227	79409	1
2081227	369975	1
369975	1084383	1
369975	311028	1
369975	1157758	1
369975	220359	1
369975	1673479	1
369975	271005	1
1084383	2146895	1
1084383	220359	1
1482320	1842048	1
2872416	1842049	1
2872416	1095398	1
2872416	1842048	1
666098	3134430	1
147902	2429519	1
4136855	240780	1
4511468	4511473	1
4511468	4511476	1
2146895	79409	1
367935	744558	1
367935	148406	1
2035499	317295	1
2035499	347276	1
191285	210387	1
191285	1797546	1
191285	1770847	1
191285	1383481	1
210387	109661	1
210387	1797546	1
130577	2042696	1
130577	1862030	1
130577	546336	1
44312	833092	1
44312	1827976	1
44312	486770	1
833092	2089534	1
833092	710043	1
833092	156382	1
1919102	486770	1
1919102	156382	1
1919102	1827976	1
1232622	738010	1
1232622	501981	1
98149	109661	1
98149	1770847	1
271005	311028	1
271005	220359	1
754761	754759	1
255302	2343618	1
255302	84684	1
148406	317295	1
148406	347276	1
220359	4996905	1
220359	79409	1
84684	3233618	1
84684	3120816	1
84684	605745	1
84684	18666	1
1132706	1043775	1
1132706	829980	1
808973	261932	1
2671063	4902524	1
2671063	328464	1
311028	4996905	1
311028	1673479	1
2089534	486770	1
3120816	605745	1
109661	1797546	1
109661	1770847	1
4511473	4511470	1
928490	39885	1
44309	832426	1
44309	272120	1
832426	272120	1
3233925	4059439	1
69866	947279	1
69866	492344	1
156382	250334	1
156382	486770	1
156382	1827976	1
181945	2855121	1
181945	1324771	1
4511476	4146687	1
250334	486770	1
843049	368094	1
843049	1015193	1
4511470	4146687	1
637162	656398	1
325949	3501041	1
506824	317295	1
317295	347276	1
1435045	1439545	1
1435045	2169627	1
1435045	2738304	1
1435045	2736942	1
1435045	5833517	1
1435045	2731412	1
1435045	1439547	1
1435045	2749693	1
1435045	4591691	1
1435045	4591692	1
1435045	7090273	1
1435045	2731854	1
662136	430617	1
105466	91511	1
486770	1827976	1
486770	131042	1
5017	8576	1
5017	154858	1
5017	4651263	1
5017	80126	1
5017	136184	1
5017	420011	1
5017	837600	1
5017	526593	1
5017	703268	1
5017	12686	1
5017	852386	1
5017	837575	1
5017	170356	1
5017	163585	1
5017	833560	1
5017	311234	1
5017	281455	1
5017	279942	1
5017	834577	1
5017	424576	1
8576	8578	1
1059683	347276	1
138771	1532136	1
947279	1558112	1
947279	328798	1
947279	1587018	1
947279	1166143	1
947279	460925	1
947279	370432	1
754648	776853	1
754648	4136857	1
39768	269324	1
39768	322819	1
269324	304936	1
1901128	347276	1
2221941	2221942	1
6541426	785699	1
2216124	1789473	1
149420	606619	1
18666	20991	1
18666	282968	1
18666	239930	1
18666	816783	1
18666	4452	1
18666	5049	1
387994	234422	1
39885	523633	1
234874	2124823	1
736695	924392	1
604396	465982	1
423436	472611	1
1330031	4959405	1
234869	403580	1
344875	345832	1
344875	122458	1
32191	231641	1
32191	87906	1
32191	105469	1
32191	54466	1
87814	252391	1
87814	177651	1
87814	20953	1
87814	37413	1
185741	112961	1
749315	749316	1
227473	2234306	1
784740	296745	1
3452	14898	1
14898	49609	1
14898	49530	1
14898	301280	1
14898	238359	1
14898	82735	1
14898	179059	1
14898	94538	1
14898	8816	1
14898	85762	1
14898	97073	1
14898	16127	1
14898	74210	1
14898	7154	1
14898	41249	1
14898	84795	1
14898	30721	1
222379	1969087	1
222379	10360	1
128516	339220	1
676363	6716002	1
2555648	2555649	1
1504892	174249	1
1504892	594422	1
124280	99601	1
124280	209478	1
124280	282968	1
124280	210657	1
124280	239930	1
124280	5049	1
124280	364236	1
124280	358999	1
216726	293746	1
216726	4452	1
216726	210657	1
216726	5049	1
471033	764902	1
210657	99601	1
210657	209478	1
210657	5049	1
210657	816783	1
926408	184431	1
926408	430553	1
3053108	430553	1
3053108	3053107	1
373845	625542	1
373845	163993	1
364236	282968	1
364236	239930	1
364236	4452	1
364236	5049	1
833240	3865	1
833240	1020492	1
59407	3865	1
59407	1020492	1
59407	872312	1
59407	17545	1
874561	1020492	1
874561	3865	1
336054	745920	1
336054	252998	1
336054	200814	1
745929	252998	1
616463	430553	1
616463	184431	1
616463	2360756	1
616463	156896	2
616463	3053106	1
200814	252998	1
200814	571761	1
200814	1424246	1
6683028	6683025	1
1871426	92242	1
1439545	2731412	1
1439545	2169627	2
130580	3526344	2
130580	61615	1
130580	3526345	1
252998	571761	1
252998	1424246	1
252998	833851	1
745920	571761	1
619557	753013	1
156896	3053106	1
156896	2360753	1
156896	2360756	1
156896	3053107	1
156896	430553	1
156896	1445879	1
156896	484618	1
156896	187048	1
156896	187051	1
156896	1057001	1
2360754	2360756	1
560240	288238	1
560240	508959	1
793727	288238	1
508959	559060	2
508959	606319	1
508959	443327	1
508959	606315	1
508959	2570473	1
508959	1178489	1
508959	288238	1
508959	1180453	1
508959	881363	1
508959	1180452	1
559060	288238	1
559060	881363	1
559060	1180452	1
559060	1178489	1
559060	606315	1
559060	130588	1
559060	1180453	1
559060	935769	1
559060	2570473	1
257353	3865	1
130575	355859	1
130575	61483	1
130575	288207	1
130575	315793	1
130575	328191	1
355859	61483	1
355859	1172267	1
131046	15809	2
131046	15807	2
131046	131040	1
131046	15808	1
131046	131042	1
131047	131049	2
131047	131050	1
131047	131041	1
131047	15807	1
131047	15808	1
283469	584628	1
957152	92242	1
957152	648954	1
5049	209478	1
5049	816783	1
5049	239930	1
5049	4452	1
5049	293746	1
5049	99601	1
209478	99601	1
2360756	184431	1
2360756	3053107	1
3053106	630957	1
32205	1876975	1
32205	4017487	1
32205	91565	1
32205	91568	1
32205	91570	1
293746	4452	1
816783	4452	1
1464306	61615	1
6942710	6942709	1
4374863	267345	1
131042	15807	1
131042	15809	1
131042	131040	1
184431	430553	1
630957	2360753	1
648954	928540	1
15809	131048	1
15809	131049	2
15809	131289	1
15809	131041	1
15809	131040	1
15809	131050	1
892386	892387	1
892387	927478	1
358999	99601	1
358999	239930	1
397605	2360753	1
2043893	92242	1
1229427	4017487	1
1421378	3865	1
1421378	17545	1
2111957	430553	1
15807	131048	2
15807	131040	2
15807	131049	1
15807	131041	1
15807	15808	1
15807	131050	1
15807	131289	1
131048	15808	1
45646	8287	1
45646	21764	1
45646	10351	1
872312	1070057	1
872312	3865	1
1020492	3865	1
1020492	1070057	1
273983	422969	1
273983	315793	1
772181	61483	1
92242	625542	1
92242	928540	1
6683027	6683025	1
6683027	267345	1
17545	3865	1
928540	163993	1
422969	61483	1
422969	410747	1
282968	239930	1
261941	10351	1
261941	8287	1
267345	6683026	1
1424239	1424246	1
823887	443327	1
823887	288238	1
61483	328191	1
622895	227870	1
622895	868168	1
622895	92243	1
2169627	2647681	1
2169627	7090273	1
2169627	1439547	1
2169627	1439546	1
2169627	2736942	1
2169627	2731854	1
2169627	2749693	1
4048370	4048371	1
3404804	480033	1
256779	256780	1
256779	29855	1
256779	10360	1
256780	256778	1
256780	254007	1
256780	99472	1
256780	10360	1
62837	64836	1
288238	606319	1
288238	606315	1
288238	881363	1
288238	2570473	1
288238	1180452	1
288238	1180453	1
288238	1178489	1
648105	606315	1
648105	443327	1
163993	378105	1
163993	1519916	1
1528489	1984495	1
604144	198223	1
778873	328133	1
8287	15794	1
8287	21764	1
10351	119589	1
1826965	2092189	1
6683025	615978	1
131040	131049	1
29855	10360	1
29855	256778	1
29855	49644	1
1462715	2084646	1
1113579	776857	1
606315	1178489	1
606315	935769	1
606315	881363	1
606315	1180452	1
606315	130588	1
606315	2570473	1
606315	1180453	1
104916	488196	1
84643	182998	1
84643	4396066	1
84643	351119	1
84643	1136966	1
84643	1728735	1
84643	887840	1
84643	1363954	1
84643	311510	1
84643	168903	1
84643	62643	1
84643	1089933	1
84643	100039	1
84643	45102	1
84643	2987434	1
57946	286465	1
606319	443327	1
10360	254007	1
10360	49644	1
10360	256778	1
10360	99472	1
10360	257120	1
10360	256777	1
10360	227461	1
10360	256781	1
10360	256782	1
430553	2360753	1
227475	1843969	1
1691533	800183	1
1691533	1413106	1
1691533	436852	1
1691533	800256	1
1691533	326247	1
1691533	651836	1
99472	256792	1
131049	15808	1
130591	2499641	1
254007	256778	1
254007	256792	1
311963	894994	1
256778	256777	1
2731411	600768	1
1362492	1007492	1
1362492	1245270	1
776857	646883	1
776857	1245270	1
1756597	5705	1
64791	100519	1
100519	191271	1
100519	5079539	1
100519	451534	1
436852	651836	1
436852	800183	1
436852	1413106	1
436852	800256	1
436852	326247	1
800256	651836	1
800256	326247	1
800256	1413106	1
800256	800183	1
637110	146256	1
909193	146256	1
634	40226	1
149048	1174706	1
470095	2020090	1
14045	322459	1
80122	67331	1
80122	2735682	1
80122	461384	1
172760	1234517	1
1877098	2560124	1
391	65145	1
182998	525078	1
29827	773195	1
617133	36622	1
617133	754128	1
92243	294480	1
92243	227870	1
92243	446295	1
92243	868168	1
1051386	32180	1
1051386	294480	1
2026451	813225	1
2560124	2560125	1
32180	868168	1
32180	294480	1
32180	605779	1
32180	227870	1
32180	446295	1
2096274	2096279	1
97072	427397	1
97072	37413	1
97072	64664	1
97072	410595	1
427397	64664	1
427397	20953	1
91565	91569	1
131289	15808	1
2149033	1164784	1
2149033	295535	1
235979	2636723	1
235979	153073	1
235979	1815458	1
393499	144079	1
707382	247002	1
656293	295535	1
1711347	295535	1
1377315	2452765	1
1377315	2122600	1
1377315	1668356	1
91567	91570	1
91567	91569	1
1413588	1413587	1
1413588	1413590	1
1413588	1266524	1
1413588	4846774	1
1413588	2155427	1
1413588	1413589	1
1413588	1595977	1
1413589	1266524	1
1413589	1413587	1
1413589	4846774	1
1413589	1595977	1
1413589	393414	1
1413589	1632777	1
1413589	1413590	1
1413589	528641	1
1413589	765072	1
1413589	2155427	1
1413589	2126761	1
5087	822048	1
5736726	621180	1
144079	328758	1
536570	2286907	1
536570	247002	1
295535	4225809	1
295535	3934064	1
4225809	2075475	1
290483	2286907	1
290483	986438	1
1739246	1164784	1
2037802	2121816	1
2121816	2367009	1
2121816	607491	1
1051383	446295	1
1413590	1266524	1
1413590	1413587	1
1413590	765072	1
1413590	393414	1
1413590	1595977	1
1413590	2126761	1
1413590	528641	1
1413590	2155427	1
1413590	4846774	1
1413590	1632777	1
2155427	1266524	1
2155427	4846774	1
2155427	1413587	1
2155427	1595977	1
219822	519728	1
219822	175776	1
219822	1110350	1
219822	1677206	1
219822	420011	1
219822	125101	1
219822	86094	1
219822	711657	1
219822	468102	1
219822	1741193	1
219822	82730	1
219822	912577	1
219822	264304	1
219822	3722164	1
1294287	1046058	1
191271	5079539	1
191271	1781229	1
191271	926682	1
560182	2039966	1
887840	1136966	1
13774	830694	1
13774	894994	1
13774	1317707	1
830694	1317707	1
446295	643100	1
446295	873334	1
1046058	2075475	1
1529524	925650	1
1266524	1595977	1
1266524	4846774	1
1266524	1413587	1
1413587	1387175	1
1413587	1595977	1
1413587	765072	1
1413587	393414	1
1413587	528641	1
1413587	1632777	1
1413587	2126761	1
2356257	4591691	1
2356257	1439547	1
2356257	4004626	1
91569	91566	1
926682	451534	1
41408	728829	1
41408	252611	1
41408	474083	1
728829	343725	1
235031	235032	1
235032	235033	1
20953	410595	1
20953	37413	1
157068	1012093	1
107701	57103	2
107701	83723	1
135912	262710	1
4205	15681	1
4205	1480462	1
4205	2097630	1
4205	721825	1
4205	41081	1
4205	41085	1
1444019	247002	1
582474	195812	1
607491	2039966	1
483314	351119	1
483314	1728735	1
17399	28889	1
37413	410595	1
577434	12589	1
1068139	12589	1
20560	1032445	1
20560	149010	1
105921	27045	1
7698269	7698270	1
1439546	2959019	1
1439546	2531567	1
232503	4675280	1
232503	1123702	1
168842	74890	1
458539	74890	1
57103	887940	1
859355	3066172	1
859355	2239151	1
252611	474083	1
6270	636433	1
6270	400352	1
6270	1707193	1
6270	110987	1
6270	112961	1
6270	555295	1
6270	19502	1
6270	319978	1
215582	384584	1
14051	151461	1
503123	2914329	1
322459	439912	1
322459	1120631	1
1526298	1526299	1
1526298	1876041	1
1526298	1876042	1
1526299	1876041	1
1526299	1876042	1
468102	420011	1
468102	711657	1
468102	86094	1
468102	519728	1
468102	125101	1
468102	1741193	1
468102	264304	1
468102	175776	1
468102	912577	1
468102	1110350	1
468102	1677206	1
468102	3722164	1
1677206	519728	1
1677206	86094	1
1677206	264304	1
1677206	420011	1
1677206	3722164	1
1677206	1741193	1
1677206	1110350	1
1677206	711657	1
1677206	82730	1
1677206	175776	1
1677206	125101	1
1677206	912577	1
28384	456531	1
28384	86101	1
29237	1108657	1
552466	297911	1
1258974	1545570	1
181909	1185853	1
1185853	886020	1
17963	369581	1
17963	455014	1
17963	1350757	1
17963	1350756	1
17963	518553	1
528641	598754	1
528641	765072	1
528641	525078	1
528641	1632777	1
528641	393414	1
528641	1595977	1
528641	2126761	1
598754	364569	1
16127	49605	1
16127	49530	1
16127	85762	1
16127	7154	1
16127	49609	1
16127	179059	1
16127	712040	1
16127	30721	1
16127	82735	1
16127	74210	1
16127	97073	1
16127	301280	1
16127	94538	1
16127	41249	1
16127	238359	1
16127	8816	1
16127	2015348	1
16127	84795	1
51846	51847	1
82355	232531	1
255680	1031483	1
265284	315775	1
77031	384596	1
174459	332599	1
112961	110987	1
76040	185662	1
80117	1697035	1
1697035	1697036	1
2439207	2439209	1
2439207	2439208	1
2439207	2439203	1
2439207	2439206	1
2439207	2439200	1
2439207	2439211	1
2439207	2439210	1
2439207	2439205	1
2439207	2439201	1
2439207	543304	1
2439207	2439213	1
2439207	2439204	1
2439209	2439211	1
2439209	2439206	1
2439209	2439200	1
2439209	2439204	1
2439209	2439208	1
2439209	2439203	1
2439209	2439213	1
2439209	2439210	1
2439209	2439201	1
2439209	543304	1
2439209	2439205	1
852242	8571	1
852242	61486	1
852242	1198930	1
852242	593880	1
852242	4850998	1
852242	711613	1
852242	1988760	1
691569	1522603	1
5705	30725	1
5705	174890	1
444354	1095711	1
444354	1095710	1
444354	1954763	1
1095711	1954763	1
1095711	1095710	1
479265	2734259	1
479265	60916	1
479265	3590210	1
479265	63150	1
479265	296495	1
479265	60917	1
479265	55140	1
479265	367237	1
479265	1003643	1
479265	346505	1
479265	384410	1
479265	1017173	1
479265	317156	1
2734259	63150	1
2734259	296495	1
2734259	60917	1
2734259	1003643	1
2734259	367237	1
2734259	55140	1
2734259	346505	1
2734259	384410	1
2734259	1017173	1
2734259	317156	1
2734259	60916	1
2734259	3590210	1
79085	205191	1
125101	519728	1
125101	912577	1
125101	264304	1
125101	1741193	1
125101	1110350	1
125101	420011	1
125101	3722164	1
125101	175776	1
125101	711657	1
125101	86094	1
125101	82730	1
519728	3722164	1
519728	1741193	1
519728	82730	1
519728	420011	1
519728	912577	1
519728	711657	1
519728	264304	1
519728	175776	1
519728	1110350	1
519728	86094	1
1065719	1424613	1
1065719	161272	1
1424613	161272	1
2439203	2439206	1
2439203	2439210	1
2439203	2439208	1
2439203	2439213	1
2439203	543304	1
2439203	2439204	1
2439203	2439200	1
2439203	2439201	1
2439203	2439211	1
2439203	2439205	1
2439206	2439205	1
2439206	543304	1
2439206	2439210	1
2439206	2439200	1
2439206	2439208	1
2439206	2439201	1
2439206	2439211	1
2439206	2439213	1
2439206	2439204	1
875108	4653238	1
875108	471450	1
270795	334509	1
270795	468108	1
270795	438870	1
334509	468108	1
334509	438870	1
311234	837600	1
311234	136184	1
311234	526593	1
311234	703268	1
311234	833560	1
311234	420011	1
311234	834577	1
311234	281455	1
311234	279942	1
311234	837575	1
311234	852386	1
311234	424576	1
311234	170356	1
311234	163585	1
837600	136184	1
837600	420011	1
837600	833560	1
837600	12686	1
837600	163585	1
837600	837575	1
837600	170356	1
837600	279942	1
837600	526593	1
837600	281455	1
837600	424576	1
837600	834577	1
837600	703268	1
837600	852386	1
86549	1157602	1
86549	1215915	1
86549	172763	1
86549	1157605	1
86549	41081	1
86549	1157603	1
86549	1155779	1
86549	1156566	1
86549	453875	1
86549	174890	1
86549	1157394	1
86549	1157604	1
86549	2266	1
86549	1157606	1
1157602	453875	1
1157602	174890	1
1157602	1157604	1
1157602	1156566	1
1157602	41081	1
1157602	2266	1
1157602	1155779	1
1157602	1157605	1
1157602	1157603	1
1157602	1157394	1
1157602	172763	1
1157602	1157606	1
1157602	1215915	1
86094	1741193	1
86094	121234	1
86094	82730	1
86094	264304	1
86094	175776	1
86094	912577	1
86094	1110350	1
86094	711657	1
86094	3722164	1
86094	420011	1
1741193	711657	1
1741193	264304	1
1741193	82730	1
1741193	912577	1
1741193	3722164	1
1741193	420011	1
1741193	175776	1
1741193	1110350	1
1397707	1397708	1
1397707	951131	1
1397707	1015193	1
1397708	684263	1
1397708	951131	1
1397708	1015193	1
940460	1044053	1
940460	371652	1
940460	940459	1
940460	1044055	1
940460	354377	1
940460	940455	1
940460	1044052	1
940460	407769	1
1044053	407769	1
1044053	1044052	1
1044053	940459	1
1044053	371652	1
1044053	940455	1
1044053	1044055	1
1044053	354377	1
1215915	453875	1
1215915	41081	1
1215915	1157605	1
1215915	1157603	1
1215915	2266	1
1215915	1155779	1
1215915	1157394	1
1215915	1157606	1
1215915	172763	1
1215915	1156566	1
1215915	174890	1
1215915	1157604	1
516431	2919565	1
516431	2919566	1
516431	3756052	1
516431	2117328	1
516431	2919564	1
516431	4372291	1
516431	2919560	1
516431	2919563	1
516431	1355620	1
516431	2919568	1
516431	2919561	1
516431	2919567	1
516431	6151665	1
516431	1355606	1
2919565	3683284	1
2919565	3756052	1
2919565	1355620	1
2919565	2919567	1
2919565	1355606	1
2919565	2919566	1
2919565	2919563	1
2919565	2919564	1
2919565	2117328	1
2919565	4372291	1
2919565	2919560	1
2919565	6151665	1
2919565	2919561	1
2919565	2919568	1
12686	852386	1
12686	837575	1
12686	281455	1
12686	170356	1
12686	420011	1
12686	833560	1
12686	703268	1
12686	834577	1
12686	3722164	1
12686	526593	1
12686	136184	1
12686	163585	1
12686	279942	1
12686	424576	1
852386	833560	1
852386	420011	1
852386	170356	1
852386	281455	1
852386	136184	1
852386	703268	1
852386	163585	1
852386	837575	1
852386	424576	1
852386	526593	1
852386	834577	1
852386	279942	1
802631	1671139	1
802631	802633	1
802631	332764	1
802631	1671138	1
802631	802635	1
802631	802634	1
1671139	802633	1
1671139	802634	1
1671139	332764	1
1671139	802635	1
1671139	1671138	1
619083	1372829	1
619083	1372828	1
619083	1371662	1
1372829	1372828	1
1372829	1371662	1
49530	74210	1
49530	82735	1
49530	30721	1
49530	238359	1
49530	84795	1
49530	41249	1
49530	179059	1
49530	49609	1
49530	7154	1
49530	97073	1
49530	8816	1
49530	85762	1
49530	301280	1
49530	94538	1
74210	8816	1
74210	85762	1
74210	30721	1
74210	301280	1
74210	41249	1
74210	179059	1
74210	49609	1
74210	94538	1
74210	84795	1
74210	238359	1
74210	97073	1
74210	7154	1
74210	82735	1
59556	82738	1
59556	440817	1
59556	535043	1
59556	37420	1
59556	2458921	1
59556	263824	1
59556	323172	1
59556	202924	1
59556	1324637	1
82738	323172	1
82738	440817	1
82738	37420	1
82738	199497	1
82738	535043	1
82738	202924	1
82738	263824	1
82738	42195	1
323172	440817	1
323172	263824	1
323172	950650	1
323172	535043	1
323172	29936	1
323172	37420	1
323172	202924	1
323172	115409	1
800183	326247	1
800183	651836	1
800183	1413106	1
684263	951131	1
684263	1015193	1
1383482	1383483	1
1383482	45674	1
1383482	258800	1
1383482	1383484	1
1383482	619530	1
1383482	456102	1
1383482	762654	1
1383482	541632	1
1383483	258800	1
1383483	619530	1
1383483	45674	1
1383483	762654	1
1383483	1383484	1
1383483	456102	1
1383483	541632	1
136184	281455	1
136184	703268	1
136184	163585	1
136184	833560	1
136184	279942	1
136184	424576	1
136184	834577	1
136184	170356	1
136184	526593	1
136184	837575	1
136184	420011	1
281455	170356	1
281455	703268	1
281455	837575	1
281455	420011	1
281455	833560	1
281455	526593	1
281455	424576	1
281455	834577	1
281455	163585	1
281455	279942	1
703268	837575	1
703268	420011	1
703268	170356	1
703268	424576	1
703268	833560	1
703268	834577	1
703268	163585	1
703268	526593	1
703268	279942	1
837575	279942	1
837575	526593	1
837575	163585	1
837575	424576	1
837575	420011	1
837575	833560	1
837575	834577	1
837575	170356	1
2785954	3514305	1
2785954	1045179	1
2785954	935628	1
2785954	2516293	1
2785954	2729271	1
2785954	157276	1
2785954	199497	1
2785954	1589892	1
3514305	1045179	1
3514305	1589892	1
3514305	2729271	1
3514305	199497	1
3514305	2516293	1
3514305	935628	1
3514305	157276	1
32497	492260	1
32497	6599192	1
32497	6599196	1
32497	7299839	1
32497	6473204	1
32497	6599193	1
32497	84675	1
32497	424047	1
32497	6599194	1
32497	6599195	1
492260	6473204	1
492260	6599195	1
492260	6599196	1
492260	424047	1
492260	7299839	1
492260	6599192	1
492260	84675	1
492260	6599193	1
492260	6599194	1
1157604	1157605	1
1157604	174890	1
1157604	172763	1
1157604	1155779	1
1157604	453875	1
1157604	1156566	1
1157604	2266	1
1157604	1157394	1
1157604	41081	1
1157604	1157606	1
1157604	1157603	1
1157605	453875	1
1157605	172763	1
1157605	41081	1
1157605	174890	1
1157605	1157394	1
1157605	1157606	1
1157605	2266	1
1157605	1155779	1
1157605	1156566	1
1157605	1157603	1
1483222	1483223	1
82730	3722164	1
82730	912577	1
82730	711657	1
82730	264304	1
82730	1110350	1
82730	420011	1
82730	175776	1
3722164	711657	1
3722164	1110350	1
3722164	264304	1
3722164	420011	1
3722164	175776	1
3722164	912577	1
45674	258800	1
45674	1383484	1
45674	456102	1
45674	541632	1
45674	762654	1
45674	619530	1
4846774	1595977	1
2266	1156566	1
2266	41081	1
2266	1157603	1
2266	174890	1
2266	453875	1
2266	172763	1
2266	1157394	1
2266	1157606	1
2266	1155779	1
1156566	1157603	1
1156566	1155779	1
1156566	1157394	1
1156566	1157606	1
1156566	172763	1
1156566	174890	1
1156566	41081	1
1156566	453875	1
269999	193936	1
269999	212000	1
269999	270000	1
1166143	1558112	1
1166143	370432	1
1166143	328798	1
1166143	460925	1
1166143	1587018	1
1558112	370432	1
1558112	1587018	1
1558112	460925	1
1558112	328798	1
1166174	1362644	1
1166174	2131607	1
1166174	1140408	1
1362644	2131607	1
1362644	185689	1
1362644	2215956	1
1362644	2215953	1
1362644	1140408	1
72440	145074	1
72440	535043	1
2738304	4591691	1
2738304	4591692	1
328798	370432	1
328798	460925	1
328798	1587018	1
370432	1587018	1
370432	460925	1
269868	756840	1
269868	1378754	1
269868	502814	1
269868	1876974	1
269868	925138	1
269868	11696	1
2919564	4372291	1
2919564	2919567	1
2919564	3756052	1
2919564	1355620	1
2919564	2919560	1
2919564	1355606	1
2919564	2919561	1
2919564	6151665	1
2919564	2117328	1
2919564	3683284	1
2919564	2919566	1
2919564	2919568	1
2919564	2919563	1
4372291	2117328	1
4372291	2919563	1
4372291	1355620	1
4372291	2919560	1
4372291	2919561	1
4372291	2919568	1
4372291	2919567	1
4372291	2919566	1
4372291	6151665	1
4372291	3756052	1
4372291	3683284	1
4372291	1355606	1
453875	1157606	1
453875	172763	1
453875	1157394	1
453875	41081	1
453875	174890	1
453875	1155779	1
453875	1157603	1
1372828	1371662	1
49609	94538	1
49609	30721	1
49609	7154	1
49609	8816	1
49609	301280	1
49609	41249	1
49609	238359	1
49609	85762	1
49609	179059	1
49609	97073	1
49609	82735	1
49609	84795	1
124405	1168035	1
124405	874184	1
124405	409757	1
124405	280969	1
352300	569596	1
393414	1595977	1
393414	1632777	1
393414	765072	1
393414	2126761	1
1595977	765072	1
1595977	2126761	1
1595977	1632777	1
2919560	2919563	1
2919560	2919567	1
2919560	6151665	1
2919560	3756052	1
2919560	2117328	1
2919560	3683284	1
2919560	1355606	1
2919560	2919566	1
2919560	1355620	1
2919560	2919561	1
2919560	2919568	1
2919563	1355620	1
2919563	2919568	1
2919563	2919561	1
2919563	3683284	1
2919563	6151665	1
2919563	1355606	1
2919563	2117328	1
2919563	2919566	1
2919563	2919567	1
2919563	3756052	1
110387	1524329	1
301280	7154	1
301280	97073	1
301280	41249	1
301280	238359	1
301280	82735	1
301280	179059	1
301280	84795	1
301280	30721	1
301280	94538	1
301280	8816	1
301280	85762	1
7154	179059	1
7154	238359	1
7154	8816	1
7154	94538	1
7154	30721	1
7154	41249	1
7154	85762	1
7154	97073	1
7154	82735	1
7154	84795	1
326247	1413106	1
326247	651836	1
1413106	651836	1
502814	1378754	1
502814	925138	1
502814	1876974	1
502814	756840	1
502814	11696	1
7153	191325	1
7153	47742	1
7153	18984	1
191325	47742	1
191325	18984	1
1015193	368094	1
1015193	951131	1
2919561	6151665	1
2919561	2117328	1
2919561	2919568	1
2919561	1355620	1
2919561	2919566	1
2919561	3683284	1
2919561	3756052	1
2919561	2919567	1
2919561	1355606	1
6151665	1355606	1
6151665	2117328	1
6151665	2919566	1
6151665	3683284	1
6151665	2919568	1
6151665	1355620	1
6151665	3756052	1
6151665	2919567	1
779278	4142974	1
779278	1440429	1
4142974	1440429	1
41081	1949854	1
41081	172763	1
41081	1157606	1
41081	1157394	1
41081	461384	1
41081	1157603	1
41081	1155779	1
41081	41085	1
41081	174890	1
30721	85762	1
30721	97073	1
30721	84795	1
30721	8816	1
30721	238359	1
30721	94538	1
30721	82735	1
30721	41249	1
30721	179059	1
85762	82735	1
85762	97073	1
85762	94538	1
85762	238359	1
85762	84795	1
85762	41249	1
85762	179059	1
85762	8816	1
82735	41249	1
82735	8816	1
82735	94538	1
82735	238359	1
82735	179059	1
82735	84795	1
82735	97073	1
258800	1383484	1
258800	619530	1
258800	762654	1
258800	541632	1
258800	456102	1
2439210	543304	1
2439210	2439205	1
2439210	2439204	1
2439210	2439208	1
2439210	2439211	1
2439210	2439201	1
2439210	2439200	1
2439210	2439213	1
2439200	2439213	1
2439200	543304	1
2439200	2439208	1
2439200	2439211	1
2439200	2439205	1
2439200	2439204	1
2439200	2439201	1
2439213	2439201	1
2439213	2439211	1
2439213	2439205	1
2439213	2439204	1
2439213	2439208	1
4425787	4466914	1
37420	263824	1
37420	202924	1
37420	535043	1
37420	66916	1
37420	440817	1
263824	535043	1
263824	950650	1
263824	440817	1
263824	202924	1
1045179	157276	1
1045179	2729271	1
1045179	199497	1
1045179	2516293	1
1045179	935628	1
1045179	1589892	1
1095710	1954763	1
420011	1110350	1
420011	424576	1
420011	279942	1
420011	912577	1
420011	170356	1
420011	711657	1
420011	163585	1
420011	833560	1
420011	526593	1
420011	264304	1
420011	834577	1
420011	175776	1
1110350	912577	1
1110350	711657	1
1110350	175776	1
1110350	264304	1
8816	238359	1
8816	94538	1
8816	84795	1
8816	97073	1
8816	41249	1
8816	179059	1
55140	60916	1
55140	3125315	1
55140	346505	1
55140	317156	1
55140	384410	1
55140	296495	1
55140	367237	1
55140	1003643	1
55140	1017173	1
55140	60917	1
55140	3590210	1
55140	63150	1
60916	296495	1
60916	346505	1
60916	384410	1
60916	196022	1
60916	3590210	1
60916	60917	1
60916	1017173	1
60916	367237	1
60916	106526	1
60916	317156	1
60916	1003643	1
60916	63150	1
424047	6599196	1
424047	6599192	1
424047	6473204	1
424047	6599193	1
424047	6599194	1
424047	6599195	1
424047	84675	1
424047	7299839	1
6599196	84675	1
6599196	6599194	1
6599196	6599193	1
6599196	7299839	1
6599196	6599192	1
6599196	6473204	1
6599196	6599195	1
216607	244702	1
216607	32194	1
216607	32206	1
216607	26050	1
216607	244704	1
216607	900392	1
244702	900392	1
244702	244704	1
244702	26050	1
244702	32206	1
244702	32194	1
172763	1157606	1
172763	1157603	1
172763	1157394	1
172763	1155779	1
172763	174890	1
175776	912577	1
175776	711657	1
175776	264304	1
2117328	2919567	1
2117328	2919568	1
2117328	1355620	1
2117328	3756052	1
2117328	1355606	1
2117328	3683284	1
2117328	2919566	1
60917	1017173	1
60917	367237	1
60917	1003643	1
60917	63150	1
60917	296495	1
60917	384410	1
60917	3590210	1
60917	196022	1
60917	317156	1
60917	346505	1
1017173	1003643	1
1017173	317156	1
1017173	346505	1
1017173	296495	1
1017173	63150	1
1017173	3590210	1
1017173	367237	1
1017173	384410	1
912577	711657	1
912577	264304	1
94538	238359	1
94538	97073	1
94538	84795	1
94538	41249	1
94538	179059	1
456102	619530	1
456102	541632	1
456102	1383484	1
456102	762654	1
619530	541632	1
619530	762654	1
619530	1383484	1
2439211	543304	1
2439211	2439204	1
2439211	2439205	1
2439211	2439201	1
2439211	2439208	1
1355620	1355606	1
1355620	3683284	1
1355620	2919566	1
1355620	3756052	1
1355620	2919568	1
1355620	2919567	1
8571	4850998	1
8571	61486	1
8571	1988760	1
8571	593880	1
8571	1198930	1
8571	711613	1
199497	1589892	1
199497	2516293	1
199497	157276	1
199497	935628	1
199497	2729271	1
1589892	2516293	1
1589892	2729271	1
1439547	4591691	1
1439547	2356255	1
1439547	2749693	1
1439547	5833517	1
1439547	7090273	1
1439547	2731854	1
1439547	4004626	1
1439547	2736942	1
4591691	4004626	1
4591691	4591692	1
407769	1044052	1
407769	371652	1
407769	354377	1
407769	940459	1
407769	1044055	1
407769	940455	1
1044052	940459	1
1044052	354377	1
1044052	371652	1
1044052	940455	1
1044052	1044055	1
214233	388830	1
214233	2063319	1
388830	2063319	1
2439205	2439208	1
2439205	2439204	1
2439205	543304	1
2439205	2439201	1
2439208	543304	1
2439208	2439204	1
2439208	2439201	1
1350756	1350757	1
2736942	7090273	1
2736942	2749693	1
2736942	2731854	1
187051	187048	1
187051	1057001	1
1668356	2452765	1
1668356	2122600	1
2452765	2122600	1
279942	163585	1
279942	424576	1
279942	833560	1
279942	170356	1
279942	834577	1
279942	526593	1
130588	935769	1
1178489	1180452	1
1178489	1180453	1
1178489	2570473	1
1178489	881363	1
1180452	881363	1
1180452	1180453	1
1180452	2570473	1
1057001	187048	1
2693911	3402903	1
541632	1383484	1
541632	762654	1
1383484	762654	1
765072	2126761	1
765072	1632777	1
4850998	1198930	1
4850998	61486	1
424576	833560	1
424576	834577	1
424576	170356	1
424576	526593	1
424576	163585	1
280969	409757	1
280969	874184	1
280969	1168035	1
409757	1168035	1
409757	874184	1
543304	2439201	1
543304	2439204	1
174890	1155779	1
174890	1157606	1
174890	1157394	1
174890	1157603	1
1157606	1155779	1
1157606	1157394	1
1157606	1157603	1
2439201	2439204	1
756840	925138	1
756840	1876974	1
756840	1378754	1
756840	11696	1
925138	1876974	1
925138	1378754	1
925138	11696	1
371652	354377	1
371652	1044055	1
371652	940459	1
371652	940455	1
525078	1050432	1
711657	264304	1
136020	1141130	1
1003643	63150	1
1003643	367237	1
1003643	3590210	1
1003643	384410	1
1003643	296495	1
1003643	317156	1
1003643	346505	1
833560	526593	1
833560	170356	1
833560	834577	1
833560	163585	1
572502	643026	1
572502	519629	1
572502	1242135	1
643026	519629	1
643026	1242135	1
3470	66781	1
270311	311048	1
270311	1058932	1
311048	1058932	1
97073	41249	1
97073	238359	1
97073	179059	1
97073	84795	1
2919566	2919568	1
2919566	3756052	1
2919566	1355606	1
2919566	3683284	1
2919566	2919567	1
6599192	6473204	1
6599192	6599193	1
6599192	84675	1
6599192	6599195	1
6599192	6599194	1
6599192	7299839	1
41249	179059	1
41249	238359	1
41249	84795	1
206096	593645	1
206096	1963847	1
593645	1963847	1
169494	1697373	1
296745	777413	1
296745	776701	1
296745	1882789	1
829810	2881812	1
829810	752101	1
829810	751735	1
2881812	752101	1
2881812	751735	1
940459	354377	1
940459	940455	1
940459	1044055	1
1157603	1157394	1
1157603	1155779	1
2246034	4972999	1
1522603	1278118	1
15118	470372	1
15118	42191	1
15118	243119	1
15118	64739	1
15118	219821	1
15118	388339	1
470372	472401	1
470372	219821	1
470372	388339	1
470372	64739	1
470372	42191	1
470372	243119	1
170356	163585	1
170356	834577	1
170356	526593	1
873334	643100	1
282208	2226955	1
282208	450203	1
2226955	450203	1
935628	2516293	1
935628	157276	1
770866	770867	1
29923	48392	1
29923	84101	1
29923	84669	1
29923	48413	1
48392	48413	1
48392	84669	1
48392	84101	1
646883	1245270	1
157276	2516293	1
157276	553889	1
367237	384410	1
367237	296495	1
367237	3590210	1
367237	346505	1
367237	317156	1
367237	63150	1
354377	940455	1
354377	1044055	1
238359	84795	1
238359	179059	1
62643	168903	1
62643	45102	1
62643	100039	1
62643	2987434	1
62643	1089933	1
168903	1089933	1
168903	100039	1
168903	45102	1
168903	2987434	1
6473204	6599194	1
6473204	6599195	1
6473204	7299839	1
6473204	84675	1
6473204	6599193	1
6599194	6599195	1
6599194	6599193	1
6599194	7299839	1
6599194	84675	1
802633	1671138	1
802633	802635	1
802633	802634	1
802633	332764	1
1671138	802635	1
1671138	802634	1
1671138	332764	1
63150	296495	1
63150	317156	1
63150	3590210	1
63150	384410	1
63150	346505	1
881363	2570473	1
881363	1180453	1
2131607	1140408	1
41949	3551407	1
115409	950650	1
115409	29936	1
950650	29936	1
18984	47742	1
18984	264304	1
11696	1378754	1
11696	1876974	1
219821	42191	1
219821	64739	1
219821	243119	1
476379	2651274	1
77019	2139910	1
77019	263521	1
6599193	6599195	1
6599193	7299839	1
6599193	84675	1
6599195	84675	1
6599195	7299839	1
2919567	2919568	1
2919567	1355606	1
2919567	3756052	1
2919567	3683284	1
84795	179059	1
440817	535043	1
440817	202924	1
61486	711613	1
61486	1988760	1
61486	1198930	1
61486	593880	1
711613	593880	1
711613	1198930	1
711613	1988760	1
384410	3590210	1
384410	346505	1
384410	296495	1
384410	317156	1
163585	834577	1
163585	526593	1
199295	458535	1
199295	458533	1
458535	458533	1
2516293	2729271	1
1336249	4854956	1
600618	2837788	1
1155779	1157394	1
296495	3590210	1
296495	317156	1
296495	346505	1
317156	3590210	1
317156	346505	1
466232	751735	1
751735	1381686	1
412120	2188628	1
2919568	1355606	1
2919568	3756052	1
2919568	3683284	1
1198930	1988760	1
1198930	593880	1
1378754	1876974	1
585099	5922187	1
3683284	3756052	1
3683284	1355606	1
3756052	1355606	1
1988760	593880	1
185689	2215953	1
185689	2215956	1
2215953	2215956	1
7299839	84675	1
32194	900392	1
32194	244704	1
32194	26050	1
32194	32206	1
900392	32206	1
900392	244704	1
900392	26050	1
832446	1927386	1
526593	834577	1
777413	1882789	1
777413	776701	1
455014	222846	1
519629	1242135	1
7090273	2749693	1
7090273	2731854	1
1632777	2126761	1
1089933	2987434	1
1089933	100039	1
1089933	45102	1
2987434	45102	1
2987434	100039	1
998045	998046	1
378105	1519916	1
693194	713770	1
468108	438870	1
2749693	2731854	1
177582	200818	1
802635	802634	1
802635	332764	1
421196	950409	1
950409	2270139	1
80727	581408	1
80727	1160869	1
1168035	874184	1
14683	51229	1
2531567	2959019	1
104917	380929	1
565741	2742679	1
776701	1882789	1
45102	100039	1
207574	2091302	1
1078170	4469376	1
326036	579662	1
86339	386834	1
1587018	460925	1
244704	26050	1
244704	32206	1
84101	48413	1
84101	84669	1
1157201	2386029	1
784746	784749	1
1847553	1853252	1
1847553	2842090	1
1847553	2690227	1
1853252	2690227	1
1853252	2842090	1
51067	1479400	1
802634	332764	1
212000	270000	1
212000	193936	1
270000	193936	1
147751	368478	1
439912	676249	1
1007492	1245270	1
22334	370378	1
940455	1044055	1
135915	715119	1
135915	813950	1
135915	813951	1
715119	813951	1
715119	813950	1
125379	208267	1
185982	279216	1
42191	243119	1
42191	388339	1
42191	64739	1
243119	64739	1
243119	388339	1
535043	202924	1
26050	32206	1
1607276	2736455	1
917248	2536928	1
64739	388339	1
384543	1536825	1
57521	253111	1
48407	70244	1
2570473	1180453	1
7027	148394	1
813950	813951	1
2690227	2842090	1
555295	19502	1
122507	4446241	1
272275	1143295	1
272275	192325	1
1143295	192325	1
48413	84669	1
1876041	1876042	1
4675280	1123702	1
21262	381661	1
252918	350432	1
252918	886728	1
350432	886728	1
141331	235647	1
773461	829144	1
510976	2460854	1
10497	41107	1
33762	142065	1
903854	1930990	1
765621	765623	1
84669	691750	1
621178	3534492	1
17969	4251573	1
10860	945945	1
352547	2748771	1
2458921	1324637	1
1108657	1590735	1
2396453	2396463	1
69857	143563	1
66617	863532	1
66617	345918	1
1003931	1019724	1
1060407	1225076	1
728586	1686426	1
330493	1698938	1
294661	1298148	1
2898903	2898904	1
1505987	1506005	1
312358	1036740	1
679571	1091201	1
534783	534784	1
293022	458045	1
293022	617230	1
458045	617230	1
584130	4039506	1
470098	2274781	1
470098	238902	1
1796065	1796066	1
33199	170805	1
365035	6618985	1
15569	247016	1
1802076	2570916	1
412566	637745	1
10552	30007	1
3333772	3333773	1
315003	851814	1
533580	895234	1
271167	7671338	1
87011	511480	1
87011	879788	1
511480	879788	1
320305	411282	1
16798	338839	1
7473232	7473233	1
553445	1336966	1
340382	341841	1
4066033	4066034	1
49845	1532407	1
1311741	2992473	1
82248	138076	1
26158	3467453	1
154066	249251	1
1044351	1747674	1
1101631	1165279	1
2134405	2371225	1
923036	5357833	1
1602902	1602903	1
17957	103737	1
133857	3341181	1
174249	594422	1
277024	476842	1
258388	390930	1
1451130	1464229	1
345919	377206	1
1797596	6610187	1
