48284	83904	1
48284	90541	1
48284	166320	1
48284	411946	1
256156	83904	1
256156	411946	1
256156	166320	1
256156	413568	1
256156	90541	1
179366	228415	1
179366	32201	1
228407	32201	1
228407	228408	1
228407	51671	1
262357	1036828	1
262357	833768	1
262357	1353114	1
262357	317620	1
262357	899070	1
262357	703539	1
262357	262358	1
262357	1236441	1
262357	623293	1
262357	32190	1
262357	95540	1
262357	95544	1
262357	578727	1
899061	273520	1
899061	1353204	1
644142	56052	1
644142	246536	1
644142	279922	1
644142	910913	1
1054895	56052	1
1054895	202191	1
32208	205525	1
32208	26955	1
32208	784747	1
32208	32210	1
32208	957131	1
32208	97544	1
4637417	32197	1
4637417	97544	1
4637417	26955	1
4637417	205525	1
1036828	1353166	1
1036828	211158	1
1036828	1354230	1
228415	32201	1
228415	51671	1
211158	833768	1
211158	1354230	1
211158	419422	1
211158	899066	1
211158	317620	1
211158	1353114	1
899063	899066	1
899070	1353166	1
899070	317620	1
899070	273520	1
899070	1491379	1
272121	177078	1
272121	281986	1
272121	933279	1
272121	108870	1
272121	279922	1
272121	16375	1
272121	359632	1
272121	202191	1
548225	56052	1
548225	2213246	1
548225	202191	1
548225	16375	1
548225	259769	1
548225	322529	1
548225	780796	1
120312	254976	1
423099	256558	1
32201	51671	1
32201	228408	1
32201	395816	1
32201	395814	1
32201	395817	1
56052	246536	1
56052	281474	1
56052	312278	1
56052	321044	1
56052	736768	1
56052	603179	1
56052	2213246	1
56052	1786015	1
56052	259769	1
246536	281986	1
246536	177078	1
246536	1786015	1
246536	96037	1
246536	603179	1
44306	44314	3
279922	177078	1
279922	281986	1
279922	202191	2
279922	96037	1
279922	933279	1
279922	910913	1
279922	736768	1
279922	259769	2
279922	704625	1
279922	603179	1
279922	780796	1
279922	16375	1
279922	824459	1
359632	281474	1
359632	933279	1
359632	910913	1
359632	177078	1
359632	736768	1
359632	322529	1
359632	824459	1
359632	16375	1
177078	321044	1
177078	312278	1
177078	820900	1
259769	281986	1
259769	704625	1
259769	351419	1
910913	96037	1
933279	281986	1
933279	281474	1
933279	603179	1
820900	281986	1
820900	736768	2
820900	108870	1
820900	603179	1
820900	515885	1
820900	202191	1
820900	16375	1
60492	308465	1
1353204	1353114	1
1353204	1354230	1
281986	202191	1
1016358	621485	2
1016358	166793	2
1016358	328853	2
1016358	621483	1
1016358	1246568	1
1016358	863751	1
1016358	1327402	1
1016358	1817820	1
1016358	621481	1
1016358	1496904	1
1016358	1984378	1
1016358	1984367	1
1016358	32202	1
1246568	621485	1
1246568	1984378	1
1246568	328853	1
1246568	1984367	1
1246568	863751	1
1246568	32202	1
1246568	1496904	1
1246568	621481	1
1246568	621483	1
1246568	1817820	1
1246568	1327402	1
1246568	166793	1
419422	115798	1
419422	177584	1
419422	207945	1
419422	32190	1
833768	1353114	1
1354230	1353108	1
656335	278654	2
1252006	278656	1
1252006	278654	1
32195	234890	1
32195	1673569	1
32195	227874	1
16406	6181511	1
16406	6181509	1
16406	6181506	1
16406	111201	1
16406	266349	1
6181511	266349	1
6181511	111201	1
384185	293477	1
384185	108565	1
411946	83904	1
411946	55080	1
411946	413568	1
32199	318052	1
32199	32190	1
32199	457732	1
32199	603338	1
32199	119084	1
32199	880083	1
32199	190370	1
318052	219565	1
318052	208633	1
321044	281474	1
603179	96037	1
603179	16375	1
347268	1256099	1
347268	95539	2
368787	824459	1
368787	351419	1
368787	515885	1
368787	659883	1
26955	97544	1
26955	646136	1
26955	646137	1
26955	646135	1
26955	328853	1
26955	1099152	1
26955	304968	1
26955	202092	1
26955	784737	1
26955	539813	1
26955	624405	1
26955	22946	1
26955	32196	1
26955	253245	1
26955	312208	1
205525	32197	1
1234493	1353108	1
1353108	449204	1
1786015	515885	1
83904	90541	1
83904	55080	1
83904	259352	1
83904	256053	1
83904	201571	1
83904	570542	1
83904	11012	1
266349	289231	1
266349	111201	1
312278	2213246	1
177340	899517	1
177340	76028	1
177340	207945	1
899517	76028	1
600884	32190	1
600884	457732	1
600884	119084	1
600884	780238	1
600884	187066	1
603338	219565	1
603338	32190	1
1353114	317620	1
96037	281474	1
32197	784747	1
308465	369747	1
1496904	621480	1
1496904	166793	2
1496904	621483	1
1496904	32202	1
1496904	328853	1
1496904	1817820	1
1496904	1984378	1
1496904	863751	1
1496904	1984367	1
1496904	621485	1
1496904	1327402	1
1496904	621481	1
1817820	166793	2
1817820	863751	1
1817820	621481	1
1817820	621483	1
1817820	1984378	1
1817820	1327402	1
1817820	328853	1
1817820	1984367	1
1817820	621485	1
1817820	32202	1
32202	621485	2
32202	621483	2
32202	1984367	2
32202	328853	1
32202	115467	1
32202	1984378	2
32202	863751	2
32202	621480	1
32202	166793	2
32202	1327402	1
32202	621481	1
621485	621480	1
621485	1984378	1
621485	621483	1
621485	328853	1
621485	863751	1
621485	1327402	1
621485	1984367	1
621485	621481	1
621485	166793	1
32190	208633	1
32190	456210	1
32190	41715	1
32190	219565	1
32190	880083	1
32190	776244	1
32190	456211	1
32190	190370	1
32190	457732	1
32190	76028	1
32190	1046219	1
32190	495002	1
32190	177584	1
32190	258074	1
32190	207390	1
32190	1762555	1
32190	578727	1
32190	262358	1
32190	623293	1
32190	703539	1
32190	95540	1
32190	95544	1
32190	1236441	1
208633	119084	1
208633	880083	1
76028	207945	1
76028	219565	1
76028	732482	1
119084	457732	1
281474	824459	1
281474	322529	1
166793	1984696	1
166793	621480	1
166793	328853	1
166793	621481	1
166793	863751	1
166793	1984378	1
166793	1984367	1
166793	1327402	1
166793	621483	1
251877	1045202	1
4742346	370499	1
317620	449204	1
26952	370499	1
26952	1045202	1
26952	292354	1
90541	413568	1
90541	1889434	1
413568	55080	1
51850	110862	1
1984367	621480	1
1984367	621481	1
1984367	1327402	1
1984367	328853	1
1984367	1984378	1
1984367	621483	1
1984367	863751	1
621483	328853	1
621483	1984378	1
621483	863751	1
621483	1327402	1
621483	621481	1
328853	646136	1
328853	646137	1
328853	1327402	1
328853	621481	1
328853	863751	1
328853	1984378	1
958911	289231	1
958911	6181506	1
51671	228408	1
184712	211154	1
184712	184441	1
184712	184439	1
184712	184440	1
211154	184439	1
207945	1046219	1
1984378	1327402	1
1984378	863751	1
1984378	621481	1
190370	457732	1
190370	881771	1
190370	996740	1
190370	511349	1
202191	824459	1
153980	410038	1
153980	170355	1
410038	170355	1
166320	55080	1
457732	32196	1
184440	184439	1
55080	330618	1
55080	48433	1
55080	8672	1
55080	289040	1
55080	160904	1
55080	1288075	1
55080	301687	1
55080	387647	1
55080	259913	1
55080	47333	1
55080	138572	1
55080	136135	1
184441	184439	1
32203	182699	1
863751	621481	1
863751	1327402	1
41715	1576367	1
115467	578743	1
115467	439843	1
115467	113428	1
115467	1717766	1
119484	1673569	1
72234	1314719	1
184430	184432	1
184430	187065	1
18553	989082	1
428424	1617040	1
140042	521661	1
220622	240758	1
131971	474468	1
462489	939357	1
462489	939358	1
42754	256190	2
154028	32204	1
154029	32204	1
144051	144053	1
32204	755119	1
32192	1055117	1
12550	109662	1
1631446	3318464	1
188810	215379	1
417399	417404	1
417399	417396	1
417399	96400	1
417399	10082	1
417399	260604	1
417399	149789	1
417404	417396	1
417404	97881	1
417404	10082	1
417404	2666	1
1237244	144321	1
1237245	342176	1
1237245	809065	1
442725	712777	1
442725	23165	1
442725	539260	1
95544	254070	1
95544	255804	1
95544	182929	1
95544	254072	1
95544	578727	1
95544	262358	1
95544	623293	1
95544	95540	1
95544	703539	1
95544	1236441	1
254070	8672	1
254070	442174	1
254070	254072	1
254070	182929	1
149789	294411	1
149789	10082	1
149789	417397	1
149789	220594	1
149789	4007643	1
149789	10343	1
149789	2210953	1
149789	245741	1
149789	96400	1
417395	417402	1
417395	10343	1
417395	294410	1
417395	96400	1
417395	10082	1
417395	220594	1
115798	219705	1
115798	1046219	1
115798	258074	1
1055975	1924215	1
1055975	658976	1
1055975	1237250	1
1055975	144321	1
417397	10082	1
417397	96400	1
417397	220594	1
759183	96400	1
759183	2666	1
759183	10082	1
759183	10343	1
759183	97881	1
322529	824459	1
322529	16375	1
3243169	108687	1
3243169	539260	1
3243169	23165	1
3243169	364793	1
417393	2666	1
417393	630841	1
417393	10082	1
417393	220594	1
417402	220594	1
417402	96400	1
417402	10082	1
417402	2666	1
95546	12593	1
95546	1013029	1
95546	375279	1
293477	108565	1
12593	108565	1
12593	611219	1
12593	1013029	1
12593	999914	1
219705	177584	1
219705	1046219	1
8672	254072	1
8672	442174	1
8672	138572	1
8672	47333	1
8672	271392	1
8672	153674	1
8672	48433	1
8672	721567	1
8672	387647	1
8672	259913	1
8672	30122	1
8672	73062	1
8672	289040	1
8672	301687	1
8672	119009	1
8672	330618	1
8672	388185	1
8672	95537	1
8672	299702	1
294411	10343	1
294411	2666	1
3324005	84975	1
3326895	84975	1
342176	658984	1
342176	809065	1
342176	144321	1
342176	610798	1
3775709	1237250	1
3775709	144321	1
142866	433356	1
280177	2666	1
280177	10082	1
280177	417396	1
252447	144954	1
269287	144954	1
269287	108870	1
269287	261930	1
269287	51857	1
1275923	32196	1
245741	2666	1
245741	294410	1
245741	96400	1
245741	10343	1
245741	10082	1
245741	220594	1
417396	96400	1
108870	96033	1
108870	48275	1
108870	51857	1
108870	358629	1
108870	51849	1
1146034	1146035	1
1146034	32196	1
1146035	32196	1
258074	177584	1
258074	207390	1
1046219	177584	1
1046219	177344	1
658984	144321	1
646136	646137	1
609626	495001	1
609626	1237241	1
609626	610798	1
609626	144321	1
108565	1013029	1
108565	375279	1
957223	952324	1
957223	1357291	1
957223	406150	1
957223	750087	1
957223	957222	1
957223	957219	1
4229609	2712438	1
10343	1121981	1
10343	630841	1
10343	97881	1
10343	10082	1
10343	96400	1
10343	2666	1
10343	4007643	1
1121981	97881	1
1121981	96400	1
1121981	220594	1
1121981	10082	1
97881	294410	1
97881	260604	1
97881	2666	1
97881	220594	1
97881	2210953	1
294410	220594	1
294410	2666	1
294410	10082	1
294410	96400	1
260604	10082	1
260604	2666	1
292323	261930	1
292323	548816	1
32187	379513	1
32196	624568	1
32196	828933	1
32196	531461	1
32196	784737	1
32196	202092	1
32196	624405	1
32196	539813	1
630841	10082	1
630841	96400	1
356873	101784	1
96400	10082	1
96400	4007643	1
96400	2666	1
2666	2210953	1
177584	743835	1
1237250	495001	1
1237250	144321	1
220594	10082	1
15900	261867	1
15900	268951	1
15900	61499	1
15900	361418	1
15900	51672	1
15900	309900	1
15900	560717	1
15900	1736801	1
15900	981629	1
44311	952330	1
44311	2101482	1
44311	1165752	1
44311	474064	1
44311	3384241	1
1237241	809065	1
10082	4007643	1
495002	743835	1
495002	1005861	1
8435	485404	1
8435	1947304	1
712777	148475	1
712777	108687	1
712777	539260	1
712777	2178879	1
113036	2835665	1
113036	2835664	1
113036	2835666	1
113036	767390	1
6079694	2835666	1
101784	434215	1
144321	708238	1
624568	753821	1
624568	531461	1
743835	177344	1
375279	999914	1
375279	1013029	1
423761	342906	1
423761	810077	1
423761	56675	1
214124	2895363	1
1063528	76038	1
1063528	413739	1
539260	2178879	1
539260	11012	1
539260	393500	1
539260	104958	1
539260	170358	1
539260	426655	1
539260	554446	1
539260	240248	1
539260	468154	1
539260	144998	1
539260	297533	1
539260	284253	1
539260	4654	1
539260	291337	1
539260	468153	1
539260	103064	1
539260	86618	1
2178879	148475	1
1326222	1326223	1
474064	1356336	1
148475	108687	1
1686820	543307	1
1371264	748883	1
76038	413739	1
76038	235395	1
22587	197243	1
9765	2020215	1
92184	1971210	1
304968	1099152	1
7580577	7580578	1
4443403	4443404	1
204371	803615	1
32210	957131	1
47333	301687	1
47333	249829	1
47333	136135	1
47333	30122	1
47333	73062	1
47333	119009	1
47333	48433	1
47333	138572	1
47333	259913	1
47333	160904	1
47333	1288075	1
47333	153674	1
47333	721567	1
255047	798518	1
255047	1288076	1
255047	160904	1
255047	289040	1
255047	138572	1
255047	119009	1
255047	153674	1
255047	259913	1
255047	30122	1
262940	259770	1
262940	273427	1
262940	11012	1
262940	34524	1
262940	266348	1
570542	34524	1
570542	266348	1
570542	11012	1
2669376	1094340	1
2669376	2450026	1
4824388	1094340	1
4824388	281518	1
1589140	1986083	1
1589140	115605	1
212863	395814	1
212863	395817	1
212863	384856	1
30122	1288076	1
30122	273141	1
30122	136135	1
30122	301687	1
30122	249829	1
30122	1288075	1
30122	387647	1
30122	330618	1
30122	271392	1
30122	138572	1
1288076	289040	1
1288076	73062	1
1288076	138572	1
1288076	136135	1
1288076	160904	1
1288076	119009	1
1288076	271392	1
266407	11012	1
266407	259770	1
266407	34524	1
273427	259770	1
273427	34524	1
273427	259352	1
48433	119009	1
48433	798518	1
48433	387647	1
48433	160904	1
48433	1288075	1
48433	271392	1
48433	259913	1
48433	273141	1
119009	259913	1
119009	160904	1
119009	153674	1
119009	301687	1
119009	138572	1
119009	1288075	1
119009	330618	1
119009	387647	1
119009	73062	1
249829	301687	1
249829	721567	1
249829	136135	1
249829	330618	1
249829	798518	1
330618	259913	1
330618	73062	1
201571	266348	1
395816	395817	1
34524	266348	1
34524	11012	1
34524	340642	1
34524	602552	1
34524	259770	1
266348	340642	1
266348	11012	1
266348	602552	1
73062	301687	1
73062	259913	1
73062	798518	1
73062	289040	1
73062	273141	1
387647	138572	1
387647	136135	1
271392	798518	1
271392	259913	1
271392	160904	1
60559	1623053	1
1044517	353919	1
1044517	707941	1
153674	160904	1
153674	273141	1
153674	138572	1
160904	1288075	1
160904	798518	1
160904	289040	1
485781	45676	1
798518	259913	1
798518	301687	1
721567	138572	1
1288075	301687	1
1288075	138572	1
3061959	281518	1
4824464	1094340	1
602552	340642	1
602552	259770	1
602552	11012	1
439843	262358	1
439843	91509	1
259352	259770	1
1833074	716921	1
1833074	685014	1
261930	358629	1
261930	457608	1
350933	1232709	1
1060954	433723	1
345477	1232709	1
353791	1402419	1
353791	1212526	1
2450026	4841415	1
4841415	2450028	1
1833073	685014	1
421447	2450028	1
421447	341739	1
1315380	281518	1
289040	138572	1
289040	273141	1
3018984	3404805	1
45676	567653	1
138572	136135	1
340642	11012	1
11012	468154	1
11012	4654	1
11012	284253	1
11012	86618	1
11012	291337	1
11012	297533	1
11012	103064	1
11012	426655	1
11012	468153	1
11012	170358	1
11012	144998	1
11012	393500	1
11012	104958	1
11012	554446	1
11012	240248	1
108566	227875	1
108566	732482	1
259913	136135	1
148227	815286	1
148227	469026	1
2934363	2096278	1
4974238	4974240	1
1317836	1317839	1
1317836	1317838	1
1317839	1317837	1
593729	2284577	1
2284579	593731	1
80156	7705826	1
9297	957131	1
1268013	1650986	1
548816	457608	1
2117752	2717028	1
358629	51857	2
358629	51849	1
358629	96033	1
358629	48275	1
977708	1232708	1
977708	1309244	1
3583311	2955805	1
1232709	1212526	1
2284577	593731	1
1094340	2450028	1
732482	110593	1
51855	2136262	1
652720	1833076	1
281518	2450028	1
237741	896338	1
535117	1558921	1
535117	224223	1
439674	330168	1
1558920	224223	1
240755	2302078	1
240755	154396	1
240755	1326847	1
1877095	91509	1
227875	725144	1
227875	573116	1
227875	725143	1
227875	778532	1
95537	2602394	1
95537	2602395	1
95537	2602393	1
95537	567511	1
95537	231413	1
95537	206281	1
95537	1050151	1
95537	304973	1
51857	51849	1
51857	96033	1
51857	48275	1
262358	95540	1
262358	1236441	1
262358	623293	1
262358	578727	1
262358	703539	1
844737	4395491	1
7209	32181	1
32181	1318761	1
32181	3875910	1
32181	32207	1
32181	32200	1
6708	803722	1
6708	803728	1
344428	518192	1
93174	504727	1
230788	368085	1
230788	538197	1
230788	130243	1
230788	1777178	1
1303711	538197	1
1303711	368085	1
1303711	130243	1
1303711	309857	1
1303711	3182422	1
1303711	1777178	1
15150	253098	1
6904871	395176	1
45765	45766	1
334601	166534	1
334601	812596	1
334601	510332	1
952324	1357291	1
952324	957222	1
952324	406150	1
952324	957219	1
952324	750087	1
1357291	406150	1
1357291	750087	1
1357291	957219	1
1357291	957222	1
468154	554446	1
468154	240248	1
468154	144998	1
468154	291337	1
468154	297533	1
468154	4654	1
468154	170358	1
468154	284253	1
468154	104958	1
468154	103064	1
468154	393500	1
468154	468153	1
468154	426655	1
468154	86618	1
554446	426655	1
554446	468153	1
554446	4654	1
554446	297533	1
554446	284253	1
554446	104958	1
554446	144998	1
554446	393500	1
554446	86618	1
554446	240248	1
554446	291337	1
554446	103064	1
554446	170358	1
291337	393500	1
291337	4654	1
291337	297533	1
291337	144998	1
291337	284253	1
291337	426655	1
291337	86618	1
291337	240248	1
291337	103064	1
291337	468153	1
291337	104958	1
291337	170358	1
393500	86618	1
393500	240248	1
393500	426655	1
393500	170358	1
393500	104958	1
393500	468153	1
393500	297533	1
393500	103064	1
393500	4654	1
393500	144998	1
393500	284253	1
578727	95540	1
578727	623293	1
578727	703539	1
578727	1236441	1
426655	104958	1
426655	144998	1
426655	86618	1
426655	240248	1
426655	170358	1
426655	297533	1
426655	103064	1
426655	468153	1
426655	4654	1
426655	284253	1
468153	86618	1
468153	240248	1
468153	144998	1
468153	170358	1
468153	284253	1
468153	103064	1
468153	4654	1
468153	297533	1
468153	104958	1
1777178	3182422	1
1777178	368085	1
1777178	309857	1
1777178	130243	1
1777178	538197	1
3182422	309857	1
3182422	368085	1
86618	297533	1
86618	104958	1
86618	170358	1
86618	240248	1
86618	284253	1
86618	144998	1
86618	4654	1
86618	103064	1
725144	725143	1
725144	573116	1
725144	778532	1
304095	784739	1
304095	656799	1
304095	784738	1
304095	784737	1
784739	784737	1
784739	656799	1
784739	784738	1
2210954	6767415	1
2210954	4238966	1
2210954	6767416	1
6767415	6767416	1
6767415	4238966	1
323414	696503	1
323414	696504	1
696503	696504	1
309900	361418	1
309900	560717	1
309900	1736801	1
309900	61499	1
309900	981629	1
309900	51672	1
361418	1736801	1
361418	981629	1
361418	61499	1
361418	560717	1
361418	51672	1
957219	957222	1
957219	750087	1
957219	406150	1
957222	750087	1
957222	406150	1
368085	538197	1
368085	130243	1
368085	309857	1
538197	309857	1
538197	130243	1
538197	2472248	1
96033	48275	1
96033	51849	1
621481	1327402	1
51672	61499	1
51672	1736801	1
51672	981629	1
51672	560717	1
61499	1736801	1
61499	981629	1
61499	560717	1
104958	170358	1
104958	297533	1
104958	284253	1
104958	103064	1
104958	144998	1
104958	240248	1
104958	4654	1
784737	784738	1
784737	539813	1
784737	656799	1
784737	624405	1
784737	202092	1
784738	297994	1
784738	2817436	1
784738	1668180	1
784738	1147368	1
784738	656799	1
388185	299702	1
5668	18985	1
5668	227036	1
5668	17589	1
5668	94874	1
18985	17589	1
18985	227036	1
18985	94874	1
4654	297533	1
4654	144998	1
4654	240248	1
4654	170358	1
4654	103064	1
4654	284253	1
240248	284253	1
240248	170358	1
240248	144998	1
240248	103064	1
240248	297533	1
305378	335785	1
305378	525147	1
335785	525147	1
676918	1591343	1
676918	516232	1
676918	845742	1
1591343	845742	1
1591343	516232	1
296823	1300364	1
115524	185434	1
662254	1467615	1
7262187	7262189	1
7262187	2783572	1
7262187	10081	1
7262187	5455066	1
7262187	6165918	1
7262187	7262188	1
7262189	2783572	1
7262189	5455066	1
7262189	7262188	1
7262189	10081	1
7262189	6165918	1
10081	7262188	1
10081	2783572	1
10081	6165918	1
10081	5455066	1
7262188	6165918	1
7262188	5455066	1
7262188	2783572	1
703539	95540	1
703539	1236441	1
703539	623293	1
95540	1236441	1
95540	623293	1
7514704	7514705	1
7514704	5748629	1
7514704	7012159	1
7514704	347438	1
7514704	4411904	1
7514704	7514706	1
7514704	3406514	1
7514704	2735388	1
7514705	7012159	1
7514705	2735388	1
7514705	3406514	1
7514705	4411904	1
7514705	5748629	1
7514705	7514706	1
7514705	347438	1
206281	1050151	1
206281	304973	1
206281	231413	1
206281	2602394	1
206281	2602395	1
206281	567511	1
206281	2602393	1
1050151	2602393	1
1050151	231413	1
1050151	2602394	1
1050151	2602395	1
1050151	304973	1
1050151	567511	1
342906	56675	1
342906	810077	1
7012159	3406514	1
7012159	347438	1
7012159	5748629	1
7012159	4411904	1
7012159	7514706	1
7012159	2735388	1
3406514	347438	1
3406514	2735388	1
3406514	4411904	1
3406514	5748629	1
3406514	7514706	1
48275	51849	1
2783572	5455066	1
2783572	6165918	1
184432	187065	1
2602393	567511	1
2602393	231413	1
2602393	304973	1
2602393	2602395	1
2602393	2602394	1
297994	1147368	1
297994	1668180	1
297994	2817436	1
32200	1318761	1
32200	32207	1
32200	3875910	1
1318761	3875910	1
1318761	32207	1
1736801	560717	1
1736801	981629	1
443741	1462476	1
443741	256132	1
443741	1933424	1
1462476	256132	1
1462476	1933424	1
2735388	4411904	1
2735388	347438	1
2735388	7514706	1
2735388	5748629	1
560717	981629	1
297533	103064	1
297533	170358	1
297533	284253	1
297533	144998	1
1529785	1671745	1
567511	2602394	1
567511	2602395	1
567511	304973	1
567511	231413	1
159615	725162	1
159615	65645	1
159615	837348	1
159615	268962	1
725162	268962	1
725162	837348	1
725162	65645	1
347438	7514706	1
347438	4411904	1
347438	5748629	1
7514706	4411904	1
7514706	5748629	1
5748629	4411904	1
780238	187066	1
1236441	623293	1
170358	284253	1
170358	103064	1
170358	144998	1
2442702	2442703	1
2119729	4180171	1
4238966	6767416	1
144998	284253	1
144998	103064	1
31759	2227171	1
103064	284253	1
661894	1027801	1
661894	1963662	1
661894	3160016	1
661894	1027800	1
1027801	3160016	1
1027801	1963662	1
1027801	1027800	1
231413	304973	1
231413	2602394	1
231413	2602395	1
4757682	4757683	1
202092	624405	1
202092	539813	1
539813	624405	1
32207	3875910	1
1326847	2302078	1
1326847	154396	1
2302078	154396	1
8575	1377229	1
8575	957238	1
8575	416828	1
8575	91815	1
1377229	91815	1
1377229	957238	1
510516	4473971	1
510516	4473972	1
4473971	4473972	1
309857	130243	1
418871	550701	1
353919	707941	1
2602394	304973	1
2602394	2602395	1
2817436	1147368	1
2817436	1668180	1
3160016	1963662	1
3160016	1027800	1
2602395	304973	1
240219	411280	1
5455066	6165918	1
157480	1031926	1
157480	3280090	1
1031926	3280090	1
628737	2111270	1
628737	1200940	1
628737	2457407	1
2111270	1200940	1
2111270	2457407	1
130243	2472248	1
1030840	3231313	1
1030840	5365780	1
3231313	5365780	1
65645	159616	1
65645	837348	1
65645	268962	1
65645	413766	1
35328	2219395	1
573116	725143	1
573116	778532	1
725143	778532	1
837348	268962	1
113428	1717766	1
406150	750087	1
643509	844489	1
957238	91815	1
56675	810077	1
17589	227036	1
17589	94874	1
227036	94874	1
1147368	1668180	1
653282	653283	1
5006602	5006605	1
166534	812596	1
166534	510332	1
1200940	2457407	1
104514	774486	1
159616	413766	1
1963662	1027800	1
555126	679507	1
555126	3164466	1
555126	97664	1
679507	97664	1
679507	3164466	1
351664	365979	1
351664	365976	1
365979	365976	1
549167	2041869	1
253245	312208	1
253245	22946	1
312208	22946	1
812596	510332	1
97664	3164466	1
516232	845742	1
61114	384770	1
256132	1933424	1
1025329	7458069	1
1060393	2923250	1
933654	3268748	1
342540	342542	1
1589068	2140992	1
209415	544860	1
3120020	3120021	1
51852	1495693	1
26950	91947	1
1062464	1749705	1
307036	812643	1
112154	3331222	1
14632	184711	1
544852	1966350	1
314292	322007	1
2923672	5556006	1
117701	2349214	1
97532	177817	1
990454	2120484	1
195992	6048991	1
