48284	83904	1
48284	90541	1
48284	166320	1
48284	411946	1
256156	83904	1
256156	411946	1
256156	166320	1
256156	413568	1
256156	90541	1
179366	228415	1
179366	32201	1
228407	32201	1
228407	228408	1
228407	51671	1
262357	1036828	1
262357	833768	1
262357	1353114	1
262357	317620	1
262357	899070	1
262357	95540	1
899061	273520	1
899061	1353204	1
644142	56052	1
644142	246536	1
644142	279922	1
644142	910913	1
1054895	56052	1
1054895	202191	1
1054895	279922	1
1054895	44309	1
1054895	2429519	1
32208	205525	1
32208	26955	1
32208	784747	1
32208	32210	1
32208	957131	1
32208	97544	1
4637417	32197	1
4637417	97544	1
4637417	26955	1
4637417	205525	1
1036828	1353166	1
1036828	211158	1
1036828	1354230	1
228415	32201	1
228415	51671	1
211158	833768	1
211158	1354230	1
211158	419422	1
211158	899066	1
211158	317620	1
211158	1353114	1
899063	899066	1
899070	1353166	1
899070	317620	1
899070	273520	1
899070	1491379	1
272121	177078	1
272121	281986	1
272121	933279	1
272121	108870	1
272121	279922	1
272121	16375	1
272121	359632	1
272121	202191	1
272121	147902	1
272121	2429519	1
548225	56052	1
548225	2213246	1
548225	202191	1
548225	16375	1
548225	259769	1
548225	322529	1
548225	780796	1
120312	254976	1
423099	256558	1
32201	51671	1
32201	228408	1
32201	395816	1
32201	395814	1
32201	32207	1
32201	109661	1
32201	32181	1
32201	98149	1
32201	1770847	1
32201	191285	1
32201	210387	1
32201	32200	1
32201	1797546	1
56052	246536	1
56052	281474	1
56052	312278	1
56052	321044	1
56052	736768	1
56052	603179	1
56052	2213246	1
56052	1786015	1
56052	259769	1
246536	281986	1
246536	177078	1
246536	1786015	1
246536	96037	1
246536	603179	1
44306	44314	3
44306	61114	1
279922	177078	1
279922	281986	1
279922	202191	2
279922	96037	1
279922	933279	1
279922	910913	1
279922	736768	1
279922	259769	2
279922	704625	1
279922	603179	1
279922	780796	1
279922	16375	1
279922	824459	1
279922	272120	1
279922	2429519	1
279922	44309	1
279922	147902	1
359632	281474	1
359632	933279	1
359632	910913	1
359632	177078	1
359632	736768	1
359632	322529	1
359632	824459	1
359632	16375	1
177078	321044	1
177078	312278	1
177078	820900	1
259769	281986	1
259769	704625	1
259769	351419	1
910913	96037	1
933279	281986	1
933279	281474	1
933279	603179	1
820900	281986	1
820900	736768	2
820900	108870	1
820900	603179	1
820900	515885	1
820900	202191	1
820900	16375	1
60492	308465	1
1353204	1353114	1
1353204	1354230	1
281986	202191	1
1016358	166793	1
1016358	328853	1
1016358	863751	1
1016358	1327402	1
1016358	32202	1
1016358	621483	1
1246568	328853	1
1246568	1496904	1
419422	115798	1
419422	177584	1
419422	207945	1
419422	32190	1
833768	1353114	1
1354230	1353108	1
656335	278654	2
1252006	278656	1
1252006	278654	1
32195	234890	1
32195	1673569	1
32195	227874	1
234890	550701	1
234890	113428	1
16406	6181511	1
16406	6181509	1
16406	6181506	1
16406	111201	1
16406	266349	1
6181511	266349	1
6181511	111201	1
384185	293477	1
384185	108565	1
411946	83904	1
411946	55080	1
411946	413568	1
32199	318052	1
32199	32190	1
32199	457732	1
32199	603338	1
32199	119084	1
32199	880083	1
32199	190370	1
318052	219565	1
318052	208633	1
321044	281474	1
603179	96037	1
603179	16375	1
35303	736829	1
35303	1789473	1
35303	61114	1
347268	1256099	1
347268	95539	2
368787	824459	1
368787	351419	1
368787	515885	1
368787	659883	1
26955	97544	1
26955	646136	1
26955	646137	1
26955	646135	1
26955	328853	1
26955	1099152	1
26955	304968	1
26955	539813	1
26955	624405	1
26955	32196	1
26955	312208	1
26955	208633	1
26955	387994	1
26955	234422	1
205525	32197	1
1234493	1353108	1
1353108	449204	1
1786015	515885	1
83904	90541	1
83904	55080	1
83904	259352	1
83904	256053	1
83904	201571	1
83904	570542	1
83904	11012	1
266349	289231	1
266349	111201	1
312278	2213246	1
177340	899517	1
177340	76028	1
177340	207945	1
899517	76028	1
600884	32190	1
600884	457732	1
600884	119084	1
600884	187066	1
603338	219565	1
603338	32190	1
1353114	317620	1
96037	281474	1
32197	784747	1
308465	369747	1
1496904	621480	1
1496904	32202	1
1496904	621485	1
1496904	621481	1
1817820	328853	1
1817820	32202	1
32202	621485	2
32202	621483	2
32202	1984367	1
32202	328853	2
32202	115467	1
32202	863751	2
32202	621480	1
32202	166793	2
621485	621480	1
621485	621481	1
621485	166793	1
32190	208633	1
32190	456210	1
32190	41715	1
32190	219565	1
32190	880083	1
32190	776244	1
32190	456211	1
32190	190370	1
32190	457732	1
32190	76028	1
32190	1046219	1
32190	495002	1
32190	177584	1
32190	258074	1
32190	207390	1
32190	1762555	1
32190	262358	1
32190	623293	1
32190	1236441	1
32190	408938	1
208633	119084	1
208633	880083	1
76028	207945	1
76028	219565	1
76028	732482	1
76028	373845	1
76028	957152	1
76028	625542	1
76028	822083	1
76028	648954	1
76028	1746742	1
76028	92242	1
76028	928540	1
76028	2043893	1
76028	32187	1
76028	1871426	1
76028	200821	1
76028	163993	1
119084	457732	1
281474	824459	1
281474	322529	1
281474	147902	1
281474	272120	1
166793	1984696	1
166793	621480	1
166793	621481	1
822083	1746742	1
822083	1871426	1
822083	2043893	1
822083	200821	1
822083	92242	1
822083	928540	1
822083	648954	1
822083	163993	1
822083	32187	1
822083	625542	1
822083	957152	1
822083	373845	1
251877	1045202	1
4742346	370499	1
317620	449204	1
26952	370499	1
26952	1045202	1
26952	292354	1
26952	5371134	1
90541	413568	1
90541	1889434	1
413568	55080	1
51850	110862	1
1984367	621480	1
1984367	1984378	1
1984367	621483	1
621483	621480	1
328853	646136	1
328853	646137	1
328853	621481	1
328853	863751	1
328853	84684	1
958911	289231	1
958911	6181506	1
51671	228408	1
184712	211154	1
184712	184441	1
184712	184439	1
184712	184440	1
211154	184439	1
207945	1046219	1
190370	457732	1
190370	881771	1
190370	996740	1
190370	511349	1
621480	621481	1
202191	824459	1
784747	32205	1
784747	4017487	1
784747	1229427	1
784747	1876975	1
219565	604396	1
153980	410038	1
153980	170355	1
153980	84684	1
153980	18666	1
410038	170355	1
166320	55080	1
457732	32196	1
184440	184439	1
55080	330618	1
55080	48433	1
55080	8672	1
55080	289040	1
55080	160904	1
55080	1288075	1
55080	301687	1
55080	387647	1
55080	259913	1
55080	47333	1
55080	138572	1
55080	136135	1
184441	184439	1
184441	754761	1
32203	182699	1
32203	808973	1
41715	1576367	1
115467	578743	1
115467	439843	1
115467	113428	1
119484	1673569	1
119484	596931	1
119484	95537	1
72234	1314719	1
18553	989082	1
428424	1617040	1
278654	278656	1
278654	356311	1
140042	521661	1
278656	356311	1
220622	240758	1
1432230	1622616	1
131971	474468	1
462489	939357	1
462489	939358	1
42754	256190	1
154028	32204	1
154028	1132706	1
154028	1043775	1
154029	32204	1
144051	144053	1
32204	755119	1
32192	1055117	1
12550	109662	1
1631446	3318464	1
188810	215379	1
188810	32181	1
188810	32207	1
188810	210387	1
188810	1383481	1
188810	1797546	1
417399	417404	1
417399	417396	1
417399	96400	1
417399	10082	1
417399	260604	1
417399	149789	1
417404	417396	1
417404	97881	1
417404	10082	1
417404	2666	1
1237244	144321	1
1237245	342176	1
1237245	809065	1
442725	712777	1
442725	23165	1
442725	539260	1
95544	254070	1
95544	255804	1
95544	182929	1
95544	254072	1
95544	623293	2
95544	703539	1
95544	283469	1
95544	584628	1
254070	8672	1
254070	442174	1
254070	254072	1
254070	182929	1
149789	294411	1
149789	10082	1
149789	417397	1
149789	220594	1
149789	4007643	1
149789	10343	1
149789	2210953	1
149789	245741	1
149789	96400	1
417395	417402	1
417395	10343	1
417395	294410	1
417395	96400	1
417395	10082	1
417395	220594	1
115798	219705	1
115798	1046219	1
115798	258074	1
1055975	1924215	1
1055975	658976	1
1055975	1237250	1
1055975	144321	1
417397	10082	1
417397	96400	1
417397	220594	1
759183	96400	1
759183	2666	1
759183	10082	1
759183	10343	1
759183	97881	1
322529	824459	1
322529	16375	1
3243169	108687	1
3243169	539260	1
3243169	23165	1
3243169	364793	1
417393	2666	1
417393	630841	1
417393	10082	1
417393	220594	1
417402	220594	1
417402	96400	1
417402	10082	1
417402	2666	1
95546	12593	1
95546	1013029	1
95546	375279	1
95546	229566	1
95546	1143370	1
95546	671328	1
95546	765352	1
95546	304973	1
293477	108565	1
12593	108565	1
12593	611219	1
12593	1013029	1
12593	999914	1
12593	251716	1
12593	141103	1
219705	177584	1
219705	1046219	1
8672	254072	1
8672	442174	1
8672	138572	1
8672	47333	1
8672	271392	1
8672	153674	1
8672	48433	1
8672	721567	1
8672	387647	1
8672	259913	1
8672	30122	1
8672	73062	1
8672	289040	1
8672	301687	1
8672	119009	1
8672	330618	1
8672	388185	1
8672	95537	1
8672	299702	1
294411	10343	1
294411	2666	1
3324005	84975	1
3326895	84975	1
342176	658984	1
342176	809065	1
342176	144321	1
342176	610798	1
3775709	1237250	1
3775709	144321	1
142866	433356	1
280177	2666	1
280177	10082	1
280177	417396	1
252447	144954	1
269287	108870	1
269287	261930	1
269287	51857	1
1275923	32196	1
245741	2666	1
245741	294410	1
245741	96400	1
245741	10343	1
245741	10082	1
245741	220594	1
417396	96400	1
108870	96033	1
108870	48275	1
108870	51857	1
108870	51849	1
1146034	1146035	1
1146034	32196	1
1146035	32196	1
258074	177584	1
258074	207390	1
258074	255302	1
258074	3120816	1
258074	3233397	1
258074	3233618	1
258074	2343618	1
258074	619822	1
258074	646135	1
1046219	177584	1
1046219	177344	1
658984	144321	1
646136	646137	1
609626	495001	1
609626	1237241	1
609626	610798	1
609626	144321	1
108565	1013029	1
108565	375279	1
957223	1357291	1
957223	406150	1
957223	750087	1
957223	957219	1
4229609	2712438	1
10343	1121981	1
10343	630841	1
10343	97881	1
10343	10082	1
10343	96400	1
10343	2666	1
10343	4007643	1
10343	2101713	1
10343	1577736	1
10343	364236	1
10343	210657	1
10343	293746	1
10343	99601	1
10343	282968	1
10343	209478	1
10343	816783	1
10343	239930	1
10343	4452	1
10343	124280	1
10343	18666	1
10343	358999	1
10343	5049	1
10343	119009	1
10343	216726	1
1121981	97881	1
1121981	96400	1
1121981	220594	1
1121981	10082	1
97881	294410	1
97881	260604	1
97881	2666	1
97881	220594	1
97881	2210953	1
294410	220594	1
294410	2666	1
294410	10082	1
294410	96400	1
260604	10082	1
260604	2666	1
292323	261930	1
292323	548816	1
32187	379513	1
32187	2043893	1
32187	1871426	1
32187	1746742	1
32187	648954	1
32187	163993	1
32187	928540	1
32187	373845	1
32187	92242	1
32187	625542	1
32187	200821	1
32187	957152	1
32196	624568	1
32196	828933	1
32196	531461	1
32196	202092	1
32196	539813	1
630841	10082	1
630841	96400	1
356873	101784	1
251716	141103	1
96400	10082	1
96400	4007643	1
96400	2666	1
2666	2210953	1
177584	743835	1
1237250	495001	1
1237250	144321	1
220594	10082	1
15900	261867	1
15900	268951	1
15900	61499	1
15900	51672	1
15900	560717	1
15900	981629	1
44311	952330	1
44311	2101482	1
44311	1165752	1
44311	474064	1
44311	3384241	1
1237241	809065	1
10082	4007643	1
495002	743835	1
8435	485404	1
8435	1947304	1
712777	148475	1
712777	108687	1
712777	539260	1
712777	2178879	1
113036	2835665	1
113036	2835664	1
113036	2835666	1
113036	767390	1
6079694	2835666	1
101784	434215	1
144321	708238	1
624568	753821	1
624568	531461	1
743835	177344	1
375279	999914	1
375279	1013029	1
177235	386904	1
386904	56675	1
423761	342906	1
423761	56675	1
214124	2895363	1
1063528	76038	1
1063528	413739	1
539260	2178879	1
539260	11012	1
539260	468154	1
539260	4654	1
539260	468153	1
539260	103064	1
539260	86618	1
2178879	148475	1
646135	619822	1
1746742	1871426	1
1746742	957152	1
1746742	92242	1
1746742	200821	1
1746742	928540	1
1746742	2043893	1
1746742	373845	1
1746742	625542	1
1746742	648954	1
1746742	163993	1
1326222	1326223	1
4030039	531279	1
1439550	2228409	1
2228409	1435045	2
2228409	2736958	1
2228409	2356256	1
2228409	2169627	1
2228409	2749714	1
474064	1356336	1
148475	108687	1
1686820	543307	1
1439548	1439545	1
1439548	2169627	1
1439548	1435045	1
76038	413739	1
76038	235395	1
22587	197243	1
9765	2020215	1
92184	1971210	1
92184	3825204	1
92184	2465042	1
66358	45646	1
66358	10351	1
66358	15794	1
66358	261941	1
66358	21764	1
66358	8287	1
304968	1099152	1
7580577	7580578	1
4443403	4443404	1
204371	803615	1
32210	957131	1
47333	301687	1
47333	249829	1
47333	136135	1
47333	30122	1
47333	73062	1
47333	119009	1
47333	48433	1
47333	138572	1
47333	259913	1
47333	160904	1
47333	1288075	1
47333	153674	1
47333	721567	1
255047	798518	1
255047	1288076	1
255047	160904	1
255047	289040	1
255047	138572	1
255047	119009	1
255047	153674	1
255047	259913	1
255047	30122	1
262940	259770	1
262940	273427	1
262940	11012	1
262940	34524	1
262940	266348	1
262940	224329	1
262940	2836584	1
262940	839085	1
262940	570542	1
570542	34524	1
570542	266348	1
570542	11012	1
570542	2836584	1
2669376	1094340	1
2669376	2450026	1
4824388	1094340	1
4824388	281518	1
1589140	1986083	1
1589140	115605	2
1589140	1055021	1
212863	395814	1
212863	395817	1
212863	384856	1
30122	1288076	1
30122	273141	1
30122	136135	1
30122	301687	1
30122	249829	1
30122	1288075	1
30122	387647	1
30122	330618	1
30122	271392	1
30122	138572	1
1288076	289040	1
1288076	73062	1
1288076	138572	1
1288076	136135	1
1288076	160904	1
1288076	119009	1
1288076	271392	1
266407	11012	1
266407	259770	1
266407	34524	1
273427	259770	1
273427	34524	1
273427	259352	1
48433	119009	1
48433	798518	1
48433	387647	1
48433	160904	1
48433	1288075	1
48433	271392	1
48433	259913	1
48433	273141	1
119009	259913	1
119009	160904	1
119009	153674	1
119009	301687	1
119009	138572	1
119009	1288075	1
119009	330618	1
119009	387647	1
119009	73062	1
119009	124280	1
119009	293746	1
119009	216726	1
119009	99601	1
119009	18666	1
119009	209478	1
119009	282968	1
119009	358999	1
119009	5049	1
119009	239930	1
119009	364236	1
119009	4452	1
119009	816783	1
119009	210657	1
249829	301687	1
249829	721567	1
249829	136135	1
249829	330618	1
249829	798518	1
330618	259913	1
330618	73062	1
201571	266348	1
395816	395817	1
34524	266348	1
34524	11012	1
34524	340642	1
34524	602552	1
34524	259770	1
266348	340642	1
266348	11012	1
266348	602552	1
73062	301687	1
73062	259913	1
73062	798518	1
73062	289040	1
73062	273141	1
387647	138572	1
387647	136135	1
271392	798518	1
271392	259913	1
271392	160904	1
60559	1623053	2
1044517	353919	1
153674	160904	1
153674	273141	1
153674	138572	1
160904	1288075	1
160904	798518	1
160904	289040	1
485781	45676	1
798518	259913	1
798518	301687	1
721567	138572	1
1288075	301687	1
1288075	138572	1
3061959	281518	1
4824464	1094340	1
602552	340642	1
602552	259770	1
602552	11012	1
439843	262358	1
439843	91509	1
259352	259770	1
1833074	716921	1
1833074	685014	1
261930	358629	1
261930	457608	1
350933	1232709	1
1060954	433723	1
345477	1232709	1
353791	1402419	1
2450026	4841415	1
4841415	2450028	1
1833073	685014	1
421447	2450028	1
421447	341739	1
1315380	281518	1
289040	138572	1
289040	273141	1
3018984	3404805	1
200821	1159514	1
200821	373845	1
200821	648954	1
200821	92242	1
200821	1871426	1
200821	2043893	1
200821	957152	1
200821	163993	1
200821	928540	1
200821	625542	1
45676	567653	1
45676	1546415	1
138572	136135	1
340642	11012	1
11012	468154	1
11012	4654	2
11012	284253	1
11012	291337	1
11012	426655	1
11012	468153	1
11012	144998	1
11012	393500	1
11012	104958	1
108566	227875	1
108566	732482	1
259913	136135	1
148227	815286	1
148227	469026	1
2934363	2096278	1
3404805	1582573	1
3404805	480033	1
3404805	3066138	1
3404805	3404804	1
3404805	2096278	1
1341633	354399	1
1341633	419442	1
1341633	1341632	1
4974238	4974240	1
1317836	1317839	1
1317839	1317837	1
593729	2284577	1
2284579	593731	1
80156	7705826	1
9297	957131	1
1268013	1650986	1
548816	457608	1
2117752	2717028	1
358629	51849	1
977708	1232708	1
977708	1309244	1
3583311	2955805	1
1232709	1212526	1
2284577	593731	1
1094340	2450028	1
732482	110593	1
732482	622895	1
732482	3359800	1
51855	2136262	1
652720	1833076	1
281518	2450028	1
237741	896338	1
535117	1558921	1
535117	224223	1
1558920	224223	1
240755	154396	1
1877095	91509	1
227875	725143	1
95537	2602394	1
95537	567511	1
95537	671328	1
95537	1143370	1
95537	765352	1
95537	1642905	1
51857	48275	1
115605	1055021	1
844737	4395491	1
7209	32181	1
32181	1318761	1
32181	3875910	1
32181	32207	2
32181	109661	1
32181	32200	1
32181	1797546	1
32181	1770847	1
32181	191285	1
32181	98149	1
6708	803722	1
6708	803728	1
2096278	3404804	1
2096278	480033	1
2096278	3066138	1
2096278	1582573	1
344428	518192	1
93174	504727	1
528343	1389103	1
230788	368085	1
1303711	130243	1
1303711	1777178	1
15150	253098	1
45765	45766	1
334601	812596	1
92623	286086	1
1357291	957219	1
1357291	957222	1
468154	554446	1
468154	4654	1
468154	104958	1
468154	468153	1
554446	4654	1
554446	86618	1
554446	103064	1
291337	4654	1
291337	144998	1
291337	426655	1
291337	86618	1
291337	103064	1
291337	468153	1
291337	104958	1
291337	170358	1
393500	170358	1
393500	468153	1
393500	4654	1
393500	144998	1
578727	95540	1
578727	703539	1
578727	1236441	1
426655	103064	1
468153	86618	1
468153	240248	1
468153	144998	1
468153	4654	1
468153	297533	1
1777178	130243	1
86618	170358	1
86618	284253	1
86618	144998	1
86618	4654	1
86618	103064	1
725144	573116	1
304095	784738	1
6767415	6767416	1
6767415	4238966	1
323414	696503	1
309900	560717	1
309900	61499	1
309900	51672	1
361418	1736801	1
361418	981629	1
361418	51672	1
957219	750087	1
368085	130243	1
368085	4161878	1
538197	130243	1
51672	61499	1
51672	981629	1
61499	1736801	1
61499	981629	1
104958	4654	1
784737	202092	1
5668	227036	1
5668	17589	1
5668	94874	1
18985	17589	1
18985	227036	1
4654	297533	1
4654	284253	1
240248	170358	1
240248	103064	1
335785	833240	1
335785	257353	1
335785	1421378	1
335785	1020492	1
335785	874561	1
335785	17545	1
335785	3865	1
335785	872312	1
335785	59407	1
335785	1070057	1
676918	439106	1
296823	1300364	1
7262187	10081	1
7262187	7262188	1
10081	7262188	1
10081	2783572	1
10081	6165918	1
10081	5455066	1
703539	1236441	1
95540	623293	1
7514704	7514706	1
7514705	347438	1
206281	1050151	1
342906	56675	1
7012159	3406514	1
3406514	347438	1
48275	51849	1
184432	187065	1
2602393	231413	1
2602393	2602394	1
297994	2817436	1
32200	32207	1
32200	3875910	1
32200	191285	1
32200	1770847	1
32200	109661	1
32200	1797546	1
32200	98149	1
32200	210387	1
1318761	32207	1
1462476	256132	1
2735388	347438	1
2735388	5748629	1
297533	144998	1
567511	231413	1
5748629	4411904	1
780238	187066	1
170358	103064	1
4238966	6767416	1
144998	103064	1
31759	2227171	1
231413	2602395	1
202092	624405	1
525147	1424246	1
525147	200814	1
525147	745920	1
525147	775330	1
525147	833851	1
525147	252998	1
525147	336054	1
525147	1424239	1
525147	571761	1
525147	859780	1
525147	539817	1
525147	745929	1
32207	98149	1
32207	191285	1
32207	1797546	1
32207	212001	1
32207	379510	1
32207	3347063	1
8575	957238	1
1377229	91815	1
510516	4473972	1
309857	130243	1
418871	550701	1
550701	113428	1
2602395	304973	1
623293	584628	1
623293	283469	1
304973	1143370	1
240219	411280	1
411280	1091357	1
157480	177049	1
628737	1200940	1
65645	837348	1
65645	268962	1
35328	2219395	2
573116	778532	1
406150	750087	1
56675	810077	1
17589	227036	1
166534	812596	1
1200940	2457407	1
104514	774486	1
159616	413766	1
1963662	1027800	1
679507	3164466	1
253245	22946	1
253245	423436	1
312208	22946	1
97664	1460831	1
61114	384770	2
342540	342542	1
209415	544860	1
51852	1495693	1
307036	812643	1
14632	184711	1
184711	411407	1
184711	616463	1
184711	2360754	1
184711	156896	1
184711	184431	1
184711	3053107	1
184711	397605	1
184711	3053108	1
184711	2360756	1
184711	630957	1
184711	3053106	1
184711	2360753	1
184711	2111957	1
184711	926408	1
184711	430553	1
544852	1966350	1
314292	322007	1
2923672	5732591	1
97532	177817	1
990454	2120484	1
728547	4902527	1
4902526	4902523	1
820851	5973100	1
1080896	4902527	1
2266632	755887	1
1613932	4146687	1
4511474	4146687	1
147754	2081227	1
147754	369975	1
147754	311028	1
147754	1157758	1
560038	947279	1
560038	1084383	1
4902523	4902524	1
4902525	328464	1
4902525	4902527	1
4902525	845783	1
542503	1059683	1
542503	347276	1
5885076	1059683	1
5885076	744558	1
5885076	347276	1
5885076	506824	1
699448	947279	1
699448	79409	1
2081227	79409	1
2081227	369975	1
369975	1084383	1
369975	311028	1
369975	1157758	1
369975	220359	1
369975	1673479	1
369975	271005	1
1084383	2146895	1
1084383	220359	1
1482320	1842048	1
2872416	1842049	1
2872416	1095398	1
2872416	1842048	1
666098	3134430	1
147902	2429519	1
4136855	240780	1
4511468	4511473	1
4511468	4511476	1
2146895	79409	1
367935	744558	1
367935	148406	1
2035499	317295	1
2035499	347276	1
191285	210387	1
191285	1797546	1
191285	1770847	1
191285	1383481	1
210387	109661	1
210387	1797546	1
130577	2042696	1
130577	1862030	1
130577	546336	1
44312	833092	1
44312	1827976	1
44312	486770	1
833092	2089534	1
833092	710043	1
833092	156382	1
1919102	486770	1
1919102	156382	1
1919102	1827976	1
1232622	738010	1
98149	109661	1
98149	1770847	1
271005	311028	1
271005	220359	1
754761	754759	1
255302	2343618	1
255302	84684	1
1836945	1966430	1
148406	317295	1
148406	347276	1
220359	4996905	1
220359	79409	1
84684	3233618	1
84684	3120816	1
84684	605745	1
84684	18666	1
1132706	1043775	1
808973	261932	1
2671063	4902524	1
2671063	328464	1
311028	4996905	1
311028	1673479	1
2089534	486770	1
3120816	605745	1
109661	1797546	1
109661	1770847	1
4511473	4511470	1
928490	39885	1
44309	832426	1
44309	272120	1
832426	272120	1
3233925	4059439	1
69866	947279	1
69866	492344	1
156382	250334	1
156382	486770	1
156382	1827976	1
181945	2855121	1
181945	1324771	1
4511476	4146687	1
250334	486770	1
4511470	4146687	1
637162	656398	1
325949	3501041	1
506824	317295	1
317295	347276	1
1435045	2169627	1
1435045	1439545	1
1435045	5563696	1
1435045	2731411	1
1435045	2749714	1
1435045	2731412	1
1435045	2736958	1
1435045	2356256	1
486770	1827976	1
486770	131042	1
5017	8576	1
5017	154858	1
8576	8578	1
1059683	347276	1
138771	1532136	1
947279	648840	1
754648	776853	1
754648	4136857	1
39768	269324	1
39768	322819	1
269324	304936	1
1901128	347276	1
2221941	2221942	1
6541426	785699	1
2216124	1789473	1
18666	20991	1
18666	210657	1
18666	282968	1
18666	293746	1
18666	239930	1
18666	209478	1
18666	816783	1
18666	4452	1
18666	99601	1
18666	216726	1
18666	364236	1
18666	358999	1
18666	5049	1
18666	124280	1
387994	234422	1
39885	523633	1
234874	2124823	1
736695	924392	1
736695	450423	1
604396	465982	1
423436	472611	1
1330031	4959405	1
234869	403580	1
344875	345832	1
32191	231641	1
87814	252391	1
749315	749316	1
227473	2234306	1
3452	14898	1
222379	1969087	1
222379	10360	1
128516	339220	1
676363	6716002	1
124280	216726	1
124280	99601	1
124280	209478	1
124280	4452	1
124280	816783	1
124280	293746	1
124280	282968	1
124280	210657	1
124280	239930	1
124280	5049	1
124280	364236	1
124280	358999	1
216726	293746	1
216726	4452	1
216726	358999	1
216726	239930	1
216726	282968	1
216726	816783	1
216726	99601	1
216726	209478	1
216726	210657	1
216726	5049	1
216726	364236	1
471033	764902	1
471033	892386	1
471033	1221595	1
471033	2092189	1
471033	1129628	1
471033	815146	1
471033	927478	1
471033	1826965	1
471033	1334516	1
471033	892387	1
764902	815146	1
764902	1826965	1
764902	1221595	1
764902	892386	1
764902	1129628	1
764902	927478	1
764902	1334516	1
764902	892387	1
764902	2092189	1
210657	358999	1
210657	99601	1
210657	282968	1
210657	293746	1
210657	4452	1
210657	209478	1
210657	5049	1
210657	364236	1
210657	239930	1
210657	816783	1
926408	3053108	1
926408	411407	1
926408	156896	1
926408	397605	1
926408	184431	1
926408	630957	1
926408	430553	1
926408	2360756	1
926408	3053107	1
926408	3053106	1
926408	616463	1
926408	2360754	1
926408	2360753	1
926408	2111957	1
3053108	2360756	1
3053108	2111957	1
3053108	156896	1
3053108	397605	1
3053108	630957	1
3053108	2360754	1
3053108	616463	1
3053108	430553	1
3053108	411407	1
3053108	3053107	1
3053108	184431	1
3053108	3053106	1
3053108	2360753	1
373845	92242	1
373845	2043893	1
373845	648954	1
373845	625542	1
373845	1871426	1
373845	957152	1
373845	928540	1
373845	163993	1
364236	209478	1
364236	282968	1
364236	293746	1
364236	239930	1
364236	358999	1
364236	4452	1
364236	5049	1
364236	816783	1
364236	99601	1
833240	1421378	1
833240	17545	1
833240	1070057	1
833240	3865	1
833240	872312	1
833240	59407	1
833240	1020492	1
833240	874561	1
59407	874561	1
59407	3865	1
59407	1020492	1
59407	1421378	1
59407	257353	1
59407	872312	1
59407	1070057	1
59407	17545	1
874561	1020492	1
874561	1421378	1
874561	17545	1
874561	3865	1
874561	257353	1
874561	1070057	1
874561	872312	1
336054	745929	1
336054	859780	1
336054	833851	1
336054	745920	1
336054	252998	1
336054	1424246	1
336054	775330	1
336054	539817	1
336054	571761	1
336054	200814	1
336054	1424239	1
745929	252998	1
745929	200814	1
745929	539817	1
745929	745920	1
745929	859780	1
745929	571761	1
745929	833851	1
745929	1424246	1
745929	775330	1
745929	1424239	1
411407	616463	1
411407	630957	1
411407	3053107	1
411407	430553	1
411407	184431	1
411407	2360754	1
411407	2360753	1
411407	397605	1
411407	2111957	1
411407	156896	1
411407	2360756	1
411407	3053106	1
616463	630957	1
616463	430553	1
616463	2360754	1
616463	3053107	1
616463	397605	1
616463	2111957	1
616463	184431	1
616463	2360753	1
616463	2360756	1
616463	156896	1
616463	3053106	1
200814	775330	1
200814	745920	1
200814	833851	1
200814	252998	1
200814	1424239	1
200814	571761	1
200814	859780	1
200814	539817	1
200814	1424246	1
775330	745920	1
775330	1424246	1
775330	1424239	1
775330	859780	1
775330	252998	1
775330	833851	1
775330	539817	1
775330	571761	1
2736958	2356256	1
2736958	2749714	1
2736958	2169627	1
6683028	6683029	1
6683028	6683027	1
6683028	267345	1
6683028	615978	1
6683028	6683025	1
6683028	6683026	1
6683028	4374863	1
6683028	2136566	1
6683028	5092933	1
6683028	6683030	1
6683029	6683027	1
6683029	6683025	1
6683029	5092933	1
6683029	6683026	1
6683029	2136566	1
6683029	267345	1
6683029	4374863	1
6683029	6683030	1
6683029	615978	1
1871426	957152	1
1871426	2043893	1
1871426	648954	1
1871426	92242	1
1871426	163993	1
1871426	625542	1
1871426	928540	1
212001	379510	1
212001	3347063	1
379510	3347063	1
1439545	5563696	1
1439545	2731412	1
1439545	2731411	1
1439545	2169627	1
5563696	2731411	1
5563696	2731412	1
130580	3526345	1
130580	702268	1
130580	3526344	1
130580	1464306	1
3526345	1464306	1
3526345	702268	1
3526345	3526344	1
2136566	6683030	1
2136566	6683026	1
2136566	6683027	1
2136566	5092933	1
2136566	267345	1
2136566	4374863	1
2136566	6683025	1
2136566	615978	1
6683030	615978	1
6683030	6683026	1
6683030	4374863	1
6683030	267345	1
6683030	6683025	1
6683030	5092933	1
6683030	6683027	1
252998	571761	1
252998	1424239	1
252998	539817	1
252998	1424246	1
252998	745920	1
252998	833851	1
252998	859780	1
745920	859780	1
745920	1424246	1
745920	833851	1
745920	571761	1
745920	1424239	1
745920	539817	1
388307	619557	1
388307	1445854	1
619557	1445854	1
859780	833851	1
859780	571761	1
859780	539817	1
859780	1424246	1
859780	1424239	1
539817	571761	1
539817	833851	1
539817	1424246	1
539817	1424239	1
571761	833851	1
571761	1424239	1
571761	1424246	1
156896	2360754	1
156896	397605	1
156896	3053106	1
156896	2360753	1
156896	2360756	1
156896	3053107	1
156896	430553	1
156896	2111957	1
156896	630957	1
156896	184431	1
2360754	3053106	1
2360754	2360756	1
2360754	2111957	1
2360754	630957	1
2360754	3053107	1
2360754	184431	1
2360754	430553	1
2360754	397605	1
2360754	2360753	1
560240	793727	1
560240	823887	1
560240	648105	1
560240	288238	1
560240	443327	1
560240	606315	1
560240	559060	1
560240	606319	1
560240	1691533	1
560240	508959	1
793727	288238	1
793727	508959	1
793727	648105	1
793727	559060	1
793727	1691533	1
793727	606319	1
793727	823887	1
793727	606315	1
793727	443327	1
19132	483912	1
508959	559060	1
508959	1691533	1
508959	606319	1
508959	443327	1
508959	648105	1
508959	288238	1
508959	823887	1
508959	606315	1
559060	606319	1
559060	823887	1
559060	648105	1
559060	443327	1
559060	288238	1
559060	1691533	1
559060	606315	1
257353	1421378	1
257353	872312	1
257353	1020492	1
257353	1070057	1
257353	3865	1
257353	17545	1
130575	355859	1
130575	61483	1
130575	288207	1
130575	772181	1
130575	273983	1
130575	315793	1
130575	328191	1
130575	422969	1
355859	273983	1
355859	61483	1
355859	772181	1
355859	422969	1
355859	315793	1
131046	131047	1
131046	15809	1
131046	15807	1
131046	131040	1
131046	131048	1
131046	131050	1
131046	131049	1
131047	131049	1
131047	131050	1
131047	15809	1
131047	131040	1
131047	15807	1
131047	131048	1
283469	584628	1
957152	928540	1
957152	92242	1
957152	2043893	1
957152	625542	1
957152	163993	1
957152	648954	1
5049	209478	1
5049	358999	1
5049	816783	1
5049	239930	1
5049	4452	1
5049	293746	1
5049	282968	1
5049	99601	1
209478	816783	1
209478	293746	1
209478	282968	1
209478	239930	1
209478	4452	1
209478	358999	1
209478	99601	1
2360756	3053106	1
2360756	430553	1
2360756	2360753	1
2360756	184431	1
2360756	3053107	1
2360756	2111957	1
2360756	630957	1
2360756	397605	1
3053106	397605	1
3053106	430553	1
3053106	630957	1
3053106	2111957	1
3053106	3053107	1
3053106	184431	1
3053106	2360753	1
815146	1129628	1
815146	1334516	1
815146	1826965	1
815146	892387	1
815146	927478	1
815146	1221595	1
815146	892386	1
815146	2092189	1
1129628	892386	1
1129628	892387	1
1129628	1826965	1
1129628	927478	1
1129628	2092189	1
1129628	1221595	1
1129628	1334516	1
1359809	1359810	1
32205	1229427	1
32205	1876975	1
32205	4017487	1
293746	816783	1
293746	358999	1
293746	99601	1
293746	239930	1
293746	4452	1
293746	282968	1
816783	4452	1
816783	239930	1
816783	282968	1
816783	358999	1
816783	99601	1
833851	1424239	1
833851	1424246	1
1464306	3526344	1
1464306	702268	1
3526344	702268	1
6942708	6942710	1
6942708	6942707	1
6942708	6942709	1
6942708	6917021	1
6942710	6917021	1
6942710	6942707	1
6942710	6942709	1
4374863	5092933	1
4374863	6683027	1
4374863	615978	1
4374863	6683025	1
4374863	267345	1
4374863	6683026	1
5092933	615978	1
5092933	6683025	1
5092933	6683026	1
5092933	6683027	1
5092933	267345	1
184431	630957	1
184431	397605	1
184431	2360753	1
184431	2111957	1
184431	3053107	1
184431	430553	1
630957	2111957	1
630957	430553	1
630957	3053107	1
630957	397605	1
630957	2360753	1
648954	625542	1
648954	92242	1
648954	163993	1
648954	2043893	1
648954	928540	1
15809	131040	1
15809	131048	1
15809	15807	1
15809	131049	1
15809	131050	1
892386	892387	1
892386	1826965	1
892386	2092189	1
892386	927478	1
892386	1334516	1
892386	1221595	1
892387	1221595	1
892387	2092189	1
892387	927478	1
892387	1334516	1
892387	1826965	1
358999	99601	1
358999	282968	1
358999	4452	1
358999	239930	1
397605	3053107	1
397605	430553	1
397605	2111957	1
397605	2360753	1
3053107	2360753	1
3053107	430553	1
3053107	2111957	1
2043893	625542	1
2043893	163993	1
2043893	928540	1
2043893	92242	1
1229427	1876975	1
1229427	4017487	1
1876975	4017487	1
1421378	1070057	1
1421378	3865	1
1421378	872312	1
1421378	17545	1
1421378	1020492	1
2111957	2360753	1
2111957	430553	1
15807	131048	1
15807	131040	1
15807	131050	1
15807	131049	1
131048	131040	1
131048	131049	1
131048	131050	1
45646	261941	1
45646	8287	1
45646	21764	1
45646	15794	1
45646	10351	1
99601	4452	1
99601	282968	1
99601	239930	1
872312	1020492	1
872312	17545	1
872312	1070057	1
872312	3865	1
1020492	3865	1
1020492	17545	1
1020492	1070057	1
273983	772181	1
273983	422969	1
273983	315793	1
273983	61483	1
772181	422969	1
772181	315793	1
772181	61483	1
92242	625542	1
92242	163993	1
92242	928540	1
6683027	6683025	1
6683027	615978	1
6683027	6683026	1
6683027	267345	1
17545	3865	1
17545	1070057	1
3865	1070057	1
168686	1333071	1
168686	558923	1
1333071	558923	1
124115	1442158	1
625542	163993	1
625542	928540	1
928540	163993	1
288207	422969	1
288207	61483	1
288207	328191	1
422969	315793	1
422969	61483	1
422969	328191	1
282968	239930	1
282968	4452	1
261941	10351	1
261941	15794	1
261941	8287	1
261941	21764	1
267345	615978	1
267345	6683025	1
267345	6683026	1
4452	239930	1
1424239	1424246	1
823887	606315	1
823887	443327	1
823887	606319	1
823887	1691533	1
823887	288238	1
823887	648105	1
61483	328191	1
61483	315793	1
622895	3359800	1
427537	1139719	1
2169627	2749714	1
2169627	2356256	1
4048370	4048371	1
4048370	5589865	1
4048371	5589865	1
1582573	3404804	1
1582573	480033	1
1582573	3066138	1
3404804	480033	1
3404804	3066138	1
256779	256780	1
256779	29855	1
256779	99472	1
256779	10360	1
256779	256778	1
256779	256792	1
256779	254007	1
256780	10360	1
256780	256778	1
256780	254007	1
256780	99472	1
256780	256792	1
256780	29855	1
62837	64836	1
2356256	2749714	1
288238	648105	1
288238	606319	1
288238	1691533	1
288238	606315	1
288238	443327	1
648105	606315	1
648105	1691533	1
648105	443327	1
648105	606319	1
2471722	4592070	1
2471722	4592068	1
2471722	793391	1
4592070	4592068	1
4592070	793391	1
1528489	1984495	1
480033	3066138	1
509595	604144	1
509595	198223	1
604144	198223	1
778873	790435	1
8287	10351	1
8287	15794	1
8287	21764	1
10351	15794	1
10351	21764	1
1826965	1221595	1
1826965	2092189	1
1826965	1334516	1
1826965	927478	1
6683025	6683026	1
6683025	615978	1
131040	131049	1
131040	131050	1
2297017	2772016	1
29855	99472	1
29855	254007	1
29855	10360	1
29855	256778	1
29855	49644	1
29855	256792	1
15794	21764	1
615978	6683026	1
1462715	2084646	1
1113579	2331668	1
1113579	776857	1
2331668	776857	1
606315	1691533	1
606315	606319	1
606315	443327	1
104916	488196	1
1334516	927478	1
1334516	1221595	1
1334516	2092189	1
84643	648852	1
2092189	1221595	1
2092189	927478	1
57946	286465	1
1221595	927478	1
606319	1691533	1
606319	443327	1
10360	254007	1
10360	49644	1
10360	256778	1
10360	99472	1
10360	256792	1
4118369	4118370	1
2320341	3674209	1
2320341	1563503	1
3674209	1563503	1
430553	2360753	1
227475	2064509	1
227475	1843969	1
2064509	1843969	1
1691533	443327	1
190250	2452303	1
99472	254007	1
99472	256778	1
99472	256792	1
131049	131050	1
130591	2499641	1
235034	380357	1
4468186	4468187	1
452780	553350	1
254007	256778	1
254007	256792	1
793391	4592068	1
6942707	6917021	1
6942707	6942709	1
311963	1052497	1
419442	1341632	1
419442	354399	1
1341632	354399	1
256778	256792	1
260091	274441	1
260091	337575	1
274441	337575	1
780862	1671830	1
6917021	6942709	1
2731411	2731412	1
696495	1362492	1
602939	1621578	1
18956	2028347	1
2022920	3757450	1
125381	449900	1
1157219	2036156	1
2836584	839085	1
3320914	3320915	1
1367198	1756597	1
536717	1850939	1
136886	2514471	1
2514471	1212205	1
64791	100519	1
436852	800256	1
637110	909193	1
637110	146256	1
909193	146256	1
634	522404	1
1406821	3580910	1
149048	1174706	1
470095	2020090	1
470095	172760	1
4618565	5569267	1
851817	1010217	1
1939508	1974445	1
1120087	1207276	1
1506058	2904083	1
14045	80122	1
1083114	1214412	1
1617038	1877098	1
1957917	1957918	1
1475257	2164085	1
391	65145	1
676581	1158506	1
182998	985986	1
708000	3097214	1
