48284	83904	1
48284	90541	1
48284	166320	1
48284	411946	1
256156	83904	1
256156	411946	1
256156	166320	1
256156	413568	1
256156	90541	1
179366	228415	1
179366	32201	1
228407	32201	1
228407	228408	1
228407	51671	1
262357	1036828	1
262357	833768	1
262357	1353114	1
262357	317620	1
262357	899070	1
262357	95540	1
899061	273520	1
899061	1353204	1
644142	56052	1
644142	246536	1
644142	279922	1
644142	910913	1
1054895	56052	1
1054895	202191	1
1054895	279922	1
1054895	44309	1
1054895	2429519	1
32208	205525	1
32208	26955	1
32208	784747	1
32208	32210	1
32208	957131	1
32208	97544	1
4637417	32197	1
4637417	97544	1
4637417	26955	1
4637417	205525	1
1036828	1353166	1
1036828	211158	1
1036828	1354230	1
228415	32201	1
228415	51671	1
211158	833768	1
211158	1354230	1
211158	419422	1
211158	899066	1
211158	317620	1
211158	1353114	1
899063	899066	1
899070	1353166	1
899070	317620	1
899070	273520	1
899070	1491379	1
272121	177078	1
272121	281986	1
272121	933279	1
272121	108870	1
272121	16375	1
272121	359632	1
272121	202191	1
272121	147902	1
272121	2429519	1
548225	56052	1
548225	2213246	1
548225	202191	1
548225	16375	1
548225	259769	1
548225	322529	1
548225	780796	1
120312	254976	1
423099	256558	1
32201	51671	1
32201	228408	1
32201	395816	1
32201	395814	1
32201	32207	1
32201	109661	1
32201	32181	1
32201	98149	1
32201	1770847	1
32201	191285	1
32201	210387	1
32201	32200	1
32201	1797546	1
56052	246536	1
56052	281474	1
56052	312278	1
56052	321044	1
56052	736768	1
56052	603179	1
56052	2213246	1
56052	1786015	1
56052	259769	1
246536	281986	1
246536	177078	1
246536	1786015	1
246536	96037	1
246536	603179	1
44306	44314	3
44306	61114	1
44314	61117	1
279922	177078	1
279922	281986	1
279922	202191	2
279922	96037	1
279922	933279	1
279922	910913	1
279922	736768	1
279922	259769	2
279922	704625	1
279922	603179	1
279922	780796	1
279922	16375	1
279922	824459	1
279922	272120	1
279922	2429519	1
279922	44309	1
279922	147902	1
279922	813108	1
279922	767548	1
279922	20124	1
279922	813107	1
279922	938211	1
279922	813109	1
279922	1226050	1
279922	345805	1
279922	4675308	1
279922	279905	1
359632	281474	1
359632	933279	1
359632	910913	1
359632	177078	1
359632	736768	1
359632	322529	1
359632	824459	1
359632	16375	1
177078	321044	1
177078	312278	1
177078	820900	1
177078	2224862	1
177078	587496	1
177078	648905	1
177078	269286	1
177078	368787	1
177078	51849	1
177078	788312	1
177078	81857	1
177078	421574	1
177078	328758	1
259769	281986	1
259769	704625	1
259769	351419	1
910913	96037	1
933279	281986	1
933279	281474	1
933279	603179	1
820900	281986	1
820900	736768	2
820900	108870	1
820900	603179	1
820900	515885	1
820900	202191	1
820900	16375	1
60492	308465	1
1353204	1353114	1
1353204	1354230	1
281986	202191	1
1016358	166793	1
1016358	328853	1
1016358	863751	1
1016358	1327402	1
1016358	32202	1
1016358	621483	1
1246568	328853	1
1246568	1496904	1
419422	115798	1
419422	177584	1
419422	207945	1
419422	32190	1
833768	1353114	1
1354230	1353108	1
656335	278654	2
1252006	278656	1
1252006	278654	1
32195	1673569	1
32195	227874	1
32195	622895	1
32195	32180	1
32195	177344	1
32195	115467	1
32195	446295	1
32195	868168	1
32195	227870	1
32195	76028	1
234890	113428	1
234890	119484	1
234890	26955	1
234890	868168	1
234890	32180	1
234890	294480	1
234890	76028	1
16406	6181511	1
16406	6181509	1
16406	6181506	1
16406	111201	1
16406	266349	1
6181511	266349	1
6181511	111201	1
384185	293477	1
384185	108565	1
411946	83904	1
411946	55080	1
411946	413568	1
32199	318052	1
32199	32190	1
32199	457732	1
32199	603338	1
32199	119084	1
32199	880083	1
32199	190370	1
32199	193936	1
32199	212000	1
318052	219565	1
318052	208633	1
321044	281474	1
603179	96037	1
603179	16375	1
35303	736829	1
35303	1789473	1
35303	61114	1
35303	757450	1
35303	44313	1
44313	1198930	1
44313	593880	1
347268	1256099	1
347268	95539	2
368787	824459	1
368787	351419	1
368787	515885	1
368787	659883	1
368787	587496	1
368787	648905	1
368787	2224862	1
368787	51849	1
368787	269286	1
368787	81857	1
368787	421574	1
368787	788312	1
368787	328758	1
26955	97544	1
26955	646136	1
26955	646137	1
26955	646135	1
26955	328853	1
26955	1099152	1
26955	304968	1
26955	539813	1
26955	624405	1
26955	32196	1
26955	312208	1
26955	208633	1
26955	387994	1
26955	234422	1
26955	868168	1
26955	115467	1
26955	32202	1
26955	1051386	1
26955	32190	1
26955	76028	1
26955	119484	1
26955	622895	1
26955	294480	1
26955	227870	1
26955	91504	1
26955	619851	1
205525	32197	1
1234493	1353108	1
1353108	449204	1
1786015	515885	1
83904	90541	1
83904	55080	1
83904	259352	1
83904	256053	1
83904	201571	1
83904	570542	1
83904	11012	1
266349	289231	1
266349	111201	1
312278	2213246	1
177340	899517	1
177340	76028	1
177340	207945	1
899517	76028	1
600884	32190	1
600884	457732	1
600884	119084	1
600884	187066	1
603338	219565	1
603338	32190	1
1353114	317620	1
96037	281474	1
32197	784747	1
308465	369747	1
1496904	621480	1
1496904	32202	1
1496904	621485	1
1496904	621481	1
1817820	328853	1
1817820	32202	1
32202	621485	2
32202	621483	2
32202	1984367	1
32202	328853	2
32202	863751	2
32202	621480	1
32202	166793	2
32202	32180	1
32202	868168	1
32202	32190	1
32202	76028	1
32202	92243	1
32202	1051386	1
32202	294480	1
32202	605779	1
621485	166793	1
32190	208633	1
32190	456210	1
32190	41715	1
32190	219565	1
32190	880083	1
32190	776244	1
32190	456211	1
32190	190370	1
32190	457732	1
32190	76028	2
32190	1046219	1
32190	495002	1
32190	177584	1
32190	258074	1
32190	207390	1
32190	1762555	1
32190	262358	1
32190	623293	1
32190	1236441	1
32190	408938	1
32190	32180	1
32190	446295	1
32190	227870	1
32190	605779	1
32190	115467	1
32190	119484	1
32190	622895	1
32190	868168	1
32190	92243	1
32190	1051383	1
32190	1057001	1
32190	187048	1
32190	184712	1
208633	119084	1
208633	880083	1
76028	207945	1
76028	219565	1
76028	732482	1
76028	957152	1
76028	648954	1
76028	1746742	1
76028	928540	1
76028	2043893	1
76028	32187	1
76028	1871426	1
76028	163993	1
76028	119484	1
76028	177344	1
76028	1051383	1
76028	605779	1
76028	269868	1
76028	756840	1
76028	457732	1
76028	11696	1
119084	457732	1
281474	824459	1
281474	322529	1
281474	147902	1
281474	272120	1
465884	957676	1
465884	76038	1
465884	928380	1
465884	200813	1
166793	1984696	1
166793	621480	1
166793	621481	1
91504	1378754	1
91504	925138	1
91504	11696	1
251877	1045202	1
4742346	370499	1
317620	449204	1
26952	370499	1
26952	1045202	1
26952	292354	1
26952	5371134	1
26952	3419978	1
90541	413568	1
90541	1889434	1
413568	55080	1
51850	110862	1
1984367	621480	1
1984367	1984378	1
1984367	621483	1
621483	621480	1
328853	646136	1
328853	646137	1
328853	621481	1
328853	863751	1
328853	84684	1
958911	289231	1
958911	6181506	1
51671	228408	1
184712	211154	1
184712	184441	1
184712	184439	1
184712	184440	1
184712	1445879	1
184712	156896	1
184712	1397707	1
211154	184439	1
207945	1046219	1
190370	457732	1
190370	881771	1
190370	996740	1
190370	511349	1
621480	621481	1
202191	824459	1
61498	1081198	1
219565	604396	1
153980	410038	1
153980	170355	1
153980	84684	1
153980	18666	1
153980	224329	1
153980	842085	1
153980	325672	1
153980	1056568	1
153980	170760	1
153980	757911	1
153980	1360609	1
153980	1360611	1
153980	617133	1
153980	1360610	1
153980	546504	1
153980	282137	1
153980	1097804	1
153980	546501	1
153980	539272	1
153980	374777	1
153980	39885	1
153980	262940	1
153980	833014	1
410038	170355	1
166320	55080	1
457732	32196	1
184440	184439	1
184440	4653238	1
55080	330618	1
55080	48433	1
55080	8672	1
55080	289040	1
55080	160904	1
55080	1288075	1
55080	301687	1
55080	387647	1
55080	259913	1
55080	47333	1
55080	138572	1
55080	136135	1
184441	184439	1
184441	754761	1
32203	182699	1
32203	808973	1
41715	1576367	1
115467	578743	1
115467	439843	1
115467	113428	1
115467	92243	1
115467	605779	1
115467	177344	1
115467	873334	1
119484	1673569	1
119484	596931	1
119484	95537	1
119484	1051383	1
119484	32180	1
119484	868168	1
119484	92243	1
72234	1314719	1
184430	1057001	1
193246	1397707	1
784709	1055117	1
18553	989082	1
428424	1617040	1
278654	278656	1
140042	521661	1
220622	240758	2
220622	76092	1
220622	240765	1
220622	617447	1
220622	240755	1
220622	240763	1
220622	204371	1
220622	227865	1
220622	227866	1
220622	240762	1
220622	240752	1
220622	240757	1
220622	217748	1
220622	617448	1
220622	240760	1
220622	240759	1
1432230	1439547	1
1432230	2731854	1
1432230	7091869	1
1432230	1435045	1
1432230	1622616	1
1432230	6237149	1
1622616	5833517	1
1622616	1435045	1
1622616	3390973	1
1622616	2406786	1
1622616	2731855	1
1622616	2736646	1
131971	474468	1
462489	939357	1
462489	939358	1
240765	240759	1
240765	227865	1
240765	227866	1
240765	617447	1
240765	76092	1
240765	240763	1
240765	204371	1
240765	240752	1
240765	240758	1
240765	617448	1
240765	240755	1
240765	240760	1
240765	240762	1
240765	240757	1
240765	217748	1
42754	256190	1
305848	305849	1
305848	154029	1
305848	91566	1
154028	32204	1
154028	1132706	1
154028	1043775	1
154029	32204	1
154029	91566	1
154029	305849	1
144051	144053	1
32204	755119	1
32192	1055117	1
32192	105466	1
32192	105469	1
32192	32191	1
32192	91511	1
32192	1519916	1
12550	109662	1
1631446	3318464	1
188810	215379	1
188810	32181	1
188810	32207	1
188810	210387	1
188810	1383481	1
188810	1797546	1
417399	417404	1
417399	417396	1
417399	96400	1
417399	10082	1
417399	260604	1
417399	149789	1
417404	417396	1
417404	97881	1
417404	10082	1
417404	2666	1
1237244	144321	1
1237245	342176	1
1237245	809065	1
442725	712777	1
442725	23165	1
442725	539260	1
95544	254070	1
95544	255804	1
95544	182929	1
95544	254072	1
95544	623293	2
95544	703539	1
95544	548608	1
95544	442174	1
95544	185006	1
95544	95546	1
95544	115466	1
95544	335045	1
95544	261293	1
95544	95537	1
95544	95541	1
95544	999914	1
254070	8672	1
254070	442174	1
254070	254072	1
254070	182929	1
149789	294411	1
149789	10082	1
149789	417397	1
149789	220594	1
149789	4007643	1
149789	10343	1
149789	2210953	1
149789	245741	1
149789	96400	1
417395	417402	1
417395	10343	1
417395	294410	1
417395	96400	1
417395	10082	1
417395	220594	1
115798	219705	1
115798	1046219	1
115798	258074	1
1055975	1924215	1
1055975	658976	1
1055975	1237250	1
1055975	144321	1
417397	10082	1
417397	96400	1
417397	220594	1
759183	96400	1
759183	2666	1
759183	10082	1
759183	10343	1
759183	97881	1
322529	824459	1
322529	16375	1
3243169	108687	1
3243169	539260	1
3243169	23165	1
3243169	364793	1
417393	2666	1
417393	630841	1
417393	10082	1
417393	220594	1
417402	220594	1
417402	96400	1
417402	10082	1
417402	2666	1
95546	12593	1
95546	1013029	1
95546	375279	1
95546	229566	1
95546	1143370	1
95546	671328	1
95546	765352	1
95546	304973	1
95546	548608	1
95546	95541	1
95546	95537	1
95546	335045	1
95546	999914	1
95546	115466	1
95546	185006	1
95546	442174	1
95546	261293	1
293477	108565	1
12593	108565	1
12593	611219	1
12593	1013029	1
12593	999914	1
12593	251716	1
12593	141103	2
219705	177584	1
219705	1046219	1
8672	254072	1
8672	442174	1
8672	138572	1
8672	47333	1
8672	271392	1
8672	153674	1
8672	48433	1
8672	721567	1
8672	387647	1
8672	259913	1
8672	30122	1
8672	73062	1
8672	289040	1
8672	301687	1
8672	119009	1
8672	330618	1
8672	388185	1
8672	95537	1
8672	299702	1
294411	10343	1
294411	2666	1
3324005	84975	1
3326895	84975	1
342176	658984	1
342176	809065	1
342176	144321	1
342176	610798	1
3775709	1237250	1
3775709	144321	1
142866	433356	1
280177	2666	1
280177	10082	1
280177	417396	1
252447	144954	1
269287	108870	1
269287	261930	1
269287	51857	1
1275923	32196	1
245741	2666	1
245741	96400	1
245741	10343	1
245741	10082	1
245741	220594	1
245741	260604	1
417396	96400	1
108870	96033	2
108870	51857	2
108870	51849	1
108870	48275	1
108870	81857	1
108870	311576	1
108870	1311087	1
108870	284153	1
108870	292670	1
108870	180121	1
108870	345805	1
108870	813108	1
108870	196606	1
108870	20124	1
108870	240454	1
108870	1730124	1
108870	435517	1
108870	410630	1
108870	780795	1
108870	963032	1
1146034	1146035	1
1146034	32196	1
1146035	32196	1
258074	177584	1
258074	207390	1
258074	255302	1
258074	3120816	1
258074	3233397	1
258074	3233618	1
258074	2343618	1
1046219	177584	1
1046219	177344	1
658984	144321	1
646136	646137	1
609626	495001	1
609626	1237241	1
609626	610798	1
609626	144321	1
108565	1013029	1
108565	375279	1
957223	1357291	1
957223	406150	1
957223	750087	1
957223	957219	1
4229609	2712438	1
10343	1121981	1
10343	630841	1
10343	97881	1
10343	10082	1
10343	96400	1
10343	2666	1
10343	4007643	1
10343	2101713	1
10343	1577736	1
10343	364236	1
10343	210657	1
10343	293746	1
10343	282968	1
10343	209478	1
10343	239930	1
10343	4452	1
10343	124280	1
10343	216726	1
10343	470372	1
10343	15118	1
10343	388339	1
10343	42191	1
10343	64739	1
1121981	97881	1
1121981	96400	1
1121981	220594	1
1121981	10082	1
97881	294410	1
97881	260604	1
97881	2666	1
97881	220594	1
97881	2210953	1
294410	220594	1
294410	2666	1
294410	10082	1
294410	96400	1
260604	10082	1
260604	2666	1
260604	582474	1
292323	261930	1
292323	548816	1
292323	20124	1
292323	180121	1
292323	292670	1
292323	81857	1
292323	311576	1
292323	51857	1
32187	379513	1
32187	1746742	1
32187	648954	1
32187	163993	1
32187	928540	1
32187	373845	1
32187	92242	1
32187	200821	1
32196	624568	1
32196	828933	1
32196	531461	1
32196	202092	1
32196	539813	1
630841	10082	1
630841	96400	1
356873	101784	1
251716	141103	1
96400	10082	1
96400	4007643	1
96400	2666	1
2666	2210953	1
177584	743835	1
1237250	495001	1
1237250	144321	1
220594	10082	1
15900	261867	1
15900	268951	1
15900	61499	1
15900	51672	1
15900	560717	1
15900	981629	1
44311	952330	1
44311	2101482	1
44311	1165752	2
44311	474064	1
44311	3384241	1
44311	843057	1
44311	1763233	1
44311	1143251	1
44311	61118	1
1237241	809065	1
10082	4007643	1
495002	743835	1
8435	485404	1
8435	1947304	1
712777	148475	1
712777	108687	1
712777	539260	1
712777	2178879	1
442174	548608	1
442174	115466	1
442174	185006	1
442174	999914	1
442174	95541	1
442174	335045	1
442174	95537	1
442174	261293	1
113036	2835665	1
113036	2835664	1
113036	2835666	1
113036	767390	1
6079694	2835666	1
101784	434215	1
144321	708238	1
144321	643100	1
624568	753821	1
624568	531461	1
743835	177344	1
375279	999914	1
375279	1013029	1
375279	456926	1
375279	192325	1
375279	304970	1
375279	304975	1
375279	304969	1
375279	304968	1
375279	304973	1
375279	261293	1
375279	294480	1
375279	304972	1
375279	231413	1
375279	95537	1
375279	221990	1
375279	96123	1
177235	386904	1
386904	56675	3
386904	423761	1
386904	3534493	1
386904	908132	1
386904	342906	1
386904	707721	1
386904	621179	1
386904	621178	1
423761	342906	2
423761	56675	2
423761	621178	1
423761	3534492	1
423761	3534493	1
423761	707721	1
423761	621179	1
423761	908132	1
23165	64694	1
214124	2895363	1
1063528	76038	1
1063528	413739	1
539260	2178879	1
539260	11012	1
539260	468154	1
539260	4654	1
539260	468153	1
539260	103064	1
539260	86618	1
2178879	148475	1
1746742	1871426	1
1746742	957152	1
1746742	92242	1
611219	130563	1
611219	965701	1
611219	45670	1
1326222	1326223	1
1439550	2228409	2
1439550	1439547	1
1439550	2169627	1
2228409	2169627	1
2228409	1439547	1
474064	1356336	1
177344	622895	1
177344	32180	1
177344	605779	1
148475	108687	1
1686820	543307	1
361057	292657	1
361057	2169526	1
780796	833092	1
193245	283473	1
193245	410274	1
193245	184432	1
193245	328856	1
193245	1397703	1
193245	885403	1
193245	747740	1
1165752	1763233	1
1165752	61118	1
1165752	1143251	1
1165752	843057	1
76038	413739	1
76038	235395	1
76038	928380	1
76038	200813	1
76038	957676	1
22587	197243	1
999914	110387	1
999914	185006	1
999914	115466	1
999914	95537	1
999914	95541	1
999914	335045	1
999914	548608	1
999914	261293	1
9765	2020215	1
92184	1971210	1
92184	3825204	1
92184	2465042	1
92184	306955	1
66358	10351	1
66358	15794	1
66358	21764	1
66358	8287	1
304968	1099152	1
304968	231413	1
304968	294480	1
304968	261293	1
304968	304975	1
304968	115466	1
304968	304973	1
304968	304970	1
304968	192325	1
304968	456926	1
304968	304969	1
304968	95537	1
304968	221990	1
304968	96123	1
304968	304972	1
7580577	7580578	1
4443403	4443404	1
30724	267654	1
30724	209415	1
30724	267661	1
30724	136201	1
30724	267658	1
30724	267656	1
30724	265835	1
30724	48424	1
204371	803615	1
204371	617447	1
204371	240752	1
204371	217748	1
204371	76092	1
204371	240755	1
204371	240763	1
204371	227865	1
204371	240760	1
204371	617448	1
204371	227866	1
204371	240762	1
204371	240757	1
204371	240759	1
204371	240758	1
32210	957131	1
47333	301687	1
47333	249829	1
47333	136135	1
47333	30122	1
47333	73062	1
47333	119009	1
47333	48433	1
47333	138572	1
47333	259913	1
47333	160904	1
47333	1288075	1
47333	153674	1
47333	721567	1
255047	798518	1
255047	1288076	1
255047	160904	1
255047	289040	1
255047	138572	1
255047	119009	1
255047	153674	1
255047	259913	1
255047	30122	1
262940	259770	1
262940	273427	1
262940	11012	1
262940	34524	1
262940	266348	1
262940	224329	2
262940	839085	1
262940	546501	1
262940	833014	1
262940	1360609	1
262940	757911	1
262940	1056568	1
262940	1097804	1
262940	273394	1
262940	842085	1
262940	546504	1
262940	617133	1
262940	1360611	1
262940	1360610	1
262940	170760	1
262940	282137	1
262940	39885	1
262940	374777	1
262940	325672	1
262940	539272	1
570542	34524	1
570542	266348	1
570542	11012	1
2669376	1094340	1
2669376	2450026	1
4824388	1094340	1
4824388	281518	1
1589140	1986083	1
1589140	115605	2
212863	395814	1
212863	395817	1
212863	384856	1
30122	1288076	1
30122	273141	1
30122	136135	1
30122	301687	1
30122	249829	1
30122	1288075	1
30122	387647	1
30122	330618	1
30122	271392	1
30122	138572	1
1288076	289040	1
1288076	73062	1
1288076	138572	1
1288076	136135	1
1288076	160904	1
1288076	119009	1
1288076	271392	1
266407	11012	1
266407	259770	1
266407	34524	1
273427	259770	1
273427	34524	1
273427	259352	1
48433	119009	1
48433	798518	1
48433	387647	1
48433	160904	1
48433	1288075	1
48433	271392	1
48433	259913	1
48433	273141	1
119009	259913	1
119009	160904	1
119009	153674	1
119009	301687	1
119009	138572	1
119009	1288075	1
119009	330618	1
119009	387647	1
119009	73062	1
119009	124280	1
119009	99601	1
119009	18666	1
119009	209478	1
119009	282968	1
119009	358999	1
119009	5049	1
119009	239930	1
119009	4452	1
119009	210657	1
249829	301687	1
249829	721567	1
249829	136135	1
249829	330618	1
249829	798518	1
330618	259913	1
330618	73062	1
201571	266348	1
201571	227461	1
395816	395817	1
34524	266348	1
34524	11012	1
34524	340642	1
34524	602552	1
34524	259770	1
266348	340642	1
266348	11012	1
266348	602552	1
73062	301687	1
73062	259913	1
73062	798518	1
73062	289040	1
73062	273141	1
387647	138572	1
387647	136135	1
271392	798518	1
271392	259913	1
271392	160904	1
60559	1623053	2
1044517	353919	1
153674	160904	1
153674	273141	1
153674	138572	1
160904	1288075	1
160904	798518	1
160904	289040	1
485781	45676	1
798518	259913	1
798518	301687	1
721567	138572	1
1288075	301687	1
1288075	138572	1
3061959	281518	1
4824464	1094340	1
602552	340642	1
602552	259770	1
602552	11012	1
439843	262358	1
439843	91509	1
585579	227461	1
585579	10360	1
585579	269211	1
585579	81882	1
585579	2508881	1
585579	17135	1
585579	191152	1
585579	252641	1
585579	455290	1
585579	135915	1
585579	769563	1
259352	259770	1
1833074	716921	1
1833074	685014	1
261930	358629	1
261930	457608	1
350933	1232709	1
350933	806556	1
350933	776847	1
350933	3459039	1
350933	206133	1
350933	1435630	1
350933	3459036	1
350933	3459040	1
350933	716101	1
350933	1600410	1
350933	716002	1
350933	614915	1
350933	3459037	1
350933	806601	1
350933	2323859	1
350933	716085	1
350933	349764	1
350933	3459038	1
350933	1148871	1
350933	1588957	1
1060954	433723	1
345477	1232709	1
353791	1402419	1
2450026	4841415	1
4841415	2450028	1
1833073	685014	1
421447	2450028	1
421447	341739	1
1315380	281518	1
289040	138572	1
289040	273141	1
3018984	3404805	1
200821	1159514	1
200821	92242	1
200821	957152	1
200821	625542	1
200821	87906	1
200821	11696	1
45676	567653	1
45676	1546415	1
45676	344941	2
45676	584507	1
138572	136135	1
340642	11012	1
11012	468154	1
11012	4654	2
11012	284253	1
11012	291337	1
11012	426655	1
11012	468153	1
11012	144998	1
11012	393500	1
11012	104958	1
11012	9081	1
11012	14898	1
108566	227875	1
108566	732482	1
259913	136135	1
148227	815286	1
148227	469026	1
2934363	2096278	1
4974238	4974240	1
1317836	1317839	1
1317839	1317837	1
1317839	774403	1
1317839	519503	1
1317839	26050	1
1317839	211886	1
1317839	1382540	1
593729	2284577	1
2284579	593731	1
80156	7705826	1
9297	957131	1
1268013	1650986	1
548816	457608	1
2117752	2717028	1
358629	51849	1
977708	1232708	1
977708	1309244	1
3583311	2955805	1
1232709	1212526	1
2284577	593731	1
1094340	2450028	1
732482	110593	1
51855	2136262	1
652720	1833076	1
281518	2450028	1
237741	896338	1
535117	1558921	1
535117	224223	1
1558920	224223	1
240755	154396	1
240755	617447	1
240755	240759	1
240755	240763	1
240755	217748	1
240755	227866	1
240755	240760	1
240755	240757	1
240755	617448	1
240755	227865	1
240755	240752	1
240755	240762	1
240755	76092	1
240758	240763	1
240758	227865	1
240758	240757	1
240758	240760	1
240758	240759	1
240758	240762	1
240758	617447	1
240758	617448	1
240758	217748	1
240758	76092	1
240758	240752	1
1877095	91509	1
227875	725143	1
95537	2602394	1
95537	567511	1
95537	671328	1
95537	1143370	1
95537	765352	1
95537	1642905	1
95537	272275	1
95537	185006	1
95537	221990	1
95537	456926	1
95537	304972	1
95537	304970	1
95537	304969	1
95537	304973	1
95537	115466	1
95537	261293	1
95537	335045	1
95537	294480	1
95537	231413	1
95537	192325	1
95537	96123	1
95537	548608	1
95537	95541	1
95537	304975	1
51857	48275	2
51857	81857	1
51857	180121	1
51857	196606	1
51857	20124	1
51857	311576	1
51857	345805	1
51857	435517	1
51857	292670	1
115605	1055021	1
844737	4395491	1
7209	32181	1
32181	1318761	1
32181	3875910	1
32181	32207	2
32181	109661	1
32181	32200	1
32181	1797546	1
32181	1770847	1
32181	191285	1
32181	98149	1
32181	4654	1
6708	803722	1
6708	803728	1
344428	518192	1
164971	845772	1
164971	845765	1
93174	504727	1
230788	368085	1
1303711	130243	1
1303711	1777178	1
15150	253098	1
45765	45766	1
334601	812596	1
92623	286086	1
1357291	957219	1
1357291	957222	1
468154	554446	1
468154	4654	1
468154	104958	1
468154	468153	1
554446	4654	1
554446	86618	1
554446	103064	1
291337	4654	1
291337	144998	1
291337	426655	1
291337	86618	1
291337	103064	1
291337	468153	1
291337	104958	1
291337	170358	1
393500	170358	1
393500	468153	1
393500	4654	1
393500	144998	1
578727	95540	1
578727	703539	1
578727	1236441	1
426655	103064	1
468153	86618	1
468153	240248	1
468153	144998	1
468153	4654	1
468153	297533	1
1777178	130243	1
86618	170358	1
86618	284253	1
86618	144998	1
86618	4654	1
86618	103064	1
725144	573116	1
304095	784738	1
6767415	6767416	1
6767415	4238966	1
323414	696503	1
309900	560717	1
309900	61499	1
309900	51672	1
361418	1736801	1
361418	981629	1
361418	51672	1
957219	750087	1
368085	130243	1
368085	4161878	1
538197	130243	1
96033	780795	1
96033	813108	1
96033	284153	1
96033	292670	1
96033	48275	1
96033	1311087	1
96033	240454	1
96033	1730124	1
96033	963032	1
51672	61499	1
51672	981629	1
61499	1736801	1
61499	981629	1
104958	4654	1
784737	202092	1
784738	2234112	1
784738	2974859	1
784738	454288	1
784738	1310712	1
784738	1775831	1
5668	227036	1
5668	17589	1
5668	94874	1
18985	17589	1
18985	227036	1
4654	297533	1
4654	284253	1
4654	107701	2
4654	57103	1
4654	212215	1
4654	377139	1
4654	270225	1
4654	643509	1
4654	5017	1
4654	311234	1
4654	833560	1
4654	837575	1
4654	420011	1
4654	837600	1
4654	281455	1
4654	12686	1
4654	526593	1
4654	703268	1
4654	852386	1
4654	163585	1
4654	834577	1
4654	136184	1
4654	279942	1
4654	170356	1
4654	80121	1
4654	218951	1
4654	409131	1
4654	193816	1
240248	170358	1
240248	103064	1
335785	874561	1
335785	3865	1
335785	872312	1
335785	59407	1
296823	1300364	1
7262187	10081	1
7262187	7262188	1
10081	7262188	1
10081	2783572	1
10081	6165918	1
10081	5455066	1
703539	1236441	1
95540	623293	1
7514704	7514706	1
7514705	347438	1
206281	1050151	1
342906	56675	3
342906	5736726	1
342906	621178	1
342906	621179	1
342906	707721	1
342906	3534493	1
342906	908132	1
7012159	3406514	1
3406514	347438	1
48275	51849	1
48275	471592	1
48275	253111	1
48275	81857	1
48275	180121	1
48275	311576	1
48275	963032	1
48275	20124	1
48275	1730124	1
48275	813108	1
48275	292670	1
48275	780795	1
48275	284153	1
48275	1311087	1
48275	345805	1
48275	435517	1
48275	196606	1
48275	240454	1
184432	187065	1
184432	1397703	1
184432	328856	1
184432	283473	1
184432	747740	1
184432	885403	1
184432	410274	1
2602393	231413	1
2602393	2602394	1
297994	2817436	1
32200	3875910	1
32200	191285	1
32200	1770847	1
32200	109661	1
32200	1797546	1
32200	98149	1
32200	210387	1
1318761	32207	1
1462476	256132	1
2735388	347438	1
2735388	5748629	1
297533	144998	1
567511	231413	1
5748629	4411904	1
780238	187066	1
170358	103064	1
51849	269286	1
51849	81857	1
51849	587496	1
51849	2224862	1
51849	648905	1
51849	328758	1
51849	421574	1
51849	788312	1
4238966	6767416	1
144998	103064	1
31759	2227171	1
231413	2602395	1
231413	96123	1
231413	304973	1
231413	192325	1
231413	304972	1
231413	261293	1
231413	294480	1
231413	304970	1
231413	304975	1
231413	115466	1
231413	304969	1
231413	221990	1
231413	456926	1
202092	624405	1
525147	252998	1
525147	745929	1
32207	98149	1
32207	191285	1
32207	1797546	1
32207	3347063	1
32207	135914	1
32207	441793	1
32207	683013	1
32207	289960	1
8575	957238	1
1377229	91815	1
1377229	5017	1
510516	4473972	1
309857	130243	1
418871	550701	1
2602395	304973	1
623293	584628	1
304973	1143370	1
304973	96123	1
304973	261293	1
304973	304972	1
304973	304975	1
304973	192325	1
304973	115466	1
304973	294480	1
304973	456926	1
304973	304969	1
304973	221990	1
304973	304970	1
240219	411280	1
628737	1113596	1
628737	2122600	1
65645	837348	1
65645	268962	1
65645	368094	1
35328	2219395	2
2219395	252034	1
573116	778532	1
406150	750087	1
56675	810077	1
56675	954672	1
56675	5900084	1
56675	621180	1
56675	2983394	1
56675	621178	2
56675	3534493	1
56675	621179	1
56675	908132	1
56675	707721	1
17589	227036	1
17589	107598	1
17589	75928	1
17589	156772	1
17589	203260	1
17589	200997	1
17589	249251	1
17589	322334	1
17589	29816	1
17589	30135	1
17589	1337172	1
17589	288631	1
17589	10552	1
17589	381166	1
17589	140603	1
17589	188628	1
17589	414306	1
17589	530659	1
17589	277486	1
653282	653283	1
653282	680979	1
653283	680979	1
94874	100591	1
166534	812596	1
1200940	2457407	1
1200940	1377315	1
104514	774486	1
159616	413766	1
1963662	1027800	1
679507	3164466	1
253245	22946	1
253245	423436	1
312208	22946	1
97664	1578079	1
97664	4295564	1
61114	384770	2
342540	342542	1
696504	838650	1
696504	784734	1
696504	163993	1
209415	544860	1
209415	18978	1
209415	267654	1
209415	267661	1
209415	267656	1
209415	267658	1
209415	265835	1
209415	48424	1
209415	136201	1
209415	107079	1
51852	1495693	1
51852	559060	1
51852	850388	1
307036	812643	1
112154	1481693	1
112154	223235	1
14632	184711	1
184711	616463	1
184711	156896	1
184711	397605	1
184711	2111957	1
544852	1966350	1
314292	322007	1
2923672	5732591	1
2923672	5556006	1
2923672	4145591	1
2923672	6926042	1
97532	177817	1
990454	2120484	1
728547	4902527	1
4902526	4902523	1
820851	5973100	1
282137	1360611	1
282137	1360609	1
282137	1056568	1
282137	539272	1
282137	374777	1
282137	757911	1
282137	546501	1
282137	1097804	1
282137	224329	1
282137	170760	1
282137	325672	1
282137	617133	1
282137	1360610	1
282137	833014	1
282137	842085	1
282137	39885	1
282137	546504	1
1080896	4902527	1
2266632	755887	1
1613932	4146687	1
4511474	4146687	1
147754	2081227	1
147754	369975	1
147754	311028	1
147754	1157758	1
560038	947279	1
560038	1084383	1
4902523	4902524	1
4902525	328464	1
4902525	4902527	1
4902525	845783	1
542503	1059683	1
542503	347276	1
5885076	1059683	1
5885076	744558	1
5885076	347276	1
5885076	506824	1
699448	947279	1
699448	79409	1
2081227	79409	1
2081227	369975	1
369975	1084383	1
369975	311028	1
369975	1157758	1
369975	220359	1
369975	1673479	1
369975	271005	1
1084383	2146895	1
1084383	220359	1
1482320	1842048	1
2872416	1842049	1
2872416	1095398	1
2872416	1842048	1
666098	3134430	1
147902	2429519	1
3215104	3196238	1
4136855	240780	1
4511468	4511473	1
4511468	4511476	1
2146895	79409	1
367935	744558	1
367935	148406	1
2035499	317295	1
2035499	347276	1
191285	210387	1
191285	1797546	1
191285	1770847	1
191285	1383481	1
210387	109661	1
210387	1797546	1
130577	2042696	1
130577	1862030	1
130577	546336	1
44312	833092	1
44312	1827976	1
44312	486770	1
833092	2089534	1
833092	710043	1
833092	156382	1
1919102	486770	1
1919102	156382	1
1919102	1827976	1
1232622	501981	1
98149	109661	1
98149	1770847	1
271005	311028	1
271005	220359	1
754761	754759	1
255302	2343618	1
255302	84684	1
148406	317295	1
148406	347276	1
220359	4996905	1
220359	79409	1
84684	3233618	1
84684	3120816	1
84684	605745	1
84684	18666	1
1132706	1043775	1
1132706	829980	1
808973	261932	1
2671063	4902524	1
2671063	328464	1
311028	4996905	1
311028	1673479	1
2089534	486770	1
3120816	605745	1
109661	1797546	1
109661	1770847	1
4511473	4511470	1
96123	456926	1
96123	304975	1
96123	3602070	1
96123	294480	1
96123	221990	1
96123	1255070	1
96123	1255072	1
96123	308877	1
96123	304969	1
96123	304972	1
96123	192325	1
96123	304970	1
96123	261293	1
96123	115466	1
96123	1255073	1
928490	39885	1
44309	832426	1
44309	272120	1
832426	272120	1
3233925	4059439	1
69866	947279	1
69866	492344	1
156382	250334	1
156382	486770	1
156382	1827976	1
181945	2855121	1
181945	1324771	1
4511476	4146687	1
250334	486770	1
4511470	4146687	1
637162	656398	1
325949	3501041	1
506824	317295	1
317295	347276	1
1435045	1439545	2
1435045	2731854	1
1435045	1439547	1
1435045	6237149	1
1435045	7091869	1
105466	91511	1
105466	91567	1
486770	1827976	1
486770	131042	1
5017	8576	1
5017	154858	1
5017	4651263	1
5017	80126	1
5017	136184	1
5017	420011	1
5017	526593	1
5017	703268	1
5017	12686	1
5017	852386	1
5017	837575	1
5017	170356	1
5017	163585	1
5017	833560	1
5017	311234	1
5017	281455	1
5017	279942	1
5017	834577	1
5017	424576	1
8576	8578	1
1059683	347276	1
138771	1532136	1
754648	776853	1
754648	4136857	1
39768	269324	1
39768	322819	1
269324	304936	1
1901128	347276	1
2221941	2221942	1
6541426	785699	1
2216124	1789473	1
149420	606619	1
18666	20991	1
18666	282968	1
18666	239930	1
18666	816783	1
18666	4452	1
18666	5049	1
20991	574081	1
387994	234422	1
39885	523633	1
39885	60316	1
39885	1360611	1
39885	617133	1
39885	374777	1
39885	1360610	1
39885	325672	1
39885	63552	1
39885	1097804	1
39885	833014	1
39885	757911	1
39885	914949	1
39885	1353218	1
39885	7027	1
39885	224329	1
39885	546504	1
39885	842085	1
39885	170760	1
39885	1360609	1
39885	283074	1
39885	1056568	1
39885	88534	1
39885	274718	1
39885	322814	1
39885	539272	1
39885	546501	1
39885	367585	1
234874	2124823	1
604396	465982	1
423436	472611	1
1330031	4959405	1
234869	403580	1
344875	345832	1
344875	122458	1
32191	231641	1
32191	87906	1
32191	105469	1
87814	252391	1
87814	177651	1
87814	20953	1
87814	37413	1
141308	39776	1
141308	30148	1
141308	80117	1
141308	89337	1
141308	1363222	1
141308	107784	1
141308	175255	1
141308	42360	1
141308	179142	1
141308	1341274	1
141308	178276	1
141308	17413	1
141308	33198	1
185741	112961	1
749315	749316	1
749316	1036959	1
749316	2957223	1
749316	2302106	1
227473	2234306	1
3452	14898	1
14898	49530	1
14898	238359	1
14898	82735	1
14898	179059	1
14898	8816	1
14898	85762	1
14898	97073	1
14898	16127	1
14898	74210	1
14898	7154	1
14898	41249	1
14898	84795	1
14898	30721	1
222379	1969087	1
222379	10360	1
128516	339220	1
676363	6716002	1
124280	99601	1
124280	209478	1
124280	282968	1
124280	210657	1
124280	239930	1
124280	5049	1
124280	364236	1
124280	358999	1
216726	293746	1
216726	4452	1
216726	210657	1
216726	5049	1
471033	764902	1
210657	99601	1
210657	209478	1
210657	5049	1
210657	816783	1
926408	184431	1
926408	430553	1
3053108	430553	1
3053108	3053107	1
373845	625542	1
373845	163993	1
364236	282968	1
364236	239930	1
364236	4452	1
364236	5049	1
833240	3865	1
833240	1020492	1
59407	3865	1
59407	1020492	1
59407	872312	1
59407	17545	1
874561	1020492	1
874561	3865	1
336054	745920	1
336054	252998	1
336054	200814	1
745929	252998	1
616463	430553	1
616463	184431	1
616463	2360756	1
616463	156896	1
616463	3053106	1
200814	252998	1
200814	571761	1
200814	1424246	1
6683028	6683025	1
1871426	92242	1
1439545	2731412	1
1439545	2169627	1
1439545	1439547	1
130580	3526344	2
130580	61615	1
130580	3526345	1
252998	571761	1
252998	1424246	1
252998	833851	1
745920	571761	1
619557	2301023	1
619557	1445854	1
156896	3053106	1
156896	2360753	1
156896	2360756	1
156896	3053107	1
156896	430553	1
156896	1445879	1
156896	484618	1
2360754	2360756	1
560240	288238	1
560240	508959	1
793727	288238	1
19132	263095	1
19132	119485	1
19132	22061	1
19132	483912	1
483912	119485	1
483912	143934	1
483912	623505	1
483912	556497	1
483912	5166397	1
483912	864515	1
483912	929308	1
483912	510367	1
508959	559060	1
508959	606319	1
508959	443327	1
257353	3865	1
257353	1785915	1
257353	656620	1
257353	3028372	1
257353	2142426	1
257353	4257113	1
257353	763112	1
257353	3028375	1
257353	3028373	1
257353	3028374	1
130575	61483	1
130575	288207	1
130575	315793	1
130575	328191	1
355859	61483	1
131046	15809	2
131046	15807	2
131046	15808	1
131046	131042	1
131047	131049	2
131047	131041	1
131047	15807	1
131047	15808	1
283469	584628	1
957152	92242	1
957152	648954	1
5049	209478	1
5049	816783	1
5049	239930	1
5049	4452	1
5049	293746	1
5049	99601	1
209478	99601	1
2360756	184431	1
2360756	3053107	1
3053106	630957	1
32205	1876975	1
32205	4017487	1
32205	91565	1
32205	91568	1
32205	91570	1
293746	4452	1
816783	4452	1
1464306	61615	1
6942710	6942709	1
4374863	267345	1
131042	15807	1
131042	15809	1
131042	131040	1
184431	430553	1
630957	2360753	1
648954	928540	1
15809	131049	2
15809	131289	1
15809	131041	1
15809	131040	1
15809	131050	1
892386	892387	1
892387	927478	1
358999	99601	1
358999	239930	1
397605	2360753	1
2043893	92242	1
1229427	4017487	1
1421378	3865	1
1421378	17545	1
2111957	430553	1
15807	131048	2
15807	131040	2
15807	131049	1
15807	131041	1
15807	15808	1
15807	131050	1
15807	131289	1
131048	15808	1
45646	8287	1
45646	21764	1
45646	10351	1
45646	237890	1
45646	10861	1
45646	993261	1
45646	293381	1
45646	611276	1
45646	295132	1
45646	696002	1
45646	263821	1
45646	996059	1
45646	919609	1
45646	37955	1
872312	1070057	1
872312	3865	1
1020492	3865	1
1020492	1070057	1
273983	422969	1
273983	315793	1
772181	61483	1
92242	625542	1
92242	928540	1
6683027	6683025	1
6683027	267345	1
17545	3865	1
928540	163993	1
422969	61483	1
282968	239930	1
261941	10351	1
261941	8287	1
267345	6683026	1
1424239	1424246	1
823887	443327	1
823887	288238	1
61483	328191	1
622895	227870	1
622895	868168	1
622895	92243	1
2169627	2731854	1
2169627	1439547	1
4048370	4048371	1
3404804	480033	1
256779	29855	1
256779	10360	1
256780	254007	1
256780	99472	1
256780	10360	1
62837	64836	1
288238	606319	1
648105	606315	1
648105	443327	1
1445854	2301023	1
163993	838650	1
163993	784734	1
604144	198223	1
8287	15794	1
8287	21764	1
10351	119589	1
1826965	2092189	1
6683025	615978	1
131040	15808	1
29855	10360	1
29855	256778	1
1462715	2084646	1
1113579	776857	1
104916	488196	1
104916	1032036	1
84643	182998	1
84643	4396066	1
84643	351119	1
84643	1136966	1
84643	1728735	1
84643	887840	1
84643	1363954	1
84643	168903	1
84643	294661	1
84643	1917284	1
57946	286465	1
606319	443327	1
10360	254007	1
10360	49644	1
10360	256778	1
10360	99472	1
10360	257120	1
10360	256777	1
10360	227461	1
10360	256781	1
10360	256782	1
430553	2360753	1
227475	1843969	1
99472	256792	1
131049	15808	1
356311	1440658	1
130591	2499641	1
254007	256778	1
254007	256792	1
311963	894994	1
256778	256777	1
2731411	600768	1
443327	20710	1
443327	382394	1
224329	325672	1
224329	546504	1
224329	170760	1
224329	833014	1
224329	842085	1
224329	1360610	1
224329	374777	1
224329	617133	1
224329	1360609	1
224329	546501	1
224329	1360611	1
224329	1097804	1
224329	757911	1
224329	539272	1
224329	1056568	1
1756597	5705	1
136886	981630	1
64791	100519	1
100519	191271	1
100519	5079539	1
100519	451534	1
100519	206325	1
800256	800183	1
637110	146256	1
909193	146256	1
634	40226	1
634	105273	1
634	105272	1
634	239687	1
149048	1174706	1
470095	2020090	1
80122	67331	1
80122	2735682	1
80122	108694	1
80122	112961	1
1877098	2560124	1
391	65145	1
182998	42184	1
182998	133116	1
182998	16127	1
182998	224377	1
182998	157582	1
182998	58033	1
182998	209570	1
182998	156371	1
182998	36807	1
182998	1057748	1
29827	773195	1
617133	36622	1
617133	1097804	1
617133	546501	1
617133	1360610	1
617133	170760	1
617133	374777	1
617133	1056568	1
617133	546504	1
617133	1360609	1
617133	833014	1
617133	842085	1
617133	325672	1
617133	757911	1
617133	539272	1
617133	1360611	1
92243	294480	1
92243	227870	1
92243	446295	1
92243	868168	1
1051386	32180	1
1051386	294480	1
2026451	813225	1
2560124	2560125	1
32180	868168	1
32180	294480	1
32180	605779	1
32180	227870	1
32180	446295	1
32180	1669391	1
32180	1338738	1
32180	995188	1
32180	2372281	1
1113596	1177839	1
97072	427397	1
97072	37413	1
97072	64664	1
97072	410595	1
97072	101096	1
427397	64664	1
427397	20953	1
91565	91569	1
131289	15808	1
2149033	1164784	1
2149033	295535	1
188628	381166	1
188628	10552	1
188628	203260	1
188628	530659	1
188628	30135	1
188628	156772	1
188628	288631	1
188628	140603	1
188628	277486	1
188628	1337172	1
188628	414306	1
188628	249251	1
188628	107598	1
188628	322334	1
188628	29816	1
188628	200997	1
188628	75928	1
235979	250698	1
235979	1064593	1
235979	531794	1
235979	108694	1
393499	144079	1
707382	247002	1
656293	295535	1
1711347	295535	1
91567	91570	1
91567	91569	1
5087	822048	1
5736726	621180	1
144079	328758	1
536570	2286907	1
536570	247002	1
295535	4225809	1
295535	3934064	1
4225809	2075475	1
290483	2286907	1
290483	986438	1
328758	587496	1
328758	421574	1
328758	81857	1
328758	648905	1
328758	788312	1
328758	2224862	1
328758	269286	1
1739246	1164784	1
2037802	2121816	1
2121816	2367009	1
2121816	607491	1
1051383	446295	1
106091	142997	1
106091	322459	1
219822	912577	1
1294287	1046058	1
191271	5079539	1
191271	1781229	1
191271	926682	1
294480	456926	1
294480	304969	1
294480	221990	1
294480	304970	1
294480	304972	1
294480	261293	1
294480	115466	1
294480	192325	1
294480	304975	1
560182	2039966	1
887840	1136966	1
13774	830694	1
13774	894994	1
13774	1317707	1
446295	643100	1
1046058	2075475	1
1529524	925650	1
1413587	1387175	1
1413587	4846774	1
91569	91566	1
926682	451534	1
41408	728829	1
41408	252611	1
41408	474083	1
728829	343725	1
235031	235032	1
235032	235033	1
669210	1879401	1
4867848	4867849	1
4867848	430373	1
20953	410595	1
20953	37413	1
64664	53248	1
64664	303369	1
64664	29936	1
64664	6021	1
64664	2255726	1
157068	1012093	1
107701	57103	1
107701	83723	1
135912	262710	1
4205	15681	1
4205	1480462	1
4205	2097630	1
4205	721825	1
4205	41081	1
4205	41085	1
4205	122507	1
4205	153073	1
4205	147702	1
4205	315339	1
4205	255108	1
582474	195812	1
607491	2039966	1
483314	351119	1
483314	1728735	1
17399	28889	1
416785	2203439	1
37413	410595	1
577434	12589	1
1068139	12589	1
20560	1032445	1
20560	149010	1
20560	362290	1
20560	401209	1
20560	1747393	1
20560	133857	1
20560	195415	1
20560	1054796	1
20560	126919	1
20560	63158	1
20560	55503	1
20560	885647	1
20560	237653	1
20560	1089933	1
20560	91964	1
20560	42195	1
20560	100446	1
20560	303486	1
105921	27045	1
1036961	296745	1
7698269	7698270	1
35289	476949	1
168842	74890	1
458539	74890	1
57103	887940	1
57103	574081	1
859355	3066172	1
252611	474083	1
83723	253882	1
83723	303575	1
83723	135243	1
83723	654051	1
83723	266027	1
6270	636433	1
6270	400352	1
6270	110987	2
6270	112961	1
6270	555295	1
6270	19502	1
6270	319978	1
6270	82738	1
6270	82248	1
6270	33199	1
215582	384584	1
14051	151461	1
151461	439912	1
151461	394670	1
151461	328798	1
151461	764177	1
151461	215246	1
151461	496264	1
503123	885647	1
58494	54595	1
206133	1435630	1
206133	776847	1
206133	3459040	1
206133	2323859	1
206133	3459038	1
206133	3459037	1
206133	3459036	1
206133	716101	1
206133	349764	1
206133	1148871	1
206133	614915	1
206133	806556	1
206133	3459039	1
206133	716085	1
206133	1600410	1
206133	1588957	1
206133	806601	1
206133	716002	1
322459	63158	1
344941	584507	1
468102	86094	1
468102	264304	1
468102	82730	1
468102	4515960	1
468102	657743	1
468102	4632170	1
468102	852289	1
468102	69225	1
468102	375020	1
468102	990721	1
468102	1131038	1
468102	577873	1
468102	378233	1
28384	456531	1
28384	86101	1
29237	1108657	1
1084069	1976855	1
552466	80095	1
552466	1473006	1
552466	67618	1
91566	305849	1
1258974	1545570	1
435517	292670	1
435517	20124	1
435517	81857	1
435517	196606	1
435517	311576	1
435517	345805	1
181909	1185853	1
17963	369581	1
17963	455014	1
17963	1350757	1
17963	122507	1
17963	1707193	1
528641	598754	1
16127	49605	1
16127	85762	1
16127	7154	1
16127	179059	1
16127	712040	1
16127	30721	1
16127	82735	1
16127	301280	1
16127	94538	1
16127	238359	1
16127	8816	1
16127	2015348	1
16127	84795	1
16127	36807	1
16127	1057748	1
16127	133116	1
16127	42184	1
16127	156371	1
16127	58033	1
16127	157582	1
16127	224377	1
16127	209570	1
51846	51847	1
51846	130585	1
2711752	769563	1
2711752	455290	1
2711752	874216	1
2711752	81882	1
2711752	191152	1
2711752	269211	1
82355	232531	1
255680	1031483	1
209570	42184	1
209570	58033	1
209570	224377	1
209570	156371	1
209570	36807	1
209570	157582	1
209570	1057748	1
209570	133116	1
77031	384596	1
77031	96536	1
174459	332599	1
112961	108694	1
80117	89337	1
80117	179142	1
80117	1363222	1
80117	33198	1
80117	178276	1
80117	39776	1
80117	433286	1
80117	42360	1
80117	30148	1
80117	1341274	1
80117	107784	1
80117	17413	1
80117	175255	1
1707193	122507	1
852242	8571	1
691569	1278118	1
5705	30725	1
5705	174890	1
5705	1164736	1
479265	60917	1
479265	183949	1
2734259	60916	1
125101	82730	1
1065719	161272	1
875108	471450	1
875108	1900787	1
270795	438870	1
311234	420011	1
311234	12686	1
837600	281455	1
837600	424576	1
86549	41081	1
86549	1155779	1
86549	174890	1
86549	2266	1
1157602	41081	1
1157602	2266	1
86094	1741193	1
86094	82730	1
86094	175776	1
86094	1110350	1
1397707	684263	1
1215915	2266	1
516431	2919564	1
516431	3683284	1
110987	82248	1
110987	33199	1
12686	837575	1
12686	281455	1
12686	420011	1
12686	833560	1
12686	703268	1
12686	424576	1
49530	74210	1
49530	84795	1
49530	41249	1
49530	7154	1
49530	8816	1
49530	94538	1
74210	8816	1
74210	85762	1
74210	301280	1
74210	41249	1
74210	179059	1
74210	49609	1
74210	94538	1
59556	535043	1
59556	2458921	1
59556	323172	1
59556	1324637	1
59556	107561	1
82738	37420	1
82738	263824	1
82738	42195	1
82738	1336492	1
323172	263824	1
323172	29936	1
323172	115409	1
1383482	45674	1
703268	279942	1
837575	170356	1
32497	492260	1
32497	6599196	1
32497	424047	1
32497	6599194	1
1157604	172763	1
1157604	2266	1
1157604	41081	1
1157605	2266	1
82730	912577	1
82730	175776	1
3722164	264304	1
45674	258800	1
45674	619530	1
2266	1156566	1
2266	41081	1
2266	1157603	1
2266	174890	1
2266	453875	1
2266	172763	1
2266	1157394	1
2266	1157606	1
1156566	41081	1
269999	828407	1
269999	100196	1
72440	535043	1
328798	496264	1
328798	764177	1
269868	756840	1
269868	11696	1
2919564	6151665	1
49609	30721	1
49609	8816	1
49609	301280	1
49609	41249	1
49609	238359	1
49609	97073	1
49609	82735	1
49609	84795	1
301280	84795	1
301280	8816	1
7154	179059	1
7154	238359	1
7154	8816	1
7154	94538	1
7154	85762	1
7154	97073	1
7154	82735	1
7154	84795	1
471592	263417	1
502814	11696	1
7153	191325	1
7153	47742	1
191325	18984	1
41081	172763	1
41081	1157606	1
41081	461384	1
41081	1157603	1
41081	41085	1
41081	174890	1
41081	33196	1
30721	85762	1
30721	97073	1
30721	8816	1
30721	238359	1
30721	82735	1
85762	82735	1
85762	94538	1
82735	41249	1
82735	8816	1
258800	762654	1
2439213	543304	1
37420	263824	1
37420	202924	1
37420	535043	1
37420	66916	1
263824	202924	1
1095710	1954763	1
8816	94538	1
8816	84795	1
8816	97073	1
8816	41249	1
8816	179059	1
55140	296495	1
55140	3590210	1
60916	346505	1
60916	367237	1
60916	106526	2
60916	317156	1
216607	32194	1
216607	26050	1
216607	244704	1
244702	26050	1
244702	32206	1
244702	32194	1
172763	1157606	1
172763	1157603	1
172763	215246	1
172763	973066	1
2117328	2919567	1
60917	384410	1
60917	3590210	1
60917	196022	1
60917	1031486	1
1017173	296495	1
94538	41249	1
94538	179059	1
456102	843870	1
456102	913843	1
456102	546337	1
456102	573647	1
456102	520588	1
456102	741824	1
456102	1148890	1
456102	2026836	1
456102	281536	1
456102	2605752	1
1355620	2919567	1
8571	4850998	1
8571	61486	1
8571	1988760	1
8571	593880	1
8571	1198930	1
8571	711613	1
199497	2729271	1
1439547	2731854	1
214233	388830	1
1350756	1350757	1
1350756	876387	1
1350757	1199227	1
1350757	876387	1
1350757	728930	1
187051	187048	1
279942	526593	1
130588	935769	1
925138	11696	1
136020	1141130	1
3470	66781	2
3470	112113	1
6599192	84675	1
41249	179059	1
206096	165910	1
829810	1381686	1
829810	2881812	1
829810	1172267	1
829810	843870	1
2881812	843870	1
2881812	1381686	1
2881812	1172267	1
1157603	1157394	1
15118	470372	1
15118	42191	1
15118	243119	1
15118	219821	1
15118	388339	1
15118	252678	1
15118	53009	1
15118	98228	1
15118	299212	1
15118	262135	1
15118	1170914	1
15118	306513	1
15118	973413	1
15118	532065	1
15118	925823	1
15118	317234	1
15118	797989	1
470372	64739	1
470372	42191	1
170356	526593	1
29923	48392	1
29923	84669	1
29923	48413	1
48392	48413	1
48392	84101	1
168903	1089933	1
168903	45102	1
6473204	84675	1
63150	3590210	1
63150	384410	1
115409	29936	1
115409	30344	1
115409	196421	1
115409	262944	1
115409	459377	1
115409	370970	1
115409	101096	1
115409	254259	1
115409	170755	1
115409	66385	1
115409	20957	1
115409	139260	1
115409	31546	1
115409	231785	1
115409	213331	1
115409	146284	1
115409	331215	1
115409	40409	1
115409	347280	1
115409	73202	1
950650	29936	1
18984	47742	1
18984	264304	1
47742	15885	1
47742	85929	1
47742	17966	1
11696	1378754	1
11696	1876974	1
219821	64739	1
219821	243119	1
219821	388339	1
77019	263521	1
6599193	6599195	1
6599195	84675	1
61486	1988760	1
61486	593880	1
61486	1259037	1
61486	280934	1
61486	1274303	1
61486	711613	1
711613	1259037	1
711613	1274303	1
711613	280934	1
199295	458533	1
296495	317156	1
296495	346505	1
3590210	346505	1
466232	751735	1
466232	843870	1
466232	843869	1
466232	843871	1
751735	752101	1
751735	843869	1
751735	843871	1
751735	843870	1
751735	1381686	1
751735	1386713	1
32194	26050	1
32194	32206	1
455014	229962	1
1089933	401209	1
1089933	133857	1
1089933	237653	1
1089933	55503	1
1089933	126919	1
1089933	885647	1
1089933	42195	1
1089933	91964	1
1089933	51229	1
1089933	1054796	1
1089933	100446	1
1089933	195415	1
1089933	1747393	1
1089933	362290	1
1089933	303486	1
1089933	63158	1
80727	1160869	1
80727	180943	1
14683	51229	1
14683	48432	1
14683	106085	1
14683	128646	1
14683	201497	1
14683	104913	1
14683	33198	1
14683	42172	1
14683	87640	1
14683	104915	1
51229	162670	1
51229	114272	1
51229	2823955	1
51229	195173	1
51229	453882	1
51229	820386	1
51229	1522639	1
51229	381533	1
51229	1432200	1
51229	6308753	1
51229	1549778	1
51229	180933	1
51229	832992	1
51229	597824	1
51229	6308752	1
51229	13932	1
51229	324987	1
51229	3381862	1
51229	3456968	1
51229	716097	1
51229	3456965	1
51229	587430	1
461384	3757611	1
461384	1022180	1
461384	905358	1
461384	518540	1
461384	470098	1
461384	2938703	1
461384	424119	1
461384	319968	1
461384	1802076	1
712040	37224	1
207574	18802	1
207574	2138124	1
207574	6506146	1
326036	579662	1
84101	84669	1
1172267	1381686	1
1172267	843870	1
51067	1479400	1
147751	368478	1
439912	302018	1
153073	315339	1
370378	827801	1
135915	813951	1
135915	191152	1
135915	269211	1
135915	81882	1
135915	455290	1
135915	769563	1
135915	252641	1
135915	17135	1
135915	2508881	1
42191	243119	1
42191	64739	1
29936	122287	1
29936	53248	1
29936	2255726	1
29936	6021	1
29936	303369	1
26050	1382540	1
26050	211886	1
26050	774403	1
26050	519503	1
70244	36807	1
70244	235211	1
7027	60316	1
7027	63552	1
7027	914949	1
7027	88534	1
7027	1353218	1
7027	322814	1
7027	274718	1
7027	367585	1
7027	283074	1
122507	255108	1
141331	235647	1
10497	41107	1
33762	142065	1
765621	765623	1
84669	691750	1
621178	908132	1
621178	3534493	1
621178	707721	1
621178	621179	1
2731854	7091869	1
2731854	6237149	1
66617	863532	1
66617	345918	1
66617	649996	1
66617	67036	1
192325	304972	1
192325	304970	1
192325	456926	1
192325	261293	1
192325	115466	1
192325	304975	1
192325	304969	1
192325	221990	1
294661	1917284	1
294661	1633849	1
1381686	1386713	1
1381686	843870	1
470098	518540	1
470098	905358	1
470098	1022180	1
470098	319968	1
470098	2938703	1
470098	1802076	1
470098	424119	1
470098	3757611	1
33199	170805	1
33199	82248	1
33199	210767	1
15569	247016	1
1802076	1022180	1
1802076	2938703	1
1802076	518540	1
1802076	319968	1
1802076	424119	1
1802076	3757611	1
1802076	905358	1
412566	637745	1
10552	30007	1
10552	156772	1
10552	203260	1
10552	530659	1
10552	140603	1
10552	75928	1
10552	1337172	1
10552	277486	1
10552	200997	1
10552	249251	1
10552	107598	1
10552	29816	1
10552	414306	1
10552	381166	1
10552	322334	1
10552	288631	1
10552	30135	1
411282	1923302	1
411282	236819	1
16798	338839	1
471450	1900787	1
49845	1532407	1
82248	138076	1
249251	277486	1
249251	140603	1
249251	200997	1
249251	203260	1
249251	322334	1
249251	30135	1
249251	414306	1
249251	29816	1
249251	381166	1
249251	156772	1
249251	530659	1
249251	1337172	1
249251	107598	1
249251	75928	1
249251	288631	1
42195	126919	1
42195	362290	1
42195	63158	1
42195	91964	1
42195	237653	1
42195	885647	1
42195	1054796	1
42195	133857	1
42195	55503	1
42195	100446	1
42195	1747393	1
42195	401209	1
42195	303486	1
42195	195415	1
103737	58034	1
133857	3341181	1
133857	63158	1
133857	237653	1
133857	91964	1
133857	401209	1
133857	1747393	1
133857	55503	1
133857	126919	1
133857	1054796	1
133857	303486	1
133857	362290	1
133857	195415	1
133857	380864	1
133857	100446	1
133857	885647	1
174249	594422	1
240757	240759	1
240757	617447	1
240757	217748	1
240757	227866	1
240757	76092	1
240757	240763	1
240757	240762	1
240757	240752	1
240757	227865	1
240757	617448	1
240759	227866	1
240759	240752	1
240759	227865	1
240759	240763	1
240759	617447	1
240759	240762	1
240759	76092	1
240759	217748	1
240759	240760	1
240759	617448	1
1259037	280934	1
1259037	1274303	1
367585	1353218	1
367585	88534	1
367585	60316	1
367585	274718	1
367585	283074	1
367585	63552	1
367585	322814	1
367585	914949	1
1353218	274718	1
1353218	914949	1
1353218	88534	1
1353218	322814	1
1353218	63552	1
1353218	283074	1
548608	95541	1
548608	261293	1
548608	185006	1
548608	115466	1
548608	335045	1
30344	101096	1
30344	11073	1
30344	73202	1
30344	20957	1
30344	146284	1
30344	262944	1
30344	40409	1
30344	196421	1
30344	347280	1
30344	213331	1
30344	331215	1
30344	139260	1
30344	370970	1
30344	441400	1
30344	66385	1
30344	254259	1
30344	31546	1
30344	459377	1
30344	156316	1
30344	264158	1
30344	231785	1
30344	170755	1
76092	240760	1
76092	227865	1
76092	240763	1
76092	240762	1
76092	240752	1
76092	617447	1
76092	617448	1
76092	227866	1
76092	217748	1
1205108	1205110	1
1205108	1205106	1
1205108	1205109	1
1205108	1927328	1
1205108	1205107	1
1205110	1205109	1
1205110	1927328	1
1205110	1205107	1
1205110	1205106	1
170760	1360610	1
170760	757911	1
170760	546501	1
170760	1097804	1
170760	1056568	1
170760	1360611	1
170760	833014	1
170760	374777	1
170760	1360609	1
170760	842085	1
170760	546504	1
170760	539272	1
1360610	539272	1
1360610	1097804	1
1360610	1360609	1
1360610	842085	1
1360610	757911	1
1360610	1056568	1
1360610	325672	1
1360610	546504	1
1360610	1360611	1
1360610	833014	1
1360610	374777	1
1360610	546501	1
2224862	648905	1
2224862	269286	1
2224862	587496	1
2224862	421574	1
2224862	81857	1
2224862	788312	1
716107	1600253	1
716107	716097	1
716107	1599540	1
716107	1396423	1
716107	3805607	1
716107	1627321	1
716107	381345	1
716107	1470284	1
716107	1630882	1
716107	1589076	1
1600253	1599540	1
1600253	3805607	1
1600253	1470284	1
1600253	716097	1
1600253	1396423	1
1600253	381345	1
1600253	1589076	1
1600253	1630882	1
1600253	1627321	1
381533	6308752	1
381533	1522639	1
381533	324987	1
381533	3381862	1
381533	1549778	1
381533	180933	1
381533	716097	1
381533	832992	1
381533	6308753	1
381533	3456965	1
381533	820386	1
381533	453882	1
381533	2823955	1
381533	3456968	1
381533	587430	1
6308752	587430	1
6308752	3381862	1
6308752	832992	1
6308752	1522639	1
6308752	2823955	1
6308752	3456965	1
6308752	3456968	1
6308752	324987	1
6308752	1549778	1
6308752	453882	1
6308752	716097	1
6308752	180933	1
6308752	6308753	1
6308752	820386	1
185006	261293	1
185006	335045	1
185006	115466	1
185006	95541	1
261293	304975	1
261293	335045	1
261293	115466	1
261293	304969	1
261293	304970	1
261293	221990	1
261293	304972	1
261293	95541	1
261293	456926	1
146284	231785	1
146284	40409	1
146284	66385	1
146284	73202	1
146284	262944	1
146284	170755	1
146284	459377	1
146284	347280	1
146284	31546	1
146284	20957	1
146284	370970	1
146284	213331	1
146284	196421	1
146284	331215	1
146284	139260	1
146284	254259	1
146284	101096	1
231785	213331	1
231785	347280	1
231785	196421	1
231785	370970	1
231785	20957	1
231785	459377	1
231785	254259	1
231785	170755	1
231785	139260	1
231785	31546	1
231785	66385	1
231785	331215	1
231785	262944	1
231785	101096	1
231785	73202	1
231785	40409	1
59756	140439	1
1143251	1763233	1
1143251	61118	1
1143251	843057	1
1763233	843057	1
1763233	61118	1
107784	328074	1
107784	179142	1
107784	30148	1
107784	1363222	1
107784	328076	1
107784	195173	1
107784	42360	1
107784	363432	1
107784	17413	1
107784	178276	1
107784	328075	1
107784	1341274	1
107784	91643	1
107784	2390019	1
107784	39776	1
107784	89337	1
107784	377769	1
107784	162670	1
107784	175255	1
328074	328076	1
328074	328075	1
328074	162670	1
328074	2390019	1
328074	195173	1
328074	91643	1
328074	377769	1
328076	195173	1
328076	328075	1
328076	162670	1
328076	377769	1
328076	91643	1
328076	2390019	1
621092	621093	1
621092	488776	1
621092	115551	1
621092	621089	1
621092	179142	1
621092	142433	1
621092	621090	1
621092	680218	1
621093	680218	1
621093	142433	1
621093	488776	1
621093	621089	1
621093	115551	1
621093	179142	1
621093	621090	1
813108	1311087	1
813108	240454	1
813108	813107	1
813108	279905	1
813108	767548	1
813108	1226050	1
813108	20124	1
813108	963032	1
813108	813109	1
813108	780795	1
813108	1730124	1
813108	292670	1
813108	284153	1
813108	345805	1
1311087	180121	1
1311087	1730124	1
1311087	284153	1
1311087	963032	1
1311087	240454	1
1311087	780795	1
1311087	292670	1
1311087	410630	1
252678	306513	1
252678	299212	1
252678	973413	1
252678	797989	1
252678	532065	1
252678	98228	1
252678	317234	1
252678	1170914	1
252678	925823	1
252678	53009	1
143934	556497	1
143934	5166397	1
143934	510367	1
143934	623505	1
143934	929308	1
143934	864515	1
556497	623505	1
556497	929308	1
556497	864515	1
556497	510367	1
556497	5166397	1
827801	271962	1
1104986	4937896	1
1104986	4937899	1
1104986	4937898	1
1104986	566423	1
1104986	267011	1
1104986	4937900	1
1104986	4937897	1
1104986	4937895	1
1104986	4937902	1
1104986	4937894	1
1104986	4937901	1
4937896	4937895	1
4937896	267011	1
4937896	4937900	1
4937896	4937898	1
4937896	4937902	1
4937896	4937899	1
4937896	4937894	1
4937896	4937897	1
4937896	4937901	1
4937896	566423	1
4937894	4937900	1
4937894	4937897	1
4937894	4937895	1
4937894	4937902	1
4937894	4937899	1
4937894	267011	1
4937894	566423	1
4937894	4937898	1
4937894	4937901	1
4937900	4937898	1
4937900	4937895	1
4937900	4937899	1
4937900	267011	1
4937900	4937897	1
4937900	4937902	1
4937900	4937901	1
4937900	566423	1
905358	1022180	1
905358	424119	1
905358	3757611	1
905358	518540	1
905358	319968	1
905358	2938703	1
1022180	424119	1
1022180	2938703	1
1022180	319968	1
1022180	518540	1
380036	2423281	1
380036	1280369	1
380036	552054	1
380036	525849	1
380036	875561	1
380036	1623124	1
380036	1061538	1
380036	2423280	1
380036	3026127	1
380036	7110337	1
380036	1117749	1
2423281	875561	1
2423281	1117749	1
2423281	552054	1
2423281	3026127	1
2423281	1623124	1
2423281	1061538	1
2423281	1280369	1
2423281	2423280	1
2423281	525849	1
2423281	7110337	1
227866	240752	1
227866	227865	1
227866	617447	1
227866	240762	1
227866	217748	1
227866	240763	1
227866	617448	1
227866	240760	1
460021	537389	1
107598	322334	1
107598	277486	1
107598	414306	1
107598	30135	1
107598	29816	1
107598	288631	1
107598	200997	1
107598	140603	1
107598	1337172	1
107598	203260	1
107598	75928	1
107598	381166	1
107598	156772	1
107598	530659	1
322334	288631	1
322334	203260	1
322334	140603	1
322334	30135	1
322334	1337172	1
322334	200997	1
322334	530659	1
322334	414306	1
322334	156772	1
322334	381166	1
322334	29816	1
322334	277486	1
322334	75928	1
3534493	621179	1
3534493	908132	1
3534493	707721	1
325672	1056568	1
325672	833014	1
325672	374777	1
325672	1360609	1
325672	539272	1
325672	842085	1
325672	546501	1
325672	1097804	1
325672	1360611	1
325672	757911	1
325672	546504	1
189430	781715	1
189430	1014312	1
189430	256185	1
189430	71891	1
189430	1714010	1
189430	135243	1
189430	308343	1
189430	17546	1
189430	1211833	1
189430	370971	1
781715	135243	1
781715	370971	1
781715	71891	1
781715	1714010	1
781715	1211833	1
781715	17546	1
781715	1014312	1
781715	308343	1
781715	256185	1
1873034	1873035	1
806556	1148871	1
806556	776847	1
806556	3459039	1
806556	349764	1
806556	614915	1
806556	716085	1
806556	716101	1
806556	1435630	1
806556	3459038	1
806556	1588957	1
806556	3459037	1
806556	716002	1
806556	3459036	1
806556	806601	1
806556	1600410	1
806556	3459040	1
806556	2323859	1
4937899	4937901	1
4937899	566423	1
4937899	4937895	1
4937899	267011	1
4937899	4937902	1
4937899	4937898	1
4937899	4937897	1
118085	135531	1
118085	211778	1
118085	156371	1
135531	156371	1
135531	211778	1
720082	6662975	1
720082	7514399	1
720082	6662979	1
720082	6662977	1
720082	6662981	1
720082	6662974	1
720082	6662976	1
720082	6662982	1
720082	644946	1
720082	6662978	1
6662975	6662979	1
6662975	6662982	1
6662975	644946	1
6662975	6662978	1
6662975	7514399	1
6662975	6662976	1
6662975	6662977	1
6662975	6662974	1
6662975	6662981	1
101096	31546	1
101096	139260	1
101096	459377	1
101096	40409	1
101096	66385	1
101096	73202	1
101096	262944	1
101096	331215	1
101096	254259	1
101096	196421	1
101096	170755	1
101096	370970	1
101096	347280	1
101096	20957	1
101096	213331	1
217748	240763	1
217748	227865	1
217748	617448	1
217748	240762	1
217748	240752	1
217748	617447	1
217748	240760	1
240763	227865	1
240763	240762	1
240763	617447	1
240763	240760	1
240763	240752	1
240763	617448	1
240752	617448	1
240752	617447	1
240752	240762	1
240752	227865	1
240752	240760	1
81857	311576	1
81857	20124	1
81857	292670	1
81857	648905	1
81857	788312	1
81857	421574	1
81857	269286	1
81857	180121	1
81857	587496	1
195173	328075	1
195173	162670	1
195173	91643	1
195173	2390019	1
195173	377769	1
328075	162670	1
328075	2390019	1
328075	377769	1
328075	91643	1
53009	317234	1
53009	1170914	1
53009	262135	1
53009	925823	1
53009	306513	1
53009	797989	1
53009	532065	1
53009	299212	1
53009	973413	1
53009	98228	1
306513	317234	1
306513	532065	1
306513	1170914	1
306513	973413	1
306513	299212	1
306513	797989	1
306513	98228	1
306513	31055	1
306513	262135	1
306513	925823	1
324987	587430	1
324987	3456968	1
324987	1549778	1
324987	832992	1
324987	453882	1
324987	3456965	1
324987	180933	1
324987	716097	1
324987	2823955	1
324987	6308753	1
324987	820386	1
324987	1522639	1
587430	832992	1
587430	1522639	1
587430	1549778	1
587430	3381862	1
587430	6308753	1
587430	180933	1
587430	820386	1
587430	2823955	1
587430	716097	1
587430	3456968	1
587430	3456965	1
587430	453882	1
4937898	4937895	1
4937898	4937897	1
4937898	4937901	1
4937898	4937902	1
4937898	566423	1
4937898	267011	1
211778	156371	1
191152	81882	1
191152	252641	1
191152	269211	1
191152	769563	1
191152	2508881	1
191152	17135	1
191152	455290	1
191152	874216	1
196421	254259	1
196421	213331	1
196421	347280	1
196421	73202	1
196421	139260	1
196421	170755	1
196421	370970	1
196421	459377	1
196421	331215	1
196421	20957	1
196421	40409	1
196421	31546	1
196421	262944	1
254259	139260	1
254259	73202	1
254259	40409	1
254259	66385	1
254259	213331	1
254259	347280	1
254259	459377	1
254259	370970	1
254259	20957	1
254259	262944	1
254259	170755	1
254259	31546	1
254259	331215	1
20957	170755	1
20957	31546	1
20957	262944	1
20957	21207	1
20957	347280	1
20957	40409	1
20957	73202	1
20957	331215	1
20957	66385	1
20957	459377	1
20957	139260	1
20957	213331	1
20957	370970	1
170755	370970	1
170755	139260	1
170755	73202	1
170755	459377	1
170755	262944	1
170755	66385	1
170755	31546	1
170755	40409	1
170755	331215	1
170755	347280	1
170755	213331	1
617447	240760	1
617447	227865	1
617447	617448	1
617447	240762	1
180121	311576	1
180121	410630	1
180121	20124	1
180121	292670	1
381166	30135	1
381166	414306	1
381166	75928	1
381166	530659	1
381166	277486	1
381166	1337172	1
381166	203260	1
381166	200997	1
381166	140603	1
381166	288631	1
381166	156772	1
381166	29816	1
87640	201497	1
87640	104913	1
87640	104915	1
87640	33198	1
87640	106085	1
87640	42172	1
87640	128646	1
201497	128646	1
201497	33198	1
201497	106085	1
201497	104913	1
201497	104915	1
201497	48432	1
201497	42172	1
37955	263821	1
37955	295132	1
37955	993261	1
37955	611276	1
37955	696002	1
37955	996059	1
37955	237890	1
37955	919609	1
37955	10861	1
263821	10861	1
263821	696002	1
263821	237890	1
263821	996059	1
263821	293381	1
263821	611276	1
263821	919609	1
263821	993261	1
263821	295132	1
716085	3459038	1
716085	3459037	1
716085	1435630	1
716085	349764	1
716085	716101	1
716085	716002	1
716085	806601	1
716085	3459039	1
716085	776847	1
716085	1600410	1
716085	1148871	1
716085	3459040	1
716085	1588957	1
716085	614915	1
716085	2323859	1
716085	3459036	1
3459038	3459037	1
3459038	1435630	1
3459038	1600410	1
3459038	3459040	1
3459038	349764	1
3459038	3459039	1
3459038	806601	1
3459038	716002	1
3459038	614915	1
3459038	3459036	1
3459038	1588957	1
3459038	2323859	1
3459038	1148871	1
3459038	716101	1
3459038	776847	1
3748136	4243454	1
69225	375020	1
69225	378233	1
69225	657743	1
69225	577873	1
69225	1131038	1
69225	852289	1
69225	4632170	1
69225	990721	1
69225	4515960	1
375020	4515960	1
375020	852289	1
375020	4632170	1
375020	577873	1
375020	990721	1
375020	1131038	1
375020	378233	1
375020	657743	1
4515960	378233	1
4515960	657743	1
4515960	852289	1
4515960	577873	1
4515960	1131038	1
4515960	990721	1
4515960	4632170	1
60316	283074	1
60316	63552	1
60316	914949	1
60316	274718	1
60316	88534	1
60316	322814	1
6662979	6662982	1
6662979	6662974	1
6662979	644946	1
6662979	6662978	1
6662979	6662977	1
6662979	7514399	1
6662979	6662981	1
6662979	6662976	1
40409	73202	1
40409	331215	1
40409	31546	1
40409	262944	1
40409	459377	1
40409	347280	1
40409	139260	1
40409	66385	1
40409	370970	1
40409	213331	1
73202	347280	1
73202	459377	1
73202	262944	1
73202	31546	1
73202	196766	1
73202	370970	1
73202	213331	1
73202	66385	1
73202	331215	1
73202	139260	1
20124	767548	1
20124	311576	1
20124	345805	1
20124	292670	1
20124	1226050	1
20124	279905	1
20124	196606	1
20124	813109	1
20124	813107	1
767548	345805	1
767548	813107	1
767548	1226050	1
767548	813109	1
767548	279905	1
63158	126919	1
63158	362290	1
63158	100446	1
63158	401209	1
63158	885647	1
63158	237653	1
63158	91964	1
63158	1054796	1
63158	492341	1
63158	55503	1
63158	195415	1
63158	303486	1
63158	1747393	1
1056568	1097804	1
1056568	842085	1
1056568	546504	1
1056568	546501	1
1056568	833014	1
1056568	374777	1
1056568	757911	1
1056568	539272	1
1056568	1360611	1
1056568	1360609	1
1097804	546501	1
1097804	757911	1
1097804	1360611	1
1097804	539272	1
1097804	546504	1
1097804	1360609	1
1097804	833014	1
1097804	374777	1
1097804	842085	1
221990	304972	1
221990	456926	1
221990	304969	1
221990	115466	1
221990	304970	1
221990	304975	1
588229	6167566	1
17413	1363222	1
17413	42360	1
17413	1341274	1
17413	39776	1
17413	178276	1
17413	30148	1
17413	33198	1
17413	17959	1
17413	175255	1
17413	179142	1
17413	89337	1
1363222	1341274	1
1363222	175255	1
1363222	42360	1
1363222	30148	1
1363222	178276	1
1363222	89337	1
1363222	39776	1
1363222	33198	1
1363222	179142	1
1664298	4656420	1
1664298	509147	1
4656420	509147	1
31546	331215	1
31546	213331	1
31546	139260	1
31546	459377	1
31546	262944	1
31546	370970	1
31546	66385	1
31546	347280	1
66385	262944	1
66385	347280	1
66385	370970	1
66385	139260	1
66385	213331	1
66385	331215	1
262944	331215	1
262944	213331	1
262944	139260	1
262944	459377	1
262944	347280	1
262944	370970	1
96536	164349	1
240760	227865	1
240760	240762	1
240760	617448	1
36807	1057748	1
36807	156371	1
36807	58033	1
36807	157582	1
36807	133116	1
36807	224377	1
36807	42184	1
1057748	224377	1
1057748	157582	1
1057748	133116	1
1057748	156371	1
1057748	58033	1
1057748	42184	1
1057748	224609	1
29816	277486	1
29816	75928	1
29816	414306	1
29816	1337172	1
29816	156772	1
29816	203260	1
29816	530659	1
29816	288631	1
29816	30135	1
29816	140603	1
277486	30135	1
277486	530659	1
277486	1337172	1
277486	200997	1
277486	203260	1
277486	140603	1
277486	288631	1
277486	75928	1
277486	414306	1
277486	156772	1
986815	1183426	1
986815	1180406	1
986815	1178857	1
986815	3071000	1
986815	1187435	1
986815	2697416	1
986815	151641	1
986815	4939310	1
986815	6045874	1
986815	3053655	1
1183426	6045874	1
1183426	1187435	1
1183426	4939310	1
1183426	3071000	1
1183426	1180406	1
1183426	2697416	1
1183426	3053655	1
1183426	1178857	1
1183426	151641	1
776847	2323859	1
776847	3459036	1
776847	716002	1
776847	3459039	1
776847	1435630	1
776847	3459037	1
776847	1588957	1
776847	3459040	1
776847	806601	1
776847	1600410	1
776847	614915	1
776847	716101	1
776847	349764	1
776847	1148871	1
2323859	3459040	1
2323859	614915	1
2323859	3459036	1
2323859	1435630	1
2323859	806601	1
2323859	716002	1
2323859	1148871	1
2323859	3459037	1
2323859	1588957	1
2323859	716101	1
2323859	349764	1
2323859	3459039	1
2323859	1600410	1
832992	3456968	1
832992	3456965	1
832992	1522639	1
832992	1549778	1
832992	820386	1
832992	180933	1
832992	3381862	1
832992	716097	1
832992	2823955	1
832992	6308753	1
832992	453882	1
4449706	5576582	1
4449706	5470766	1
5576582	5470766	1
274718	322814	1
274718	914949	1
274718	88534	1
274718	283074	1
274718	63552	1
6662977	7514399	1
6662977	6662982	1
6662977	6662981	1
6662977	6662976	1
6662977	6662974	1
6662977	6662978	1
6662977	644946	1
7514399	6662974	1
7514399	6662978	1
7514399	6662981	1
7514399	644946	1
7514399	6662982	1
7514399	6662976	1
644946	6662976	1
644946	6662978	1
644946	6662981	1
644946	6662982	1
644946	6662974	1
6662976	6662974	1
6662976	6662981	1
6662976	6662978	1
6662976	6662982	1
213331	331215	1
213331	370970	1
213331	139260	1
213331	459377	1
213331	347280	1
331215	459377	1
331215	370970	1
331215	347280	1
331215	139260	1
347280	139260	1
347280	459377	1
347280	370970	1
347280	274969	1
139260	70377	1
139260	459377	1
139260	370970	1
139260	250698	1
7658051	7658060	1
7658051	7658059	1
7658051	7658056	1
7658051	7658064	1
7658051	7658058	1
7658051	7658055	1
7658051	7658052	1
7658051	7658063	1
7658051	7658057	1
7658051	7658061	1
7658051	7658062	1
7658051	7658054	1
7658051	7658050	1
7658051	7658053	1
7658060	7658061	1
7658060	7658058	1
7658060	7658062	1
7658060	7658057	1
7658060	7658050	1
7658060	7658052	1
7658060	7658053	1
7658060	7658064	1
7658060	7658056	1
7658060	7658054	1
7658060	7658055	1
7658060	7658059	1
7658060	7658063	1
7658061	7658062	1
7658061	7658053	1
7658061	7658052	1
7658061	7658064	1
7658061	7658057	1
7658061	7658056	1
7658061	7658058	1
7658061	7658055	1
7658061	7658059	1
7658061	7658063	1
7658061	7658050	1
7658061	7658054	1
82087	4355672	1
539272	842085	1
539272	757911	1
539272	546501	1
539272	1360609	1
539272	833014	1
539272	1360611	1
539272	374777	1
539272	546504	1
842085	546504	1
842085	1360609	1
842085	757911	1
842085	833014	1
842085	1360611	1
842085	546501	1
842085	374777	1
304972	304969	1
304972	456926	1
304972	304970	1
304972	115466	1
304972	304975	1
1632743	5035513	1
1632743	166859	1
1632743	798143	1
5035513	798143	1
5035513	166859	1
3459036	3459040	1
3459036	1588957	1
3459036	1435630	1
3459036	716002	1
3459036	1148871	1
3459036	3459039	1
3459036	806601	1
3459036	349764	1
3459036	3459037	1
3459036	614915	1
3459036	1600410	1
3459036	716101	1
3459040	716002	1
3459040	1588957	1
3459040	349764	1
3459040	1148871	1
3459040	716101	1
3459040	806601	1
3459040	3459039	1
3459040	614915	1
3459040	3459037	1
3459040	1600410	1
3459040	1435630	1
3459037	716101	1
3459037	1435630	1
3459037	806601	1
3459037	1148871	1
3459037	1600410	1
3459037	349764	1
3459037	614915	1
3459037	3459039	1
3459037	716002	1
3459037	1588957	1
716101	1588957	1
716101	3459039	1
716101	716002	1
716101	1600410	1
716101	806601	1
716101	1435630	1
716101	349764	1
716101	1148871	1
716101	614915	1
1588957	349764	1
1588957	1600410	1
1588957	1148871	1
1588957	614915	1
1588957	806601	1
1588957	1435630	1
1588957	3459039	1
1588957	716002	1
1917284	1633849	1
1917284	1975316	1
1917284	1975315	1
7658059	7658053	1
7658059	7658052	1
7658059	7658064	1
7658059	7658063	1
7658059	7658058	1
7658059	7658054	1
7658059	7658062	1
7658059	7658057	1
7658059	7658055	1
7658059	7658050	1
7658059	7658056	1
75928	30135	1
75928	200997	1
75928	288631	1
75928	156772	1
75928	530659	1
75928	203260	1
75928	140603	1
75928	1337172	1
75928	414306	1
100446	126919	1
100446	237653	1
100446	91964	1
100446	1747393	1
100446	1054796	1
100446	55503	1
100446	885647	1
100446	303486	1
100446	362290	1
100446	401209	1
100446	195415	1
126919	55503	1
126919	237653	1
126919	885647	1
126919	1054796	1
126919	1747393	1
126919	91964	1
126919	303486	1
126919	401209	1
126919	195415	1
126919	362290	1
128646	48432	1
128646	104913	1
128646	33198	1
128646	104915	1
128646	42172	1
128646	106085	1
135243	1014312	1
135243	1714010	1
135243	256185	1
135243	654051	1
135243	17546	1
135243	253882	1
135243	71891	1
135243	370971	1
135243	1211833	1
135243	303575	1
135243	308343	1
135243	266027	1
1014312	17546	1
1014312	256185	1
1014312	1714010	1
1014312	370971	1
1014312	308343	1
1014312	71891	1
1014312	1211833	1
359975	1576774	1
359975	1943593	1
359975	301266	1
359975	1576773	1
1576774	1576773	1
1576774	301266	1
1576774	1943593	1
179142	621090	1
179142	39776	1
179142	178276	1
179142	89337	1
179142	30148	1
179142	33198	1
179142	680218	1
179142	42360	1
179142	175255	1
179142	1341274	1
179142	115551	1
179142	621089	1
179142	488776	1
179142	142433	1
621090	680218	1
621090	142433	1
621090	488776	1
621090	115551	1
621090	621089	1
33198	89337	1
33198	30148	1
33198	48432	1
33198	175255	1
33198	1341274	1
33198	104915	1
33198	42360	1
33198	178276	1
33198	39776	1
33198	104913	1
33198	106085	1
33198	42172	1
89337	178276	1
89337	42360	1
89337	175255	1
89337	30148	1
89337	39776	1
89337	1341274	1
3456968	6308753	1
3456968	3456965	1
3456968	716097	1
3456968	453882	1
3456968	1549778	1
3456968	1522639	1
3456968	180933	1
3456968	3381862	1
3456968	2823955	1
3456968	820386	1
1280369	875561	1
1280369	1117749	1
1280369	2423280	1
1280369	3026127	1
1280369	552054	1
1280369	7110337	1
1280369	1623124	1
1280369	525849	1
1280369	1061538	1
42184	156371	1
42184	58033	1
42184	133116	1
42184	224377	1
42184	157582	1
30135	288631	1
30135	140603	1
30135	414306	1
30135	203260	1
30135	530659	1
30135	200997	1
30135	156772	1
30135	1337172	1
1207122	1490289	1
1207122	584507	1
1490289	584507	1
42360	175255	1
42360	178276	1
42360	359855	1
42360	1341274	1
42360	30148	1
42360	39776	1
317234	1170914	1
317234	797989	1
317234	925823	1
317234	973413	1
317234	532065	1
317234	299212	1
317234	262135	1
317234	98228	1
1170914	299212	1
1170914	532065	1
1170914	262135	1
1170914	925823	1
1170914	797989	1
1170914	973413	1
1170914	98228	1
3565403	7297017	1
3565403	3565401	1
3565403	3565399	1
3565403	7296995	1
3565403	7296996	1
3565403	2099560	1
7297017	3565401	1
7297017	3565399	1
7297017	7296995	1
7297017	7296996	1
7297017	2099560	1
453882	716097	1
453882	820386	1
453882	6308753	1
453882	1522639	1
453882	3381862	1
453882	1549778	1
453882	180933	1
453882	2823955	1
453882	3456965	1
716097	381345	1
716097	1470284	1
716097	1630882	1
716097	6308753	1
716097	1599540	1
716097	3456965	1
716097	1522639	1
716097	1589076	1
716097	2823955	1
716097	820386	1
716097	180933	1
716097	3381862	1
716097	3805607	1
716097	1396423	1
716097	1549778	1
716097	1627321	1
3028374	4257113	1
3028374	2142426	1
3028374	763112	1
3028374	3028372	1
3028374	656620	1
3028374	1785915	1
3028374	3028373	1
3028374	3028375	1
4257113	1785915	1
4257113	2142426	1
4257113	3028375	1
4257113	3028373	1
4257113	763112	1
4257113	3028372	1
4257113	656620	1
200997	414306	1
200997	203260	1
200997	140603	1
200997	530659	1
200997	1337172	1
200997	156772	1
200997	24221	1
200997	288631	1
414306	140603	1
414306	288631	1
414306	530659	1
414306	203260	1
414306	156772	1
414306	1337172	1
401209	55503	1
401209	362290	1
401209	1747393	1
401209	303486	1
401209	91964	1
401209	1054796	1
401209	195415	1
401209	885647	1
401209	237653	1
546504	1360609	1
546504	1360611	1
546504	833014	1
546504	757911	1
546504	546501	1
546504	374777	1
374777	757911	1
374777	1360609	1
374777	833014	1
374777	546501	1
374777	1360611	1
757911	833014	1
757911	1360609	1
757911	1360611	1
757911	546501	1
621089	680218	1
621089	115551	1
621089	142433	1
621089	488776	1
680218	488776	1
680218	142433	1
680218	115551	1
240454	780795	1
240454	963032	1
240454	1730124	1
240454	284153	1
240454	292670	1
780795	292670	1
780795	963032	1
780795	1730124	1
780795	284153	1
237890	293381	1
237890	295132	1
237890	611276	1
237890	10861	1
237890	919609	1
237890	996059	1
237890	993261	1
237890	696002	1
657743	1131038	1
657743	577873	1
657743	378233	1
657743	990721	1
657743	852289	1
657743	4632170	1
1131038	4632170	1
1131038	378233	1
1131038	852289	1
1131038	577873	1
1131038	990721	1
617448	240762	1
617448	227865	1
799944	1298267	1
799944	1821094	1
1298267	1821094	1
48432	42172	1
48432	104915	1
48432	106085	1
48432	104913	1
747740	1397703	1
747740	885403	1
747740	328856	1
747740	283473	1
747740	410274	1
1397703	283473	1
1397703	410274	1
1397703	885403	1
1397703	328856	1
283473	410274	1
283473	328856	1
283473	885403	1
410274	885403	1
410274	328856	1
381345	1599540	1
381345	1470284	1
381345	1589076	1
381345	1627321	1
381345	3805607	1
381345	1396423	1
381345	1630882	1
349764	614915	1
349764	806601	1
349764	3459039	1
349764	1435630	1
349764	716002	1
349764	1148871	1
349764	1600410	1
614915	1148871	1
614915	3459039	1
614915	806601	1
614915	1600410	1
614915	716002	1
614915	1435630	1
180933	1522639	1
180933	3381862	1
180933	820386	1
180933	3456965	1
180933	1549778	1
180933	6308753	1
180933	2823955	1
1522639	2823955	1
1522639	1549778	1
1522639	820386	1
1522639	6308753	1
1522639	3456965	1
1522639	3381862	1
95541	335045	1
95541	115466	1
335045	115466	1
269211	874216	1
269211	81882	1
269211	455290	1
269211	252641	1
269211	2508881	1
269211	769563	1
269211	17135	1
140603	530659	1
140603	156772	1
140603	1337172	1
140603	288631	1
140603	203260	1
39776	175255	1
39776	1341274	1
39776	178276	1
39776	30148	1
2406786	2731855	1
2406786	3390973	1
2406786	2736646	1
2731855	3390973	1
2731855	2736646	1
166859	798143	1
1549778	3456965	1
1549778	2823955	1
1549778	6308753	1
1549778	820386	1
1549778	3381862	1
283074	914949	1
283074	88534	1
283074	63552	1
283074	322814	1
914949	88534	1
914949	322814	1
914949	63552	1
81882	769563	1
81882	874216	1
81882	252641	1
81882	17135	1
81882	455290	1
81882	2508881	1
6662978	6662982	1
6662978	6662974	1
6662978	6662981	1
896440	3982646	1
896440	7431739	1
896440	7431737	1
896440	4188919	1
896440	7431738	1
896440	3075036	1
3982646	7431738	1
3982646	7431739	1
3982646	7431737	1
3982646	4188919	1
3982646	3075036	1
227865	240762	1
304975	115466	1
304975	304969	1
304975	304970	1
304975	456926	1
1187435	2697416	1
1187435	4939310	1
1187435	151641	1
1187435	6045874	1
1187435	3071000	1
1187435	1180406	1
1187435	1178857	1
1187435	3053655	1
2697416	6045874	1
2697416	151641	1
2697416	3071000	1
2697416	3053655	1
2697416	1180406	1
2697416	1178857	1
2697416	4939310	1
115466	304969	1
115466	456926	1
115466	304970	1
267656	267658	1
267656	48424	1
267656	136201	1
267656	267661	1
267656	267654	1
267656	265835	1
267658	267661	1
267658	48424	1
267658	136201	1
267658	267654	1
267658	265835	1
538835	1353487	1
1199227	876387	1
1199227	728930	1
520588	546337	1
520588	741824	1
520588	843870	1
520588	2605752	1
520588	913843	1
520588	2026836	1
520588	281536	1
520588	1148890	1
520588	573647	1
546337	573647	1
546337	741824	1
546337	843870	1
546337	913843	1
546337	2026836	1
546337	1148890	1
546337	281536	1
546337	2605752	1
269286	648905	1
269286	587496	1
269286	421574	1
269286	788312	1
10861	996059	1
10861	696002	1
10861	993261	1
10861	293381	1
10861	295132	1
10861	611276	1
566423	4937897	1
566423	267011	1
566423	4937895	1
566423	4937901	1
566423	4937902	1
4937897	4937901	1
4937897	4937895	1
4937897	267011	1
7658062	7658063	1
7658062	7658057	1
7658062	7658052	1
7658062	7658056	1
7658062	7658053	1
7658062	7658064	1
7658062	7658058	1
7658062	7658054	1
7658062	7658050	1
7658062	7658055	1
7658063	7658054	1
7658063	7658052	1
7658063	7658064	1
7658063	7658053	1
7658063	7658050	1
7658063	7658058	1
7658063	7658057	1
7658063	7658056	1
7658063	7658055	1
552054	7110337	1
552054	2423280	1
552054	1061538	1
552054	525849	1
552054	1623124	1
552054	3026127	1
552054	875561	1
552054	1117749	1
267654	48424	1
267654	267661	1
267654	136201	1
267654	265835	1
362290	885647	1
362290	91964	1
362290	237653	1
362290	303486	1
362290	1747393	1
362290	55503	1
362290	195415	1
362290	1054796	1
546501	1360609	1
546501	1360611	1
546501	833014	1
843870	2605752	1
843870	281536	1
843870	913843	1
843870	741824	1
843870	1148890	1
843870	843869	1
843870	573647	1
843870	843871	1
843870	1386713	1
843870	2026836	1
2605752	573647	1
2605752	913843	1
2605752	741824	1
2605752	281536	1
2605752	1148890	1
2605752	2026836	1
98228	797989	1
98228	973413	1
98228	532065	1
98228	299212	1
98228	925823	1
98228	262135	1
797989	925823	1
797989	299212	1
797989	262135	1
797989	973413	1
797989	532065	1
459377	370970	1
67618	144074	1
456926	1255072	1
456926	304970	1
456926	308877	1
456926	1255073	1
456926	1255070	1
456926	3602070	1
456926	304969	1
587496	648905	1
587496	421574	1
587496	788312	1
299212	925823	1
299212	973413	1
299212	532065	1
299212	262135	1
378233	852289	1
378233	990721	1
378233	4632170	1
378233	577873	1
3757611	424119	1
3757611	2938703	1
3757611	319968	1
3757611	518540	1
67036	649996	1
7431739	7431737	1
7431739	3075036	1
7431739	7431738	1
7431739	4188919	1
7658056	7658064	1
7658056	7658058	1
7658056	7658057	1
7658056	7658050	1
7658056	7658052	1
7658056	7658053	1
7658056	7658054	1
813107	813109	1
813107	279905	1
813107	345805	1
1337172	156772	1
1337172	530659	1
1337172	203260	1
1337172	288631	1
648905	421574	1
648905	788312	1
11073	264158	1
11073	156316	1
11073	441400	1
88534	322814	1
88534	63552	1
1061538	1117749	1
1061538	3026127	1
1061538	525849	1
1061538	2423280	1
1061538	7110337	1
1061538	1623124	1
1061538	875561	1
1117749	2423280	1
1117749	7110337	1
1117749	875561	1
1117749	3026127	1
1117749	1623124	1
1117749	525849	1
156371	58033	1
156371	157582	1
156371	133116	1
156371	224377	1
1255072	1255073	1
1255072	308877	1
1255072	1255070	1
1255072	3602070	1
104913	104915	1
104913	104914	1
104913	22757	1
104913	106085	1
104913	42172	1
3390973	2736646	1
145643	229372	1
229372	16655	1
3565401	7296995	1
3565401	7296996	1
3565401	2099560	1
3565401	3565399	1
466760	3638960	1
424119	319968	1
424119	518540	1
424119	2938703	1
712175	2433282	1
712175	501103	1
712175	501100	1
712175	501102	1
2433282	501102	1
2433282	501100	1
2433282	501103	1
288631	203260	1
288631	530659	1
288631	156772	1
621179	908132	1
621179	707721	1
908132	707721	1
18981	86162	1
30148	175255	1
30148	1341274	1
30148	178276	1
1627321	1630882	1
1627321	1470284	1
1627321	1599540	1
1627321	3805607	1
1627321	1589076	1
1627321	1396423	1
1630882	1599540	1
1630882	1470284	1
1630882	3805607	1
1630882	1589076	1
1630882	1396423	1
3456965	6308753	1
3456965	3381862	1
3456965	820386	1
3456965	2823955	1
6308753	820386	1
6308753	2823955	1
6308753	3381862	1
577873	990721	1
577873	4632170	1
577873	852289	1
4632170	990721	1
4632170	852289	1
308343	1714010	1
308343	71891	1
308343	370971	1
308343	1211833	1
308343	17546	1
308343	256185	1
1714010	256185	1
1714010	71891	1
1714010	17546	1
1714010	1211833	1
1714010	370971	1
229986	382518	1
173708	173709	1
311576	292670	1
162670	2390019	1
162670	88495	1
162670	91643	1
162670	377769	1
973413	262135	1
973413	925823	1
973413	532065	1
295132	996059	1
295132	993261	1
295132	919609	1
295132	611276	1
295132	696002	1
295132	293381	1
1148871	806601	1
1148871	3459039	1
1148871	1435630	1
1148871	1600410	1
1148871	716002	1
4937901	4937895	1
4937901	267011	1
4937901	4937902	1
875561	525849	1
875561	7110337	1
875561	1623124	1
875561	2423280	1
875561	3026127	1
58033	157582	1
58033	224377	1
58033	133116	1
156772	530659	1
156772	203260	1
1435630	716002	1
1435630	3459039	1
1435630	806601	1
1435630	1600410	1
806601	716002	1
806601	1600410	1
806601	3459039	1
53248	271516	1
53248	2255726	1
53248	6021	1
53248	303369	1
53248	61270	1
271516	61270	1
1115554	1434745	1
1360609	1360611	1
1360609	833014	1
532065	262135	1
532065	925823	1
182928	255470	1
182928	763718	1
182928	266027	1
182928	1036899	1
182928	272756	1
255470	1036899	1
255470	272756	1
255470	300798	1
255470	266027	1
255470	763718	1
993261	996059	1
993261	611276	1
993261	293381	1
993261	696002	1
993261	919609	1
165910	48727	1
7658058	7658055	1
7658058	7658054	1
7658058	7658064	1
7658058	7658050	1
7658058	7658057	1
7658058	7658053	1
7658058	7658052	1
157582	224377	1
157582	133116	1
224377	133116	1
1360611	833014	1
178276	1341274	1
178276	175255	1
1470284	1396423	1
1470284	3805607	1
1470284	1589076	1
1470284	1599540	1
7658054	7658064	1
7658054	7658055	1
7658054	7658053	1
7658054	7658050	1
7658054	7658052	1
7658054	7658057	1
4867849	430373	1
1294306	1356406	1
1294306	2594072	1
292670	1730124	1
292670	284153	1
292670	410630	1
292670	963032	1
846450	2172796	1
846450	240099	1
846450	589080	1
2172796	589080	1
2172796	240099	1
1669391	1338738	1
1669391	995188	1
1669391	2372281	1
3381862	820386	1
3381862	2823955	1
6662982	6662981	1
6662982	6662974	1
6662981	6662974	1
203260	530659	1
1338738	995188	1
1338738	2372281	1
2823955	820386	1
267011	4937895	1
267011	4937902	1
4937895	4937902	1
322814	63552	1
525849	3026127	1
525849	2423280	1
525849	7110337	1
525849	1623124	1
3026127	7110337	1
3026127	2423280	1
3026127	1623124	1
1036959	2302106	1
1036959	2957223	1
256185	1211833	1
256185	71891	1
256185	17546	1
256185	370971	1
293381	611276	1
293381	696002	1
293381	919609	1
293381	996059	1
104915	106085	1
104915	42172	1
3071000	4939310	1
3071000	6045874	1
3071000	1180406	1
3071000	151641	1
3071000	1178857	1
3071000	3053655	1
4939310	6045874	1
4939310	1178857	1
4939310	151641	1
4939310	3053655	1
4939310	1180406	1
623505	929308	1
623505	510367	1
623505	5166397	1
2142426	3028372	1
2142426	763112	1
2142426	1785915	1
2142426	656620	1
2142426	3028375	1
3028372	3028373	1
3028372	3028375	1
3028372	1785915	1
3028372	656620	1
3028372	763112	1
4442684	4442686	1
4442684	4442685	1
4442686	4442685	1
518540	2938703	1
518540	319968	1
370971	1211833	1
370971	17546	1
370971	71891	1
175255	1341274	1
1180406	6045874	1
1180406	151641	1
1180406	1178857	1
1180406	3053655	1
280934	1274303	1
929308	864515	1
929308	5166397	1
929308	510367	1
7658053	7658055	1
7658053	7658057	1
7658053	7658050	1
7658053	7658064	1
7658053	7658052	1
7658055	7658052	1
7658055	7658057	1
7658055	7658050	1
7658055	7658064	1
1779949	1780375	1
195415	1747393	1
195415	1054796	1
195415	303486	1
195415	885647	1
195415	91964	1
195415	237653	1
195415	55503	1
1747393	55503	1
1747393	303486	1
1747393	237653	1
1747393	91964	1
1747393	885647	1
1747393	1054796	1
304970	304969	1
874216	455290	1
874216	769563	1
662177	1225184	1
662177	1264057	1
662177	61118	1
1225184	1264057	1
1225184	61118	1
184088	4305605	1
184088	520483	1
184088	1415018	1
4305605	1415018	1
4305605	520483	1
7431737	3075036	1
7431737	7431738	1
7431737	4188919	1
237653	91964	1
237653	1054796	1
237653	55503	1
237653	303486	1
48424	136201	1
48424	265835	1
48424	267661	1
136201	265835	1
136201	267661	1
925823	262135	1
716002	1600410	1
716002	3459039	1
71891	1211833	1
71891	17546	1
1211833	17546	1
7658057	7658050	1
7658057	7658064	1
7658057	7658052	1
266027	763718	1
266027	303575	1
266027	253882	1
266027	300798	1
266027	272756	1
266027	1036899	1
266027	654051	1
763718	272756	1
763718	300798	1
763718	1036899	1
611276	996059	1
611276	919609	1
611276	696002	1
996059	696002	1
996059	919609	1
656620	3028375	1
656620	763112	1
656620	1785915	1
656620	3028373	1
3028375	3028373	1
3028375	1785915	1
3028375	763112	1
3477	126430	1
3477	382123	1
3477	382122	1
3477	382121	1
3477	325401	1
3477	585848	1
3477	65421	1
126430	585848	1
126430	65421	1
126430	325401	1
126430	382123	1
126430	382121	1
557124	557129	1
557124	1424677	1
557124	568609	1
557124	130559	1
557124	557126	1
557124	557128	1
557124	2370252	1
557129	2370252	1
557129	568609	1
557129	557126	1
557129	130559	1
557129	1424677	1
557129	557128	1
3459039	1600410	1
382123	585848	1
382123	382121	1
382123	325401	1
382123	65421	1
382123	382122	1
585848	382122	1
585848	325401	1
585848	382121	1
585848	65421	1
382121	382122	1
382121	325401	1
382121	65421	1
3053655	6045874	1
3053655	1178857	1
3053655	151641	1
6045874	1178857	1
6045874	151641	1
300798	1036899	1
300798	272756	1
1036899	272756	1
284153	1730124	1
284153	963032	1
1178857	151641	1
520483	1415018	1
557126	2370252	1
557126	557128	1
557126	1424677	1
557126	130559	1
557126	568609	1
2370252	1424677	1
2370252	568609	1
2370252	557128	1
2370252	130559	1
1200884	1934206	1
985816	985818	1
985816	985819	1
985816	985820	1
985818	985819	1
985818	985820	1
27043	120233	1
120233	363546	1
1599540	3805607	1
1599540	1589076	1
1599540	1396423	1
303369	2255726	1
303369	6021	1
2255726	6021	1
583578	2958924	1
55503	91964	1
55503	303486	1
55503	885647	1
55503	1054796	1
91964	1054796	1
91964	885647	1
91964	303486	1
7658064	7658050	1
7658064	7658052	1
561932	2123329	1
885647	1016309	1
885647	303486	1
885647	1054796	1
15165	114483	1
15152	227790	1
15152	490021	1
227790	490021	1
454288	1775831	1
454288	1310712	1
454288	2234112	1
454288	2974859	1
1775831	1310712	1
1775831	2234112	1
1775831	2974859	1
5166397	510367	1
5166397	864515	1
1300593	3963516	1
1300593	7669711	1
3963516	7669711	1
135914	683013	1
135914	441793	1
135914	289960	1
488776	115551	1
488776	142433	1
3028373	763112	1
3028373	1785915	1
441793	683013	1
441793	289960	1
1029145	2075752	1
1029145	2775636	1
1029145	2775635	1
2075752	2775635	1
2075752	2775636	1
310137	729839	1
3805607	1589076	1
3805607	1396423	1
1255073	3602070	1
1255073	1255070	1
1255073	308877	1
481472	654956	1
1589076	1396423	1
267661	265835	1
2072412	2072413	1
2072412	2014298	1
2072413	2014298	1
654051	303575	1
654051	253882	1
2423280	7110337	1
2423280	1623124	1
61118	1264057	1
61118	843057	1
393134	732784	1
732784	2975412	1
774403	211886	1
774403	1382540	1
774403	519503	1
527004	825562	1
1785915	763112	1
1424677	557128	1
1424677	568609	1
1424677	130559	1
852289	990721	1
142433	115551	1
573647	2026836	1
573647	913843	1
573647	1148890	1
573647	281536	1
573647	741824	1
2026836	281536	1
2026836	741824	1
2026836	913843	1
2026836	1148890	1
3602070	308877	1
3602070	1255070	1
2390019	377769	1
2390019	91643	1
741824	1148890	1
741824	281536	1
741824	913843	1
1148890	281536	1
1148890	913843	1
5874415	5874416	1
5874415	5874417	1
5874415	1231240	1
5874416	5874417	1
5874416	1231240	1
303575	253882	1
303486	1054796	1
696002	919609	1
7658052	7658050	1
421574	788312	1
1730124	963032	1
784734	838650	1
2938703	319968	1
828407	100196	1
70377	250698	1
892131	4823524	1
455290	769563	1
455290	252641	1
455290	2508881	1
455290	17135	1
352830	572179	1
308877	1255070	1
769563	17135	1
769563	252641	1
769563	2508881	1
252641	17135	1
252641	2508881	1
913843	281536	1
1310712	2974859	1
1310712	2234112	1
2974859	2234112	1
568609	130559	1
568609	557128	1
2809745	5743017	1
2809745	5743018	1
2809745	5743020	1
5743017	5743018	1
5743017	5743020	1
843869	843871	1
741010	2027439	1
168029	916708	1
168029	3476	1
168029	121607	1
916708	3476	1
916708	121607	1
281536	281535	1
938211	4675308	1
7296995	7296996	1
7296995	2099560	1
7296995	3565399	1
642931	1013668	1
642931	2161140	1
642931	3687006	1
1013668	2161140	1
1013668	3687006	1
496264	764177	1
264158	156316	1
264158	441400	1
2014298	2047875	1
108694	1064593	1
5743018	5743020	1
1121973	1389813	1
1121973	1187102	1
1389813	1187102	1
1205109	1205106	1
1205109	1205107	1
1205109	1927328	1
589080	240099	1
106085	42172	1
1576773	1943593	1
1576773	301266	1
1943593	301266	1
2775636	2775635	1
292254	1583116	1
292254	142041	1
292254	307664	1
292254	5200694	1
292254	938782	1
382122	325401	1
382122	65421	1
430103	475782	1
20123	170322	1
170322	283844	1
170322	89086	1
3565399	7296996	1
3565399	2099560	1
7110337	1623124	1
557128	130559	1
277095	277096	1
328856	885403	1
7431738	3075036	1
7431738	4188919	1
224508	5423761	1
4257045	4493078	1
4257045	322731	1
4257045	4588013	1
4493078	322731	1
4493078	4588013	1
1205106	1927328	1
1205106	1205107	1
498341	498343	1
7091869	6237149	1
386093	809983	1
3476	121607	1
289960	683013	1
728930	876387	1
2111155	2111159	1
2111155	2111151	1
2111159	2111151	1
501102	501100	1
501102	501103	1
37224	89086	1
89086	283844	1
1767961	4434101	1
1767961	4434100	1
4434101	4434100	1
864515	510367	1
2123220	3010569	1
2123220	308384	1
2123220	985811	1
3010569	308384	1
3010569	985811	1
308384	985811	1
105273	105272	1
322731	4588013	1
3075036	4188919	1
345805	1226050	1
345805	196606	1
345805	279905	1
345805	813109	1
91643	377769	1
29809	383177	1
383177	42172	1
65421	325401	1
1382540	211886	1
1382540	519503	1
326119	556869	1
869054	1801948	1
869054	1123796	1
1801948	1123796	1
1927328	1205107	1
20710	382394	1
981052	1937178	1
253929	865670	1
712705	891993	1
1290978	3176081	1
28602	55592	1
7296996	2099560	1
813109	279905	1
813109	1226050	1
247278	468989	1
2957223	2302106	1
281925	918814	1
281925	471588	1
281925	1643411	1
918814	471588	1
918814	1643411	1
142041	938782	1
142041	307664	1
146664	1263670	1
995188	2372281	1
595578	738701	1
501100	501103	1
985819	985820	1
985819	2152636	1
216198	530390	1
216198	1380691	1
530390	1380691	1
9081	328677	1
1900787	2273177	1
1536044	2272082	1
1536044	396939	1
2272082	396939	1
1319156	1448595	1
954810	1497291	1
2161140	3687006	1
17135	2508881	1
1975316	1975315	1
211886	519503	1
443900	934251	1
443900	922576	1
934251	922576	1
471588	1643411	1
279905	1226050	1
2697086	5271580	1
45670	965701	1
45670	130563	1
965701	130563	1
98684	2137269	1
957676	928380	1
957676	200813	1
156316	441400	1
290290	2317031	1
67657	239921	1
67657	572072	1
67657	572068	1
37416	1001010	1
1315807	2700833	1
200813	928380	1
307664	938782	1
466363	1271911	1
140160	549681	1
6710411	6710412	1
1038523	1754397	1
53807	492341	1
363885	2289688	1
33203	3093678	1
33203	1051762	1
350658	758052	1
1638765	2396452	1
215246	973066	1
798945	2874457	1
42708	265560	1
42708	32211	1
265560	32211	1
101163	572607	1
327416	1061012	1
327416	1216515	1
2754712	5064100	1
572072	572068	1
163205	191819	1
6548	135561	1
411188	4770311	1
1055992	1055993	1
169486	169488	1
437027	1136820	1
437027	2718984	1
1136820	2718984	1
269321	1080619	1
445608	1106271	1
161256	814136	1
974318	999908	1
13932	286541	1
1677700	2194957	1
310346	712038	1
5874417	1231240	1
857524	1351738	1
886541	5036049	1
169487	1091797	1
169487	1091796	1
1091797	1091796	1
314255	542118	1
204665	309537	1
99319	378045	1
1226847	1318659	1
133120	327903	1
263417	130562	1
1757156	1804903	1
36543	307841	1
4207149	4207150	1
1528440	4772289	1
2001260	4679955	1
93198	322090	1
329645	2258988	1
87837	209403	1
16794	676162	1
1151794	1240697	1
736515	2008157	1
506479	573141	1
306936	327748	1
264785	400113	1
45672	3971983	1
409131	775976	1
69201	78540	1
69201	418593	1
956948	1536176	1
303627	303636	1
1384503	1568567	1
328190	903343	1
80084	503075	1
266173	553689	1
180953	448484	1
427782	492825	1
120913	202485	1
1730367	3983418	1
143143	657243	1
444653	1132907	1
936330	1244635	1
1016509	1955560	1
3639693	3639694	1
252303	653968	1
415226	963551	1
157039	1897272	1
398351	736472	1
136466	162399	1
