48284	256156	1
48284	83904	1
48284	413568	1
48284	90541	1
48284	55080	1
48284	384185	1
48284	166320	1
48284	411946	1
256156	83904	1
256156	384185	1
256156	411946	1
256156	166320	1
256156	413568	1
256156	55080	1
256156	90541	1
179366	228407	1
179366	228415	1
179366	32201	1
179366	51671	1
179366	228408	1
228407	32201	1
228407	228408	1
228407	51671	1
228407	228415	1
262357	899061	1
262357	1036828	1
262357	833768	1
262357	1353204	1
262357	449204	1
262357	211158	1
262357	1353166	1
262357	1353114	1
262357	1353108	1
262357	317620	1
262357	1006206	1
262357	1234493	1
262357	899063	1
262357	419422	1
262357	1354230	1
262357	273520	1
262357	899066	1
262357	1491379	1
262357	899070	1
899061	1234493	1
899061	1354230	1
899061	899066	1
899061	273520	1
899061	1353114	1
899061	211158	1
899061	419422	1
899061	899063	1
899061	1353204	1
899061	1491379	1
899061	1353166	1
899061	449204	1
899061	1036828	1
899061	1353108	1
899061	1006206	1
899061	833768	1
899061	899070	1
899061	317620	1
644142	1054895	1
644142	56052	1
644142	603179	1
644142	933279	1
644142	281474	1
644142	246536	1
644142	259769	1
644142	1786015	1
644142	321044	1
644142	202191	1
644142	279922	1
644142	910913	1
644142	177078	1
644142	281986	1
644142	368787	1
644142	96037	1
1054895	259769	1
1054895	96037	1
1054895	177078	1
1054895	321044	1
1054895	56052	1
1054895	603179	1
1054895	281986	1
1054895	910913	1
1054895	202191	1
1054895	281474	1
1054895	368787	1
1054895	246536	1
1054895	933279	1
1054895	279922	1
1054895	1786015	1
32208	4637417	1
32208	205525	1
32208	97544	1
32208	26955	1
32208	32197	1
32208	784747	1
4637417	32197	1
4637417	97544	1
4637417	26955	1
4637417	784747	1
4637417	205525	1
1045364	1208816	1
1045364	240765	1
1045364	220622	1
1208816	220622	1
1208816	240765	1
1036828	1234493	1
1036828	899070	1
1036828	1353166	1
1036828	273520	1
1036828	1006206	1
1036828	419422	1
1036828	211158	1
1036828	449204	1
1036828	833768	1
1036828	1353204	1
1036828	1354230	1
1036828	1353108	1
1036828	899063	1
1036828	899066	1
1036828	1491379	1
1036828	1353114	1
1036828	317620	1
228415	32201	1
228415	228408	1
228415	51671	1
211158	1006206	1
211158	833768	1
211158	899070	1
211158	1491379	1
211158	1354230	1
211158	1353166	1
211158	449204	1
211158	1353204	1
211158	899063	1
211158	419422	1
211158	899066	1
211158	317620	1
211158	1234493	1
211158	1353108	1
211158	273520	1
211158	1353114	1
1006206	1353204	1
1006206	1234493	1
1006206	419422	1
1006206	1491379	1
1006206	899066	1
1006206	449204	1
1006206	833768	1
1006206	1353114	1
1006206	317620	1
1006206	1354230	1
1006206	1353108	1
1006206	899070	1
1006206	273520	1
1006206	1353166	1
1006206	899063	1
899063	899070	1
899063	1353114	1
899063	449204	1
899063	317620	1
899063	1354230	1
899063	1353108	1
899063	899066	1
899063	1491379	1
899063	419422	1
899063	1353204	1
899063	1353166	1
899063	833768	1
899063	1234493	1
899063	273520	1
899070	833768	1
899070	1353204	1
899070	449204	1
899070	1353166	1
899070	419422	1
899070	1354230	1
899070	1234493	1
899070	1353108	1
899070	1353114	1
899070	899066	1
899070	317620	1
899070	273520	1
899070	1491379	1
272121	548225	1
272121	177078	1
272121	312278	1
272121	820900	1
272121	359632	1
272121	279922	1
272121	281474	1
272121	281986	1
272121	736768	1
272121	910913	1
272121	2213246	1
272121	933279	1
272121	56052	1
548225	910913	1
548225	177078	1
548225	933279	1
548225	820900	1
548225	281474	1
548225	359632	1
548225	279922	1
548225	56052	1
548225	2213246	1
548225	736768	1
548225	312278	1
548225	281986	1
120312	423099	1
120312	256558	1
120312	254976	1
423099	256558	1
423099	254976	1
32201	51671	1
32201	228408	1
56052	246536	1
56052	820900	1
56052	281986	1
56052	96037	1
56052	359632	1
56052	281474	1
56052	312278	1
56052	368787	1
56052	279922	1
56052	177078	1
56052	321044	1
56052	736768	1
56052	910913	1
56052	603179	1
56052	933279	1
56052	2213246	1
56052	1786015	1
56052	202191	1
56052	259769	1
246536	259769	1
246536	368787	1
246536	281986	1
246536	177078	1
246536	1786015	1
246536	279922	1
246536	281474	1
246536	933279	1
246536	321044	1
246536	202191	1
246536	910913	1
246536	96037	1
246536	603179	1
330162	3187661	1
44306	44314	1
279922	359632	1
279922	2213246	1
279922	312278	1
279922	177078	1
279922	281986	1
279922	202191	1
279922	321044	1
279922	368787	1
279922	96037	1
279922	933279	1
279922	603179	1
279922	910913	1
279922	1786015	1
279922	736768	1
279922	820900	1
279922	281474	1
279922	259769	1
359632	281986	1
359632	281474	1
359632	820900	1
359632	933279	1
359632	910913	1
359632	177078	1
359632	2213246	1
359632	736768	1
359632	312278	1
177078	259769	1
177078	321044	1
177078	910913	1
177078	1786015	1
177078	96037	1
177078	281986	1
177078	933279	1
177078	312278	1
177078	281474	1
177078	2213246	1
177078	202191	1
177078	368787	1
177078	736768	1
177078	820900	1
177078	603179	1
259769	910913	1
259769	603179	1
259769	202191	1
259769	96037	1
259769	1786015	1
259769	933279	1
259769	281986	1
259769	321044	1
259769	368787	1
259769	281474	1
910913	933279	1
910913	736768	1
910913	312278	1
910913	281474	1
910913	281986	1
910913	1786015	1
910913	321044	1
910913	96037	1
910913	603179	1
910913	368787	1
910913	820900	1
910913	202191	1
910913	2213246	1
933279	312278	1
933279	820900	1
933279	321044	1
933279	281986	1
933279	202191	1
933279	96037	1
933279	281474	1
933279	736768	1
933279	2213246	1
933279	1786015	1
933279	603179	1
933279	368787	1
820900	281986	1
820900	2213246	1
820900	281474	1
820900	312278	1
820900	736768	1
60492	653554	1
60492	308465	1
60492	540714	1
60492	369747	1
653554	308465	1
653554	369747	1
653554	540714	1
1353204	899066	1
1353204	317620	1
1353204	833768	1
1353204	1353108	1
1353204	273520	1
1353204	1353114	1
1353204	1354230	1
1353204	1234493	1
1353204	1353166	1
1353204	419422	1
1353204	449204	1
1353204	1491379	1
281986	603179	1
281986	312278	1
281986	281474	1
281986	2213246	1
281986	321044	1
281986	202191	1
281986	368787	1
281986	736768	1
281986	96037	1
281986	1786015	1
1016358	1246568	1
1016358	863751	1
1016358	621483	1
1016358	621485	1
1016358	1984378	1
1016358	1984367	1
1016358	166793	1
1016358	621480	1
1016358	1496904	1
1016358	32202	1
1016358	1984696	1
1016358	328853	1
1016358	1817820	1
1246568	32202	1
1246568	621480	1
1246568	863751	1
1246568	1984367	1
1246568	1984696	1
1246568	621485	1
1246568	1817820	1
1246568	1984378	1
1246568	621483	1
1246568	328853	1
1246568	1496904	1
1246568	166793	1
273520	419422	1
273520	1353166	1
273520	833768	1
273520	317620	1
273520	449204	1
273520	1234493	1
273520	1353114	1
273520	899066	1
273520	1491379	1
273520	1354230	1
273520	1353108	1
419422	833768	1
419422	1234493	1
419422	317620	1
419422	1491379	1
419422	1353114	1
419422	1354230	1
419422	449204	1
419422	1353108	1
419422	899066	1
419422	1353166	1
833768	1354230	1
833768	449204	1
833768	1234493	1
833768	317620	1
833768	899066	1
833768	1353114	1
833768	1353108	1
833768	1491379	1
833768	1353166	1
1354230	899066	1
1354230	1353166	1
1354230	1491379	1
1354230	317620	1
1354230	1353114	1
1354230	1353108	1
1354230	1234493	1
1354230	449204	1
656335	1252006	1
656335	278654	1
656335	278656	1
1252006	278656	1
1252006	278654	1
736768	281474	1
736768	312278	1
736768	2213246	1
32195	234890	1
32195	1673569	1
32195	119484	1
32195	227874	1
234890	227874	1
234890	119484	1
234890	1673569	1
16406	6181511	1
16406	6181509	1
16406	6181506	1
16406	111201	1
16406	958911	1
16406	289231	1
16406	266349	1
6181511	266349	1
6181511	958911	1
6181511	289231	1
6181511	6181509	1
6181511	111201	1
6181511	6181506	1
384185	411946	1
384185	413568	1
384185	90541	1
384185	83904	1
384185	166320	1
384185	55080	1
411946	83904	1
411946	166320	1
411946	55080	1
411946	90541	1
411946	413568	1
32199	318052	1
32199	208633	1
32199	32190	1
32199	457732	1
32199	603338	1
32199	600884	1
32199	119084	1
32199	880083	1
32199	219565	1
32199	190370	1
318052	119084	1
318052	600884	1
318052	190370	1
318052	457732	1
318052	603338	1
318052	880083	1
318052	219565	1
318052	208633	1
318052	32190	1
321044	603179	1
321044	368787	1
321044	1786015	1
321044	96037	1
321044	281474	1
321044	202191	1
603179	96037	1
603179	368787	1
603179	1786015	1
603179	202191	1
603179	281474	1
35303	44313	1
347268	1256099	1
347268	95539	1
1256099	95539	1
368787	96037	1
368787	1786015	1
368787	202191	1
368787	281474	1
26955	205525	1
26955	784747	1
26955	97544	1
26955	32197	1
205525	32197	1
205525	784747	1
205525	97544	1
1234493	1353108	1
1234493	449204	1
1234493	1353114	1
1234493	1353166	1
1234493	317620	1
1234493	1491379	1
1234493	899066	1
1353108	899066	1
1353108	317620	1
1353108	1353166	1
1353108	1491379	1
1353108	1353114	1
1353108	449204	1
1786015	202191	1
1786015	96037	1
1786015	281474	1
83904	90541	1
83904	166320	1
83904	55080	1
83904	413568	1
266349	6181509	1
266349	289231	1
266349	6181506	1
266349	958911	1
266349	111201	1
6181509	111201	1
6181509	958911	1
6181509	6181506	1
6181509	289231	1
312278	2213246	1
312278	281474	1
177340	899517	1
177340	76028	1
177340	207945	1
899517	207945	1
899517	76028	1
600884	603338	1
600884	32190	1
600884	190370	1
600884	457732	1
600884	880083	1
600884	119084	1
600884	219565	1
600884	208633	1
603338	880083	1
603338	219565	1
603338	208633	1
603338	457732	1
603338	32190	1
603338	119084	1
603338	190370	1
256558	254976	1
899066	1353114	1
899066	317620	1
899066	1353166	1
899066	449204	1
899066	1491379	1
1353114	1353166	1
1353114	1491379	1
1353114	449204	1
1353114	317620	1
96037	281474	1
96037	202191	1
32197	784747	1
32197	97544	1
1100649	2045354	1
1100649	200817	1
2045354	200817	1
308465	369747	1
308465	540714	1
1496904	1817820	1
1496904	1984378	1
1496904	32202	1
1496904	328853	1
1496904	621483	1
1496904	1984367	1
1496904	1984696	1
1496904	863751	1
1496904	621480	1
1496904	166793	1
1496904	621485	1
1817820	1984696	1
1817820	166793	1
1817820	621480	1
1817820	863751	1
1817820	621485	1
1817820	32202	1
1817820	1984367	1
1817820	621483	1
1817820	1984378	1
1817820	328853	1
32202	621485	1
32202	621483	1
32202	1984367	1
32202	328853	1
32202	115467	1
32202	1984378	1
32202	863751	1
32202	621480	1
32202	1984696	1
32202	166793	1
32202	119484	1
621485	621480	1
621485	166793	1
621485	621483	1
621485	1984696	1
621485	863751	1
621485	1984367	1
621485	328853	1
621485	1984378	1
32198	552944	1
32198	329931	1
552944	329931	1
32190	208633	1
32190	456210	1
32190	41715	1
32190	1089116	1
32190	219565	1
32190	1576367	1
32190	880083	1
32190	119084	1
32190	776244	1
32190	456211	1
32190	469216	1
32190	190370	1
32190	457732	1
32190	76028	1
208633	457732	1
208633	119084	1
208633	190370	1
208633	219565	1
208633	880083	1
227874	1673569	1
227874	119484	1
76028	207945	1
76028	219565	1
119084	880083	1
119084	457732	1
119084	190370	1
119084	219565	1
281474	2213246	1
281474	202191	1
880083	190370	1
880083	219565	1
880083	457732	1
384972	465884	1
384972	373346	1
465884	373346	1
166793	1984696	1
166793	1984367	1
166793	328853	1
166793	621483	1
166793	621480	1
166793	1984378	1
166793	863751	1
1984696	621483	1
1984696	621480	1
1984696	863751	1
1984696	1984378	1
1984696	328853	1
1984696	1984367	1
1996948	1996949	1
1996948	836362	1
1996949	836362	1
91504	822083	1
251877	4742346	1
251877	26952	1
251877	704840	1
251877	370499	1
251877	508876	1
251877	1045202	1
4742346	704840	1
4742346	508876	1
4742346	1045202	1
4742346	26952	1
4742346	370499	1
1491379	449204	1
1491379	1353166	1
1491379	317620	1
317620	1353166	1
317620	449204	1
406442	1381996	1
26952	508876	1
26952	370499	1
26952	704840	1
26952	1045202	1
508876	704840	1
508876	370499	1
508876	1045202	1
370499	704840	1
370499	1045202	1
90541	413568	1
90541	55080	1
90541	281341	1
90541	1889434	1
90541	166320	1
413568	55080	1
413568	166320	1
111201	6181506	1
111201	958911	1
111201	289231	1
51850	110862	1
1353166	449204	1
1984367	621483	1
1984367	1984378	1
1984367	621480	1
1984367	328853	1
1984367	863751	1
621483	863751	1
621483	621480	1
621483	1984378	1
621483	328853	1
328853	863751	1
328853	1984378	1
328853	621480	1
958911	289231	1
958911	6181506	1
51671	228408	1
184712	211154	1
184712	184441	1
184712	184439	1
184712	184440	1
184712	184430	1
184712	193246	1
211154	184440	1
211154	184439	1
211154	184441	1
1984378	863751	1
1984378	621480	1
456210	456211	1
190370	219565	1
190370	457732	1
872733	872737	1
621480	863751	1
61498	1150790	1
97544	784747	1
95539	1630619	1
219565	457732	1
369747	540714	1
289231	6181506	1
153980	410038	1
153980	170355	1
410038	170355	1
12199	2472821	1
166320	55080	1
184440	184441	1
184440	184439	1
184441	184439	1
32203	182699	1
41715	1576367	1
41715	469216	1
115467	119484	1
119484	1673569	1
72234	1314719	1
184430	193246	1
843045	1635559	1
776777	784709	1
776777	305848	1
784709	305848	1
281341	1889434	1
227871	748512	1
227871	1056554	1
748512	1056554	1
596935	5304358	1
18553	989082	1
428424	1617040	1
1259038	5448673	1
1259038	5448674	1
5448673	5448674	1
278654	278656	1
704840	1045202	1
469216	1576367	1
140042	521661	1
1089116	776244	1
220622	240765	1
1432230	1622616	1
131971	474468	1
462489	939357	1
462489	939358	1
939357	939358	1
161552	161553	1
42757	75336	1
4857711	4857712	1
42754	256190	1
154028	154029	1
154028	32204	1
154029	32204	1
144051	144053	1
144051	144052	1
144053	144052	1
377622	1165586	1
32192	1055117	1
12550	109662	1
368474	410879	1
519766	1631446	1
519766	3318464	1
1631446	3318464	1
188810	215379	1
442106	1983215	1
