48284	83904	1
48284	90541	1
48284	166320	1
48284	411946	1
256156	83904	1
256156	411946	1
256156	166320	1
256156	413568	1
256156	90541	1
179366	228415	1
179366	32201	1
228407	32201	1
228407	228408	1
228407	51671	1
262357	1036828	1
262357	833768	1
262357	1353114	1
262357	317620	1
262357	899070	1
262357	95540	1
899061	273520	1
899061	1353204	1
644142	56052	1
644142	246536	1
644142	279922	1
644142	910913	1
1054895	56052	1
1054895	202191	1
1054895	279922	1
1054895	44309	1
1054895	272121	1
1054895	272120	1
1054895	2429519	1
1054895	147902	1
1054895	281474	1
1054895	832426	1
32208	205525	1
32208	26955	1
32208	784747	1
32208	32210	1
32208	957131	1
32208	97544	1
4637417	32197	1
4637417	97544	1
4637417	26955	1
4637417	205525	1
1036828	1353166	1
1036828	211158	1
1036828	1354230	1
228415	32201	1
228415	51671	1
211158	833768	1
211158	1354230	1
211158	419422	1
211158	899066	1
211158	317620	1
211158	1353114	1
899063	899066	1
899070	1353166	1
899070	317620	1
899070	273520	1
899070	1491379	1
272121	177078	1
272121	281986	1
272121	933279	1
272121	108870	1
272121	279922	2
272121	16375	1
272121	359632	1
272121	202191	1
272121	281474	1
272121	832426	1
272121	147902	1
272121	272120	1
272121	2429519	1
272121	44309	1
548225	56052	1
548225	2213246	1
548225	202191	1
548225	16375	1
548225	259769	1
548225	322529	1
548225	780796	1
120312	254976	1
423099	256558	1
32201	51671	1
32201	228408	1
32201	395816	1
32201	395814	1
32201	32207	1
32201	109661	1
32201	32181	1
32201	98149	1
32201	1770847	1
32201	188810	1
32201	191285	1
32201	210387	1
32201	32200	1
32201	1797546	1
56052	246536	1
56052	281474	1
56052	312278	1
56052	321044	1
56052	736768	1
56052	603179	1
56052	2213246	1
56052	1786015	1
56052	259769	1
246536	281986	1
246536	177078	1
246536	1786015	1
246536	96037	1
246536	603179	1
44306	44314	3
279922	177078	1
279922	281986	1
279922	202191	2
279922	96037	1
279922	933279	1
279922	910913	1
279922	736768	1
279922	259769	2
279922	704625	1
279922	603179	1
279922	780796	1
279922	16375	1
279922	824459	1
279922	272120	1
279922	2429519	1
279922	44309	1
279922	281474	1
279922	832426	1
279922	147902	1
359632	281474	1
359632	933279	1
359632	910913	1
359632	177078	1
359632	736768	1
359632	322529	1
359632	824459	1
359632	16375	1
177078	321044	1
177078	312278	1
177078	820900	1
259769	281986	1
259769	704625	1
259769	351419	1
910913	96037	1
933279	281986	1
933279	281474	1
933279	603179	1
820900	281986	1
820900	736768	2
820900	108870	1
820900	603179	1
820900	515885	1
820900	202191	1
820900	16375	1
60492	308465	1
1353204	1353114	1
1353204	1354230	1
281986	202191	1
1016358	621485	2
1016358	166793	1
1016358	328853	1
1016358	863751	1
1016358	1327402	1
1016358	621481	1
1016358	32202	1
1016358	621482	1
1016358	621480	1
1016358	621483	1
1246568	328853	1
1246568	1496904	1
419422	115798	1
419422	177584	1
419422	207945	1
419422	32190	1
833768	1353114	1
1354230	1353108	1
656335	278654	2
1252006	278656	1
1252006	278654	1
32195	234890	1
32195	1673569	1
32195	227874	1
16406	6181511	1
16406	6181509	1
16406	6181506	1
16406	111201	1
16406	266349	1
6181511	266349	1
6181511	111201	1
384185	293477	1
384185	108565	1
411946	83904	1
411946	55080	1
411946	413568	1
32199	318052	1
32199	32190	1
32199	457732	1
32199	603338	1
32199	119084	1
32199	880083	1
32199	190370	1
318052	219565	1
318052	208633	1
321044	281474	1
603179	96037	1
603179	16375	1
35303	1853267	1
35303	2216122	1
35303	736829	1
35303	2216123	1
35303	2216124	1
35303	1789473	1
347268	1256099	1
347268	95539	2
368787	824459	1
368787	351419	1
368787	515885	1
368787	659883	1
26955	97544	1
26955	646136	1
26955	646137	1
26955	646135	1
26955	328853	1
26955	1099152	1
26955	304968	1
26955	539813	1
26955	624405	1
26955	32196	1
26955	312208	1
26955	208633	1
26955	387994	1
26955	234422	1
205525	32197	1
1234493	1353108	1
1353108	449204	1
1786015	515885	1
83904	90541	1
83904	55080	1
83904	259352	1
83904	256053	1
83904	201571	1
83904	570542	1
83904	11012	1
266349	289231	1
266349	111201	1
312278	2213246	1
177340	899517	1
177340	76028	1
177340	207945	1
899517	76028	1
600884	32190	1
600884	457732	1
600884	119084	1
600884	187066	1
603338	219565	1
603338	32190	1
1353114	317620	1
96037	281474	1
32197	784747	1
308465	369747	1
1496904	621480	1
1496904	166793	1
1496904	32202	1
1496904	621485	1
1496904	621481	1
1817820	166793	1
1817820	328853	1
1817820	32202	1
32202	621485	2
32202	621483	2
32202	1984367	1
32202	328853	2
32202	115467	1
32202	1984378	1
32202	863751	2
32202	621480	1
32202	166793	2
621485	621480	2
621485	621481	2
621485	166793	1
621485	621483	1
621485	621482	1
32190	208633	1
32190	456210	1
32190	41715	1
32190	219565	1
32190	880083	1
32190	776244	1
32190	456211	1
32190	190370	1
32190	457732	1
32190	76028	1
32190	1046219	1
32190	495002	1
32190	177584	1
32190	258074	1
32190	207390	1
32190	1762555	1
32190	262358	1
32190	623293	1
32190	1236441	1
208633	119084	1
208633	880083	1
208633	387994	1
208633	234422	1
76028	207945	1
76028	219565	1
76028	732482	1
119084	457732	1
281474	824459	1
281474	322529	1
281474	147902	1
281474	272120	1
281474	832426	1
281474	44309	1
281474	2429519	1
166793	1984696	1
166793	621480	1
166793	621481	1
251877	1045202	1
4742346	370499	1
317620	449204	1
26952	370499	1
26952	1045202	1
26952	292354	1
26952	5371134	1
90541	413568	1
90541	1889434	1
413568	55080	1
51850	110862	1
1984367	621480	1
1984367	1984378	1
1984367	621483	1
621483	621481	1
621483	621480	1
621483	621482	1
328853	646136	1
328853	646137	1
328853	621481	1
328853	863751	1
328853	84684	1
328853	2343618	1
328853	605745	1
328853	3233397	1
328853	3233618	1
328853	3120816	1
328853	255302	1
328853	258074	1
958911	289231	1
958911	6181506	1
51671	228408	1
184712	211154	1
184712	184441	1
184712	184439	1
184712	184440	1
211154	184439	1
207945	1046219	1
190370	457732	1
190370	881771	1
190370	996740	1
190370	511349	1
621480	621481	1
621480	621482	1
202191	824459	1
219565	465982	1
219565	604396	1
219565	368137	1
219565	604393	1
153980	410038	1
153980	170355	1
410038	170355	1
166320	55080	1
457732	32196	1
184440	184439	1
55080	330618	1
55080	48433	1
55080	8672	1
55080	289040	1
55080	160904	1
55080	1288075	1
55080	301687	1
55080	387647	1
55080	259913	1
55080	47333	1
55080	138572	1
55080	136135	1
184441	184439	1
184441	754761	1
184441	754759	1
184441	691277	1
32203	182699	1
32203	808973	1
32203	261932	1
41715	1576367	1
115467	578743	1
115467	439843	1
115467	113428	1
119484	1673569	1
119484	596931	1
72234	1314719	1
18553	989082	1
18553	1264664	1
428424	1617040	1
140042	521661	1
220622	240758	1
1432230	1439550	1
1432230	2228409	1
1432230	1435045	1
131971	474468	1
462489	939357	1
462489	939358	1
42754	256190	1
154028	32204	1
154028	1132706	1
154028	1043775	1
154029	32204	1
144051	144053	1
32204	755119	1
32204	105466	1
32204	1434117	1
32192	1055117	1
12550	109662	1
1631446	3318464	1
188810	215379	1
188810	32181	1
188810	32207	1
188810	210387	1
188810	32200	1
188810	1770847	1
188810	191285	1
188810	1383481	1
188810	1797546	1
188810	98149	1
188810	109661	1
417399	417404	1
417399	417396	1
417399	96400	1
417399	10082	1
417399	260604	1
417399	149789	1
417404	417396	1
417404	97881	1
417404	10082	1
417404	2666	1
1237244	144321	1
1237245	342176	1
1237245	809065	1
442725	712777	1
442725	23165	1
442725	539260	1
95544	254070	1
95544	255804	1
95544	182929	1
95544	254072	1
95544	623293	1
95544	703539	1
254070	8672	1
254070	442174	1
254070	254072	1
254070	182929	1
149789	294411	1
149789	10082	1
149789	417397	1
149789	220594	1
149789	4007643	1
149789	10343	1
149789	2210953	1
149789	245741	1
149789	96400	1
417395	417402	1
417395	10343	1
417395	294410	1
417395	96400	1
417395	10082	1
417395	220594	1
115798	219705	1
115798	1046219	1
115798	258074	1
1055975	1924215	1
1055975	658976	1
1055975	1237250	1
1055975	144321	1
417397	10082	1
417397	96400	1
417397	220594	1
759183	96400	1
759183	2666	1
759183	10082	1
759183	10343	1
759183	97881	1
322529	824459	1
322529	16375	1
3243169	108687	1
3243169	539260	1
3243169	23165	1
3243169	364793	1
417393	2666	1
417393	630841	1
417393	10082	1
417393	220594	1
417402	220594	1
417402	96400	1
417402	10082	1
417402	2666	1
95546	12593	1
95546	1013029	1
95546	375279	1
95546	95537	1
95546	1642905	1
95546	229566	1
95546	1143370	1
95546	671328	1
95546	765352	1
95546	304973	1
293477	108565	1
12593	108565	1
12593	611219	1
12593	1013029	1
12593	999914	1
12593	251716	1
12593	400015	1
12593	141103	1
219705	177584	1
219705	1046219	1
8672	254072	1
8672	442174	1
8672	138572	1
8672	47333	1
8672	271392	1
8672	153674	1
8672	48433	1
8672	721567	1
8672	387647	1
8672	259913	1
8672	30122	1
8672	73062	1
8672	289040	1
8672	301687	1
8672	119009	1
8672	330618	1
8672	388185	1
8672	95537	1
8672	299702	1
294411	10343	1
294411	2666	1
3324005	84975	1
3326895	84975	1
342176	658984	1
342176	809065	1
342176	144321	1
342176	610798	1
3775709	1237250	1
3775709	144321	1
142866	433356	1
280177	2666	1
280177	10082	1
280177	417396	1
252447	144954	1
269287	108870	1
269287	261930	1
269287	51857	1
1275923	32196	1
245741	2666	1
245741	294410	1
245741	96400	1
245741	10343	1
245741	10082	1
245741	220594	1
417396	96400	1
108870	96033	1
108870	48275	2
108870	51857	1
108870	51849	1
1146034	1146035	1
1146034	32196	1
1146035	32196	1
258074	177584	1
258074	207390	1
258074	84684	1
258074	255302	1
258074	605745	1
258074	3120816	1
258074	3233397	1
258074	3233618	1
258074	2343618	1
1046219	177584	1
1046219	177344	1
658984	144321	1
646136	646137	1
609626	495001	1
609626	1237241	1
609626	610798	1
609626	144321	1
108565	1013029	1
108565	375279	1
957223	1357291	1
957223	406150	1
957223	750087	1
957223	957219	1
4229609	2712438	1
10343	1121981	1
10343	630841	1
10343	97881	1
10343	10082	1
10343	96400	1
10343	2666	1
10343	4007643	1
10343	2101713	1
10343	1577736	1
1121981	97881	1
1121981	96400	1
1121981	220594	1
1121981	10082	1
97881	294410	1
97881	260604	1
97881	2666	1
97881	220594	1
97881	2210953	1
294410	220594	1
294410	2666	1
294410	10082	1
294410	96400	1
260604	10082	1
260604	2666	1
292323	261930	1
292323	548816	1
32187	379513	1
32196	624568	1
32196	828933	1
32196	531461	1
32196	202092	1
32196	539813	1
630841	10082	1
630841	96400	1
356873	101784	1
251716	400015	1
251716	141103	1
96400	10082	1
96400	4007643	1
96400	2666	1
2666	2210953	1
177584	743835	1
1237250	495001	1
1237250	144321	1
220594	10082	1
15900	261867	1
15900	268951	1
15900	61499	1
15900	51672	1
15900	560717	1
15900	981629	1
44311	952330	1
44311	2101482	1
44311	1165752	1
44311	474064	1
44311	3384241	1
1237241	809065	1
10082	4007643	1
495002	743835	1
8435	485404	1
8435	1947304	1
712777	148475	1
712777	108687	1
712777	539260	1
712777	2178879	1
113036	2835665	1
113036	2835664	1
113036	2835666	1
113036	767390	1
6079694	2835666	1
101784	434215	1
144321	708238	1
624568	753821	1
624568	531461	1
743835	177344	1
375279	999914	1
375279	1013029	1
177235	56675	1
177235	386904	1
177235	423761	1
386904	56675	1
386904	423761	1
423761	342906	1
423761	56675	2
214124	2895363	1
1063528	76038	1
1063528	413739	1
539260	2178879	1
539260	11012	1
539260	468154	1
539260	4654	1
539260	468153	1
539260	103064	1
539260	86618	1
2178879	148475	1
1326222	1326223	1
1439550	2228409	1
1439550	1435045	1
2228409	1435045	1
474064	1356336	1
148475	108687	1
1686820	543307	1
76038	413739	1
76038	235395	1
22587	197243	1
9765	2020215	1
92184	1971210	1
92184	3825204	1
92184	2465042	1
304968	1099152	1
7580577	7580578	1
4443403	4443404	1
204371	803615	1
32210	957131	1
47333	301687	1
47333	249829	1
47333	136135	1
47333	30122	1
47333	73062	1
47333	119009	1
47333	48433	1
47333	138572	1
47333	259913	1
47333	160904	1
47333	1288075	1
47333	153674	1
47333	721567	1
255047	798518	1
255047	1288076	1
255047	160904	1
255047	289040	1
255047	138572	1
255047	119009	1
255047	153674	1
255047	259913	1
255047	30122	1
262940	259770	1
262940	273427	1
262940	11012	1
262940	34524	1
262940	266348	1
262940	149420	1
262940	570542	1
262940	570543	1
570542	34524	1
570542	266348	1
570542	11012	1
570542	570543	1
570542	149420	1
2669376	1094340	1
2669376	2450026	1
4824388	1094340	1
4824388	281518	1
1589140	1986083	1
1589140	115605	1
212863	395814	1
212863	395817	1
212863	384856	1
30122	1288076	1
30122	273141	1
30122	136135	1
30122	301687	1
30122	249829	1
30122	1288075	1
30122	387647	1
30122	330618	1
30122	271392	1
30122	138572	1
1288076	289040	1
1288076	73062	1
1288076	138572	1
1288076	136135	1
1288076	160904	1
1288076	119009	1
1288076	271392	1
266407	11012	1
266407	259770	1
266407	34524	1
273427	259770	1
273427	34524	1
273427	259352	1
48433	119009	1
48433	798518	1
48433	387647	1
48433	160904	1
48433	1288075	1
48433	271392	1
48433	259913	1
48433	273141	1
119009	259913	1
119009	160904	1
119009	153674	1
119009	301687	1
119009	138572	1
119009	1288075	1
119009	330618	1
119009	387647	1
119009	73062	1
249829	301687	1
249829	721567	1
249829	136135	1
249829	330618	1
249829	798518	1
330618	259913	1
330618	73062	1
201571	266348	1
395816	395817	1
34524	266348	1
34524	11012	1
34524	340642	1
34524	602552	1
34524	259770	1
266348	340642	1
266348	11012	1
266348	602552	1
73062	301687	1
73062	259913	1
73062	798518	1
73062	289040	1
73062	273141	1
387647	138572	1
387647	136135	1
271392	798518	1
271392	259913	1
271392	160904	1
60559	1623053	2
60559	1044517	1
1044517	353919	1
1044517	1623053	1
153674	160904	1
153674	273141	1
153674	138572	1
160904	1288075	1
160904	798518	1
160904	289040	1
485781	45676	1
798518	259913	1
798518	301687	1
721567	138572	1
1288075	301687	1
1288075	138572	1
3061959	281518	1
4824464	1094340	1
602552	340642	1
602552	259770	1
602552	11012	1
439843	262358	1
439843	91509	1
259352	259770	1
1833074	716921	1
1833074	685014	1
261930	358629	1
261930	457608	1
350933	1232709	1
1060954	433723	1
345477	1232709	1
353791	1402419	1
2450026	4841415	1
4841415	2450028	1
1833073	685014	1
421447	2450028	1
421447	341739	1
1315380	281518	1
289040	138572	1
289040	273141	1
3018984	3404805	1
200821	652186	1
200821	1159514	1
200821	784740	1
45676	567653	1
138572	136135	1
340642	11012	1
11012	468154	1
11012	4654	1
11012	284253	1
11012	291337	1
11012	426655	1
11012	468153	1
11012	144998	1
11012	393500	1
11012	104958	1
108566	227875	1
108566	732482	1
259913	136135	1
148227	815286	1
148227	469026	1
2934363	2096278	1
4974238	4974240	1
1317836	1317839	1
1317839	1317837	1
593729	2284577	1
2284579	593731	1
80156	7705826	1
9297	957131	1
1268013	1650986	1
548816	457608	1
2117752	2717028	1
358629	51857	1
358629	51849	1
977708	1232708	1
977708	1309244	1
3583311	2955805	1
1232709	1212526	1
2284577	593731	1
1094340	2450028	1
732482	110593	1
51855	2136262	1
652720	1833076	1
281518	2450028	1
237741	896338	1
535117	1558921	1
535117	224223	1
1558920	224223	1
240755	154396	1
1877095	91509	1
227875	725143	1
95537	2602394	1
95537	567511	1
95537	304973	1
95537	671328	1
95537	1143370	1
95537	229566	1
95537	765352	1
95537	1642905	1
51857	48275	1
844737	4395491	1
7209	32181	1
32181	1318761	1
32181	3875910	1
32181	32207	2
32181	109661	1
32181	210387	1
32181	32200	1
32181	1797546	1
32181	1770847	1
32181	191285	1
32181	98149	1
6708	803722	1
6708	803728	1
344428	518192	1
1028532	1052835	1
93174	504727	1
230788	368085	1
1303711	130243	1
1303711	1777178	1
15150	253098	1
45765	45766	1
334601	812596	1
92623	286086	1
1357291	957219	1
1357291	957222	1
468154	554446	1
468154	4654	1
468154	104958	1
468154	468153	1
554446	4654	1
554446	86618	1
554446	103064	1
291337	4654	1
291337	144998	1
291337	426655	1
291337	86618	1
291337	103064	1
291337	468153	1
291337	104958	1
291337	170358	1
393500	170358	1
393500	468153	1
393500	4654	1
393500	144998	1
578727	95540	1
578727	703539	1
578727	1236441	1
426655	103064	1
468153	86618	1
468153	240248	1
468153	144998	1
468153	4654	1
468153	297533	1
1777178	130243	1
86618	170358	1
86618	284253	1
86618	144998	1
86618	4654	1
86618	103064	1
725144	573116	1
304095	784738	1
6767415	6767416	1
6767415	4238966	1
323414	696503	1
323414	1504892	1
309900	560717	1
309900	61499	1
309900	51672	1
361418	1736801	1
361418	981629	1
361418	51672	1
957219	750087	1
368085	130243	1
538197	130243	1
621481	621482	1
51672	61499	1
51672	981629	1
61499	1736801	1
61499	981629	1
104958	4654	1
784737	202092	1
5668	227036	1
5668	17589	1
5668	94874	1
18985	17589	1
18985	227036	1
4654	297533	1
4654	284253	1
240248	170358	1
240248	103064	1
296823	1300364	1
7262187	10081	1
7262187	7262188	1
10081	7262188	1
10081	2783572	1
10081	6165918	1
10081	5455066	1
703539	1236441	1
95540	623293	1
7514704	7514706	1
7514705	347438	1
206281	1050151	1
342906	56675	1
7012159	3406514	1
3406514	347438	1
48275	51849	1
184432	187065	1
2602393	231413	1
2602393	2602394	1
297994	2817436	1
32200	32207	2
32200	3875910	1
32200	191285	1
32200	1770847	1
32200	109661	1
32200	1797546	1
32200	98149	1
32200	210387	1
1318761	32207	1
1462476	256132	1
2735388	347438	1
2735388	5748629	1
297533	144998	1
567511	231413	1
5748629	4411904	1
780238	187066	1
170358	103064	1
4238966	6767416	1
144998	103064	1
31759	2227171	1
231413	2602395	1
202092	624405	1
32207	98149	1
32207	191285	1
32207	210387	1
32207	1770847	1
32207	1797546	1
32207	109661	1
8575	957238	1
8575	5017	1
8575	8578	1
8575	8576	1
1377229	91815	1
510516	4473972	1
309857	130243	1
418871	550701	1
2602395	304973	1
304973	229566	1
304973	1143370	1
304973	765352	1
304973	1642905	1
304973	671328	1
240219	411280	1
628737	1200940	1
65645	837348	1
65645	268962	1
35328	2219395	2
573116	778532	1
406150	750087	1
56675	810077	1
17589	227036	1
653282	1718804	1
653282	1836945	1
166534	812596	1
1200940	2457407	1
104514	774486	1
159616	413766	1
1963662	1027800	1
679507	3164466	1
679507	69866	1
253245	22946	1
253245	423436	1
253245	472611	1
312208	22946	1
61114	384770	1
1005861	600970	1
1005861	600973	1
342540	342542	1
209415	544860	1
51852	1495693	1
307036	812643	1
14632	184711	1
544852	1966350	1
314292	322007	1
2923672	2923703	1
2923672	5732591	1
97532	177817	1
990454	2120484	1
195992	28332	1
728547	4902526	1
728547	328464	1
728547	4902528	1
728547	1080896	1
728547	4902525	1
728547	2266632	1
728547	2671063	1
728547	755887	1
728547	4902527	1
728547	4902524	1
728547	4902523	1
728547	845783	1
4902526	2671063	1
4902526	845783	1
4902526	1080896	1
4902526	4902525	1
4902526	4902527	1
4902526	4902524	1
4902526	4902528	1
4902526	2266632	1
4902526	755887	1
4902526	4902523	1
4902526	328464	1
820851	5973100	1
282137	550341	1
1080896	2266632	1
1080896	4902527	1
1080896	4902523	1
1080896	845783	1
1080896	328464	1
1080896	4902528	1
1080896	2671063	1
1080896	4902524	1
1080896	4902525	1
1080896	755887	1
2266632	4902525	1
2266632	755887	1
2266632	845783	1
2266632	4902528	1
2266632	4902524	1
2266632	4902523	1
2266632	4902527	1
2266632	328464	1
2266632	2671063	1
1613932	4511474	1
1613932	4511473	1
1613932	4511468	1
1613932	4511475	1
1613932	4511470	1
1613932	4511477	1
1613932	4511476	1
1613932	4146687	1
4511474	4511477	1
4511474	4146687	1
4511474	4511470	1
4511474	4511473	1
4511474	4511475	1
4511474	4511468	1
4511474	4511476	1
147754	560038	1
147754	220359	1
147754	2146895	1
147754	79409	1
147754	1084383	1
147754	2081227	1
147754	1673479	1
147754	4996905	1
147754	271005	1
147754	369975	1
147754	699448	1
147754	311028	1
147754	1157758	1
147754	947279	1
560038	2081227	1
560038	311028	1
560038	79409	1
560038	2146895	1
560038	369975	1
560038	220359	1
560038	4996905	1
560038	947279	1
560038	1084383	1
560038	1157758	1
560038	271005	1
560038	1673479	1
560038	699448	1
4902523	4902525	1
4902523	845783	1
4902523	4902528	1
4902523	4902524	1
4902523	755887	1
4902523	328464	1
4902523	4902527	1
4902523	2671063	1
4902525	2671063	1
4902525	4902524	1
4902525	328464	1
4902525	4902527	1
4902525	4902528	1
4902525	845783	1
4902525	755887	1
542503	5885076	1
542503	1059683	1
542503	317295	1
542503	1901128	1
542503	367935	1
542503	148406	1
542503	2035499	1
542503	347276	1
542503	744558	1
542503	506824	1
5885076	317295	1
5885076	2035499	1
5885076	1059683	1
5885076	744558	1
5885076	347276	1
5885076	367935	1
5885076	1901128	1
5885076	148406	1
5885076	506824	1
699448	2081227	1
699448	369975	1
699448	220359	1
699448	311028	1
699448	271005	1
699448	2146895	1
699448	1084383	1
699448	947279	1
699448	1673479	1
699448	1157758	1
699448	79409	1
699448	4996905	1
2081227	271005	1
2081227	220359	1
2081227	4996905	1
2081227	1084383	1
2081227	311028	1
2081227	1673479	1
2081227	79409	1
2081227	1157758	1
2081227	2146895	1
2081227	369975	1
2081227	947279	1
369975	1084383	1
369975	79409	1
369975	311028	1
369975	1157758	1
369975	947279	1
369975	2146895	1
369975	4996905	1
369975	220359	1
369975	1673479	1
369975	271005	1
1084383	1157758	1
1084383	2146895	1
1084383	220359	1
1084383	79409	1
1084383	947279	1
1084383	271005	1
1084383	1673479	1
1084383	4996905	1
1084383	311028	1
1482320	2872416	1
1482320	1232622	1
1482320	1842049	1
1482320	1842048	1
1482320	738010	1
1482320	1095398	1
1482320	2792189	1
2872416	738010	1
2872416	1232622	1
2872416	2792189	1
2872416	1842049	1
2872416	1095398	1
2872416	1842048	1
666098	3134430	1
666098	2237753	1
3134430	2237753	1
1157758	2146895	1
1157758	271005	1
1157758	311028	1
1157758	947279	1
1157758	4996905	1
1157758	79409	1
1157758	1673479	1
1157758	220359	1
147902	44309	1
147902	272120	1
147902	832426	1
147902	2429519	1
3215104	4136855	1
3215104	240780	1
3215104	4136857	1
3215104	754648	1
3215104	1063374	1
4136855	754648	1
4136855	1063374	1
4136855	4136857	1
4136855	240780	1
4511468	4511475	1
4511468	4511477	1
4511468	4511470	1
4511468	4146687	1
4511468	4511473	1
4511468	4511476	1
4511475	4511470	1
4511475	4511477	1
4511475	4511473	1
4511475	4511476	1
4511475	4146687	1
2146895	271005	1
2146895	311028	1
2146895	220359	1
2146895	79409	1
2146895	947279	1
2146895	1673479	1
2146895	4996905	1
367935	2035499	1
367935	506824	1
367935	1059683	1
367935	1901128	1
367935	744558	1
367935	317295	1
367935	148406	1
367935	347276	1
2035499	148406	1
2035499	506824	1
2035499	317295	1
2035499	1059683	1
2035499	744558	1
2035499	1901128	1
2035499	347276	1
191285	210387	1
191285	1797546	1
191285	1770847	1
191285	1383481	1
191285	98149	1
191285	109661	1
210387	109661	1
210387	98149	1
210387	1797546	1
210387	1770847	1
130577	2042695	1
130577	2042696	1
130577	1862030	1
130577	546336	1
2042695	1862030	1
2042695	546336	1
2042695	2042696	1
44312	833092	1
44312	1919102	1
44312	710043	1
44312	1827976	1
44312	156382	1
44312	2089534	1
44312	486770	1
44312	710042	1
833092	2089534	1
833092	1919102	1
833092	710043	1
833092	156382	1
833092	1827976	1
833092	486770	1
833092	710042	1
1919102	2089534	1
1919102	486770	1
1919102	156382	1
1919102	1827976	1
1232622	1095398	1
1232622	1842048	1
1232622	738010	1
1232622	1842049	1
1232622	2792189	1
98149	109661	1
98149	1770847	1
98149	1797546	1
271005	1673479	1
271005	4996905	1
271005	947279	1
271005	311028	1
271005	220359	1
271005	79409	1
1862030	2042696	1
1862030	546336	1
754761	691277	1
754761	754759	1
229566	1642905	1
229566	765352	1
229566	671328	1
229566	1143370	1
1642905	671328	1
1642905	1143370	1
1642905	765352	1
240780	1063374	1
240780	754648	1
240780	4136857	1
255302	2343618	1
255302	84684	1
255302	3233618	1
255302	3233397	1
255302	3120816	1
255302	605745	1
2343618	605745	1
2343618	3233618	1
2343618	3120816	1
2343618	3233397	1
2343618	84684	1
1842048	1842049	1
1842048	738010	1
1842048	2792189	1
1842048	1095398	1
1842049	2792189	1
1842049	1095398	1
1842049	738010	1
1718804	1836945	1
148406	317295	1
148406	1901128	1
148406	506824	1
148406	1059683	1
148406	744558	1
148406	347276	1
220359	1673479	1
220359	311028	1
220359	4996905	1
220359	947279	1
220359	79409	1
755887	4902527	1
755887	4902528	1
755887	2671063	1
755887	328464	1
755887	845783	1
755887	4902524	1
4902527	328464	1
4902527	4902524	1
4902527	2671063	1
4902527	4902528	1
4902527	845783	1
1063374	754648	1
1063374	4136857	1
320368	1255278	1
320368	662136	1
320368	430625	1
320368	310367	1
1255278	310367	1
1255278	430625	1
1255278	662136	1
79409	1673479	1
79409	947279	1
79409	4996905	1
79409	311028	1
84684	3233618	1
84684	3233397	1
84684	3120816	1
84684	605745	1
1059470	2693559	1
1132706	1043775	1
710042	710043	1
710042	1827976	1
710043	1827976	1
808973	261932	1
736829	2216123	1
736829	2216124	1
736829	1789473	1
736829	1853267	1
736829	2216122	1
2216123	2216122	1
2216123	1853267	1
2216123	2216124	1
2216123	1789473	1
2671063	4902524	1
2671063	4902528	1
2671063	845783	1
2671063	328464	1
4902524	845783	1
4902524	328464	1
4902524	4902528	1
738010	2792189	1
738010	1095398	1
311028	4996905	1
311028	1673479	1
311028	947279	1
671328	1143370	1
671328	765352	1
2042696	546336	1
2089534	156382	1
2089534	1827976	1
2089534	486770	1
3120816	3233618	1
3120816	3233397	1
3120816	605745	1
3233618	605745	1
3233618	3233397	1
109661	1797546	1
109661	1770847	1
4511473	4511470	1
4511473	4511476	1
4511473	4146687	1
4511473	4511477	1
1770847	1797546	1
600970	600973	1
96123	928490	1
96123	39885	1
928490	39885	1
652186	1159514	1
652186	784740	1
1159514	784740	1
44309	832426	1
44309	272120	1
44309	2429519	1
832426	2429519	1
832426	272120	1
328464	4902528	1
328464	845783	1
4902528	845783	1
272120	2429519	1
3233925	4059439	1
3233925	4059438	1
3233925	4059437	1
4059439	4059438	1
4059439	4059437	1
69866	947279	1
156382	250334	1
156382	486770	1
156382	1827976	1
181945	2855121	1
181945	4390752	1
181945	1324771	1
2855121	4390752	1
2855121	1324771	1
4511476	4511477	1
4511476	4146687	1
4511476	4511470	1
4511477	4511470	1
4511477	4146687	1
1673479	947279	1
1673479	4996905	1
310367	430625	1
310367	662136	1
430625	662136	1
250334	486770	1
605745	3233397	1
843049	843058	1
691277	754759	1
637162	656398	1
325949	3501041	1
506824	744558	1
506824	1901128	1
506824	347276	1
506824	1059683	1
506824	317295	1
317295	744558	1
317295	347276	1
317295	1901128	1
317295	1059683	1
1853267	2216122	1
1853267	2216124	1
1853267	1789473	1
105466	1434117	1
4996905	947279	1
1396539	5329187	1
2792189	1095398	1
486770	1827976	1
5017	8576	1
5017	8578	1
8576	8578	1
400015	141103	1
409464	1946891	1
1143370	765352	1
570543	149420	1
109509	1819066	1
1059683	347276	1
1059683	744558	1
1059683	1901128	1
138771	1532133	1
138771	1532136	1
1532133	1532136	1
754648	776853	1
754648	4136857	1
39768	269324	1
39768	1330031	1
39768	4959405	1
39768	304936	1
39768	322819	1
269324	322819	1
269324	1330031	1
269324	304936	1
269324	4959405	1
1901128	744558	1
1901128	347276	1
744558	347276	1
2101713	1577736	1
531283	1138315	1
531283	314527	1
531283	1809486	1
1138315	314527	1
1138315	1809486	1
3825204	2465042	1
2221941	6541426	1
2221941	785699	1
2221941	2221942	1
6541426	2221942	1
6541426	785699	1
2216122	2216124	1
2216122	1789473	1
2216124	1789473	1
4059438	4059437	1
18666	20991	1
387994	234422	1
234874	2124823	1
304936	322819	1
304936	4959405	1
304936	1330031	1
322819	4959405	1
322819	1330031	1
736695	924392	1
785699	2221942	1
332978	1434319	1
332978	1434318	1
1434319	1434318	1
2000284	2000285	1
480296	5745410	1
368137	604396	1
368137	604393	1
368137	465982	1
604396	604393	1
604396	465982	1
146391	1357295	1
146391	6731408	1
146391	6731412	1
1357295	6731408	1
1357295	6731412	1
423436	472611	1
1330031	4959405	1
604393	465982	1
234869	403580	1
1324771	4390752	1
1064896	1237993	1
344875	345832	1
6731408	6731412	1
32191	231641	1
87814	252391	1
451878	1752690	1
451878	2590320	1
141308	185741	1
282874	353170	1
314527	1809486	1
2923703	5732591	1
749315	749316	1
749315	749318	1
749316	749318	1
227473	2234306	1
789652	1177825	1
360954	960547	1
452030	4006403	1
3452	14898	1
222379	1969087	1
17035	118836	1
389780	870967	1
128516	339220	1
597754	597755	1
1670836	1987702	1
676363	6716002	1
1000114	6258912	1
440614	602231	1
708519	1369938	1
648061	648064	1
2555648	2555649	1
234873	272119	1
3018271	4034471	1
