48284	83904	1
48284	90541	1
48284	166320	1
48284	411946	1
256156	83904	1
256156	411946	1
256156	166320	1
256156	413568	1
256156	90541	1
179366	228415	1
179366	32201	1
228407	32201	1
228407	228408	1
228407	51671	1
262357	1036828	1
262357	833768	1
262357	1353114	1
262357	317620	1
262357	899070	1
262357	424133	1
899061	273520	1
899061	1353204	1
644142	56052	1
644142	246536	1
644142	279922	1
644142	910913	1
1054895	56052	1
1054895	202191	1
1054895	281474	1
1054895	1786015	1
32208	205525	1
32208	26955	1
32208	784747	1
32208	32210	1
32208	957131	1
32208	97544	1
32208	9297	1
4637417	32197	1
4637417	97544	1
4637417	26955	1
4637417	205525	1
1036828	1353166	1
1036828	211158	1
1036828	1354230	1
228415	32201	1
228415	51671	1
211158	833768	1
211158	1354230	1
211158	419422	1
211158	899066	1
211158	317620	1
211158	1353114	1
899063	899066	1
899070	1353166	1
899070	317620	1
899070	273520	1
899070	1491379	1
272121	177078	1
272121	281986	1
272121	933279	1
272121	108870	1
272121	279922	1
272121	16375	1
272121	359632	1
272121	202191	1
548225	56052	1
548225	2213246	1
548225	202191	1
548225	16375	1
548225	259769	1
548225	322529	1
548225	780796	1
120312	254976	1
423099	256558	1
32201	51671	1
32201	228408	1
32201	212863	1
32201	395816	1
32201	395814	1
32201	384856	1
56052	246536	1
56052	281474	1
56052	312278	1
56052	321044	1
56052	736768	1
56052	603179	1
56052	2213246	1
56052	1786015	1
56052	259769	1
246536	281986	1
246536	177078	1
246536	1786015	1
246536	96037	1
246536	603179	1
44306	44314	2
279922	177078	1
279922	281986	1
279922	202191	2
279922	96037	1
279922	933279	1
279922	910913	1
279922	736768	1
279922	259769	2
279922	704625	1
279922	603179	1
279922	780796	1
279922	16375	1
279922	824459	1
359632	281474	1
359632	820900	1
359632	933279	1
359632	910913	1
359632	177078	1
359632	736768	1
359632	322529	1
359632	824459	1
359632	16375	1
177078	321044	1
177078	312278	1
177078	820900	1
259769	1786015	1
259769	281986	1
259769	704625	1
259769	351419	1
910913	96037	1
933279	281986	1
933279	281474	1
933279	603179	1
820900	281986	1
820900	736768	2
820900	108870	1
820900	603179	1
820900	515885	1
820900	202191	1
820900	16375	1
60492	308465	1
1353204	1353114	1
1353204	1354230	1
281986	202191	1
1016358	621485	1
1016358	166793	1
1016358	328853	1
419422	115798	1
419422	177584	1
419422	207945	1
419422	32190	1
833768	1353114	1
1354230	1353108	1
656335	278654	1
1252006	278656	1
1252006	278654	1
32195	234890	1
32195	1673569	1
32195	227874	1
16406	6181511	1
16406	6181509	1
16406	6181506	1
16406	111201	1
16406	266349	1
6181511	266349	1
6181511	111201	1
384185	293477	1
384185	108565	1
411946	83904	1
411946	55080	1
411946	413568	1
32199	318052	1
32199	32190	1
32199	457732	1
32199	603338	1
32199	119084	1
32199	880083	1
32199	190370	1
318052	219565	1
318052	208633	1
321044	281474	1
603179	96037	1
603179	202191	1
603179	16375	1
347268	1256099	1
347268	95539	2
368787	202191	1
368787	824459	1
368787	351419	1
368787	515885	1
368787	659883	1
26955	97544	1
26955	646136	1
26955	646137	1
26955	646135	1
26955	328853	1
26955	1099152	1
26955	190370	1
26955	304968	1
205525	32197	1
1234493	1353108	1
1353108	449204	1
1786015	515885	1
83904	90541	1
83904	55080	1
83904	262940	1
83904	34524	1
83904	259352	1
83904	340642	1
83904	273427	1
83904	602552	1
83904	266348	1
83904	266407	1
83904	256053	1
83904	201571	1
83904	259770	1
83904	570542	1
83904	11012	1
266349	289231	1
266349	111201	1
312278	2213246	1
177340	899517	1
177340	76028	1
177340	207945	1
899517	76028	1
600884	32190	1
600884	457732	1
600884	119084	1
603338	219565	1
603338	32190	1
1353114	317620	1
96037	281474	1
32197	784747	1
308465	369747	1
1496904	621480	1
1496904	166793	1
1817820	166793	1
32202	621485	1
32202	621483	1
32202	1984367	1
32202	328853	1
32202	115467	1
32202	1984378	1
32202	863751	1
32202	621480	1
32202	166793	1
621485	621480	1
32190	208633	1
32190	456210	1
32190	41715	1
32190	219565	1
32190	880083	1
32190	776244	1
32190	456211	1
32190	190370	1
32190	457732	1
32190	76028	1
32190	1046219	1
32190	495002	1
32190	177584	1
32190	258074	1
32190	207390	1
32190	1762555	1
208633	119084	1
208633	880083	1
76028	207945	1
76028	219565	1
76028	108566	1
76028	732482	1
76028	227875	1
76028	108568	1
76028	110593	1
119084	457732	1
281474	202191	1
281474	824459	1
281474	322529	1
166793	1984696	1
166793	621480	1
251877	1045202	1
4742346	370499	1
317620	449204	1
26952	370499	1
26952	1045202	1
26952	292354	1
90541	413568	1
90541	1889434	1
413568	55080	1
51850	110862	1
1984367	621480	1
328853	646136	1
328853	646137	1
958911	289231	1
958911	6181506	1
51671	228408	1
184712	211154	1
184712	184441	1
184712	184439	1
184712	184440	1
211154	184439	1
207945	1046219	1
190370	457732	1
190370	881771	1
190370	996740	1
190370	511349	1
190370	304968	1
190370	1099152	1
202191	824459	1
97544	957131	1
97544	32210	1
97544	9297	1
153980	410038	1
153980	170355	1
410038	170355	1
166320	55080	1
457732	32196	1
184440	184439	1
55080	30122	1
55080	153674	1
55080	721567	1
55080	273141	1
55080	249829	1
55080	73062	1
55080	330618	1
55080	1288076	1
55080	119009	1
55080	48433	1
55080	255047	1
55080	8672	1
55080	289040	1
55080	160904	1
55080	271392	1
55080	1288075	1
55080	301687	1
55080	387647	1
55080	259913	1
55080	47333	1
55080	138572	1
55080	798518	1
55080	136135	1
184441	184439	1
32203	182699	1
41715	1576367	1
115467	578743	1
115467	439843	1
115467	262358	1
115467	585579	1
119484	1673569	1
72234	1314719	1
18553	989082	1
428424	1617040	1
140042	521661	1
220622	240755	1
220622	240758	1
1432230	1439550	1
1432230	1439551	1
1432230	2736707	1
1432230	1973909	1
131971	474468	1
462489	939357	1
462489	939358	1
42754	256190	2
154028	32204	1
154029	32204	1
144051	144053	1
456211	495002	1
32192	1055117	1
12550	109662	1
1631446	3318464	1
188810	215379	1
215379	221971	1
417399	417404	1
417399	417396	1
417399	96400	1
417399	10082	1
417399	260604	1
417399	149789	1
417404	417396	1
417404	97881	1
417404	10082	1
417404	2666	1
1237244	144321	1
1237245	342176	1
1237245	809065	1
442725	712777	1
442725	23165	1
442725	539260	1
95544	254070	1
95544	255804	1
95544	182929	1
95544	254072	1
254070	8672	1
254070	442174	1
254070	254072	1
254070	182929	1
149789	294411	1
149789	10082	1
149789	417397	1
149789	220594	1
149789	4007643	1
149789	10343	1
149789	2210953	1
149789	245741	1
149789	96400	1
417395	417402	1
417395	10343	1
417395	294410	1
417395	96400	1
417395	10082	1
417395	220594	1
115798	219705	1
115798	1046219	1
115798	258074	1
1055975	1924215	1
1055975	658976	1
1055975	1237250	1
1055975	144321	1
417397	10082	1
417397	96400	1
417397	220594	1
759183	96400	1
759183	2666	1
759183	10082	1
759183	10343	1
759183	97881	1
322529	824459	1
322529	16375	1
3243169	108687	1
3243169	539260	1
3243169	23165	1
3243169	364793	1
417393	2666	1
417393	630841	1
417393	10082	1
417393	220594	1
417402	220594	1
417402	96400	1
417402	10082	1
417402	2666	1
95546	12593	1
95546	1013029	1
95546	375279	1
293477	108565	1
214122	535117	1
214122	224223	1
214122	1558921	1
214122	1558920	1
12593	108565	1
12593	611219	1
12593	1013029	1
12593	999914	1
219705	177584	1
219705	1046219	1
8672	254072	1
8672	442174	1
8672	798518	1
8672	138572	1
8672	273141	1
8672	47333	1
8672	249829	1
8672	271392	1
8672	153674	1
8672	255047	1
8672	48433	1
8672	721567	1
8672	387647	1
8672	259913	1
8672	30122	1
8672	160904	1
8672	73062	1
8672	289040	1
8672	301687	1
8672	1288075	1
8672	136135	1
8672	1288076	1
8672	119009	1
8672	330618	1
294411	10343	1
294411	2666	1
3324005	84975	1
3326895	84975	1
342176	658984	1
342176	809065	1
342176	144321	1
342176	610798	1
342176	32186	1
3775709	1237250	1
3775709	144321	1
142866	433356	1
280177	2666	1
280177	10082	1
280177	417396	1
252447	144954	1
269287	144954	2
269287	108870	1
269287	548816	1
269287	358629	1
269287	261930	1
269287	457608	1
269287	292323	1
269287	51857	1
1275923	32196	1
245741	2666	1
245741	294410	1
245741	96400	1
245741	10343	1
245741	10082	1
245741	220594	1
417396	96400	1
1146034	1146035	1
1146034	32196	1
1146035	32196	1
258074	177584	1
258074	207390	1
1046219	177584	1
1046219	177344	1
658984	144321	1
646136	646137	1
609626	495001	1
609626	1237241	1
609626	610798	1
609626	144321	1
108565	1013029	1
108565	375279	1
4229609	2712438	1
10343	1121981	1
10343	630841	1
10343	97881	1
10343	10082	1
10343	96400	1
10343	2666	1
10343	4007643	1
1121981	97881	1
1121981	96400	1
1121981	220594	1
1121981	10082	1
97881	294410	1
97881	260604	1
97881	2666	1
97881	220594	1
97881	2210953	1
294410	220594	1
294410	2666	1
294410	10082	1
294410	96400	1
260604	10082	1
260604	2666	1
292323	261930	1
292323	144954	1
292323	358629	1
292323	457608	1
292323	51857	1
292323	548816	1
32187	379513	1
32196	624568	1
32196	828933	1
32196	531461	1
630841	10082	1
630841	96400	1
356873	101784	1
96400	10082	1
96400	4007643	1
96400	2666	1
2666	2210953	1
177584	743835	1
1237250	495001	1
1237250	144321	1
220594	10082	1
15900	261867	1
15900	268951	1
44311	952330	1
44311	2101482	1
44311	1165752	1
44311	474064	1
44311	3384241	1
1237241	809065	1
10082	4007643	1
495002	743835	1
8435	485404	1
8435	1947304	1
712777	148475	1
712777	108687	1
712777	539260	1
712777	2178879	1
113036	2835665	1
113036	2835664	1
113036	2835666	1
113036	767390	1
6079694	2835666	1
101784	434215	1
144954	261930	1
144954	51857	1
144954	358629	1
144954	457608	1
144954	548816	1
144321	708238	1
624568	753821	1
624568	531461	1
743835	177344	1
375279	999914	1
375279	1013029	1
214124	2895363	1
1063528	76038	1
1063528	413739	1
539260	2178879	1
2178879	148475	1
1326222	1326223	1
1439550	1973909	1
1439550	1439551	1
1439550	2736707	1
474064	1356336	1
148475	108687	1
1686820	543307	1
76038	413739	1
22587	197243	1
9765	2020215	1
92184	1971210	1
304968	1099152	1
7580577	7580578	1
4443403	4443404	1
204371	803615	1
1439551	2736707	1
1439551	1973909	1
1142135	1848559	1
1142135	1848557	1
1848557	1848559	1
550499	3231804	1
550499	3882293	1
32210	957131	1
32210	9297	1
47333	255047	1
47333	273141	1
47333	301687	1
47333	249829	1
47333	136135	1
47333	30122	1
47333	73062	1
47333	330618	1
47333	119009	1
47333	48433	1
47333	271392	1
47333	289040	1
47333	387647	1
47333	138572	1
47333	259913	1
47333	160904	1
47333	1288075	1
47333	798518	1
47333	1288076	1
47333	153674	1
47333	721567	1
255047	249829	1
255047	271392	1
255047	798518	1
255047	1288076	1
255047	330618	1
255047	160904	1
255047	721567	1
255047	48433	1
255047	273141	1
255047	289040	1
255047	138572	1
255047	119009	1
255047	73062	1
255047	387647	1
255047	301687	1
255047	1288075	1
255047	153674	1
255047	259913	1
255047	136135	1
255047	30122	1
288239	1832819	1
288239	1833078	1
288239	652720	1
288239	1833072	1
288239	1833076	1
288239	685014	1
288239	1833073	1
288239	1833074	1
288239	1833075	1
288239	716921	1
1832819	716921	1
1832819	685014	1
1832819	1833073	1
1832819	1833074	1
1832819	1833072	1
1832819	1833076	1
1832819	1833078	1
1832819	652720	1
1832819	1833075	1
262940	201571	1
262940	259352	1
262940	340642	1
262940	266407	1
262940	602552	1
262940	256053	1
262940	259770	1
262940	273427	1
262940	11012	1
262940	34524	1
262940	266348	1
262940	570542	1
256053	570542	1
256053	11012	1
256053	273427	1
256053	266407	1
256053	266348	1
256053	34524	1
256053	259352	1
256053	201571	1
256053	340642	1
256053	602552	1
256053	259770	1
570542	266407	1
570542	259352	1
570542	34524	1
570542	340642	1
570542	201571	1
570542	602552	1
570542	266348	1
570542	259770	1
570542	11012	1
570542	273427	1
2669376	4824388	1
2669376	2450029	1
2669376	3061959	1
2669376	4841415	1
2669376	1094340	1
2669376	421447	1
2669376	4824464	1
2669376	2450026	1
2669376	341739	1
2669376	1315380	1
2669376	2450025	1
2669376	2450028	1
2669376	2669381	1
2669376	281518	1
4824388	341739	1
4824388	2450025	1
4824388	1094340	1
4824388	2669381	1
4824388	421447	1
4824388	2450026	1
4824388	281518	1
4824388	4824464	1
4824388	2450029	1
4824388	1315380	1
4824388	2450028	1
4824388	3061959	1
4824388	4841415	1
1589140	1986083	1
1589140	1813499	1
1589140	115605	1
1986083	1813499	1
1986083	115605	1
212863	395816	1
212863	395814	1
212863	395817	1
212863	384856	1
30122	1288076	1
30122	721567	1
30122	160904	1
30122	259913	1
30122	273141	1
30122	119009	1
30122	136135	1
30122	301687	1
30122	249829	1
30122	1288075	1
30122	48433	1
30122	73062	1
30122	387647	1
30122	330618	1
30122	153674	1
30122	271392	1
30122	798518	1
30122	289040	1
30122	138572	1
1288076	330618	1
1288076	289040	1
1288076	73062	1
1288076	721567	1
1288076	301687	1
1288076	138572	1
1288076	387647	1
1288076	798518	1
1288076	259913	1
1288076	1288075	1
1288076	273141	1
1288076	153674	1
1288076	249829	1
1288076	136135	1
1288076	160904	1
1288076	119009	1
1288076	271392	1
1288076	48433	1
593733	2020346	1
593733	2284577	1
593733	593729	1
593733	2284579	1
593733	593731	1
2020346	593729	1
2020346	2284577	1
2020346	593731	1
2020346	2284579	1
266407	273427	1
266407	259352	1
266407	11012	1
266407	201571	1
266407	259770	1
266407	602552	1
266407	34524	1
266407	340642	1
266407	266348	1
273427	340642	1
273427	11012	1
273427	259770	1
273427	266348	1
273427	201571	1
273427	34524	1
273427	602552	1
273427	259352	1
48433	119009	1
48433	153674	1
48433	301687	1
48433	330618	1
48433	798518	1
48433	387647	1
48433	160904	1
48433	136135	1
48433	249829	1
48433	138572	1
48433	73062	1
48433	1288075	1
48433	271392	1
48433	289040	1
48433	259913	1
48433	721567	1
48433	273141	1
119009	259913	1
119009	160904	1
119009	153674	1
119009	798518	1
119009	301687	1
119009	249829	1
119009	138572	1
119009	289040	1
119009	136135	1
119009	273141	1
119009	1288075	1
119009	330618	1
119009	387647	1
119009	271392	1
119009	721567	1
119009	73062	1
249829	301687	1
249829	153674	1
249829	721567	1
249829	387647	1
249829	273141	1
249829	136135	1
249829	138572	1
249829	289040	1
249829	160904	1
249829	330618	1
249829	798518	1
249829	1288075	1
249829	271392	1
249829	259913	1
249829	73062	1
330618	136135	1
330618	721567	1
330618	160904	1
330618	153674	1
330618	798518	1
330618	1288075	1
330618	259913	1
330618	387647	1
330618	289040	1
330618	73062	1
330618	301687	1
330618	271392	1
330618	273141	1
330618	138572	1
201571	602552	1
201571	34524	1
201571	259352	1
201571	11012	1
201571	340642	1
201571	259770	1
201571	266348	1
395816	395814	1
395816	384856	1
395816	395817	1
34524	266348	1
34524	11012	1
34524	340642	1
34524	602552	1
34524	259352	1
34524	259770	1
266348	340642	1
266348	11012	1
266348	602552	1
266348	259352	1
266348	259770	1
73062	387647	1
73062	1288075	1
73062	136135	1
73062	301687	1
73062	259913	1
73062	721567	1
73062	798518	1
73062	160904	1
73062	138572	1
73062	289040	1
73062	271392	1
73062	273141	1
73062	153674	1
387647	153674	1
387647	273141	1
387647	271392	1
387647	259913	1
387647	138572	1
387647	136135	1
387647	289040	1
387647	1288075	1
387647	798518	1
387647	160904	1
387647	721567	1
387647	301687	1
271392	798518	1
271392	273141	1
271392	289040	1
271392	721567	1
271392	1288075	1
271392	259913	1
271392	301687	1
271392	138572	1
271392	136135	1
271392	160904	1
271392	153674	1
60559	1044517	1
60559	1623053	1
1044517	1623053	1
153674	160904	1
153674	289040	1
153674	259913	1
153674	273141	1
153674	136135	1
153674	138572	1
153674	301687	1
153674	1288075	1
153674	798518	1
153674	721567	1
160904	1288075	1
160904	136135	1
160904	798518	1
160904	259913	1
160904	289040	1
160904	273141	1
160904	721567	1
160904	301687	1
160904	138572	1
485780	485781	1
485780	45676	1
485780	567653	1
485781	45676	1
485781	567653	1
798518	273141	1
798518	289040	1
798518	259913	1
798518	301687	1
798518	138572	1
798518	1288075	1
798518	136135	1
798518	721567	1
721567	1288075	1
721567	136135	1
721567	273141	1
721567	289040	1
721567	138572	1
721567	259913	1
721567	301687	1
1288075	289040	1
1288075	259913	1
1288075	301687	1
1288075	136135	1
1288075	273141	1
1288075	138572	1
491088	1581803	1
491088	410748	1
1581803	410748	1
3061959	4824464	1
3061959	1315380	1
3061959	421447	1
3061959	2669381	1
3061959	2450029	1
3061959	4841415	1
3061959	2450026	1
3061959	2450028	1
3061959	1094340	1
3061959	2450025	1
3061959	341739	1
3061959	281518	1
4824464	421447	1
4824464	4841415	1
4824464	2450028	1
4824464	1315380	1
4824464	2669381	1
4824464	341739	1
4824464	1094340	1
4824464	2450029	1
4824464	281518	1
4824464	2450025	1
4824464	2450026	1
602552	340642	1
602552	259770	1
602552	259352	1
602552	11012	1
439843	585579	1
439843	262358	1
439843	327587	1
439843	91509	1
439843	991532	1
439843	1877095	1
585579	262358	1
301687	289040	1
301687	273141	1
301687	138572	1
301687	136135	1
301687	259913	1
259352	340642	1
259352	259770	1
259352	11012	1
1833074	1833075	1
1833074	1833072	1
1833074	716921	1
1833074	1833078	1
1833074	1833076	1
1833074	652720	1
1833074	685014	1
1833074	1833073	1
1833075	1833078	1
1833075	1833076	1
1833075	652720	1
1833075	1833073	1
1833075	1833072	1
1833075	716921	1
1833075	685014	1
261930	358629	1
261930	51857	1
261930	457608	1
261930	548816	1
350933	1060954	1
350933	345477	1
350933	1402419	1
350933	1232709	1
350933	353791	1
350933	1212526	1
350933	1053309	1
350933	977708	1
350933	1232708	1
350933	1309244	1
350933	433723	1
1060954	977708	1
1060954	1402419	1
1060954	1212526	1
1060954	1309244	1
1060954	345477	1
1060954	1232709	1
1060954	433723	1
1060954	1232708	1
1060954	1053309	1
1060954	353791	1
345477	353791	1
345477	1232709	1
345477	1212526	1
345477	977708	1
345477	1402419	1
345477	1232708	1
345477	433723	1
345477	1309244	1
345477	1053309	1
353791	433723	1
353791	1232709	1
353791	1232708	1
353791	977708	1
353791	1402419	1
353791	1053309	1
353791	1309244	1
353791	1212526	1
2450026	4841415	1
2450026	2669381	1
2450026	421447	1
2450026	341739	1
2450026	2450028	1
2450026	1315380	1
2450026	2450025	1
2450026	1094340	1
2450026	281518	1
2450026	2450029	1
4841415	1315380	1
4841415	2450029	1
4841415	341739	1
4841415	421447	1
4841415	2450025	1
4841415	2450028	1
4841415	1094340	1
4841415	2669381	1
4841415	281518	1
716921	1833073	1
716921	685014	1
716921	652720	1
716921	1833078	1
716921	1833076	1
716921	1833072	1
1833073	1833076	1
1833073	652720	1
1833073	1833072	1
1833073	685014	1
1833073	1833078	1
421447	1315380	1
421447	1094340	1
421447	281518	1
421447	2669381	1
421447	2450028	1
421447	341739	1
421447	2450025	1
421447	2450029	1
1315380	2450025	1
1315380	2450029	1
1315380	341739	1
1315380	1094340	1
1315380	2450028	1
1315380	2669381	1
1315380	281518	1
4285879	4558263	1
4285879	4772509	1
4558263	4772509	1
289040	138572	1
289040	273141	1
289040	136135	1
289040	259913	1
2450025	341739	1
2450025	281518	1
2450025	2450028	1
2450025	2450029	1
2450025	1094340	1
2450025	2669381	1
2684094	3018984	1
2684094	3404805	1
2684094	3583311	1
2684094	2096278	1
2684094	2955805	1
2684094	2934363	1
3018984	2934363	1
3018984	2955805	1
3018984	2096278	1
3018984	3404805	1
3018984	3583311	1
200821	1550560	1
273141	138572	1
273141	136135	1
273141	259913	1
45676	567653	1
138572	259913	1
138572	136135	1
340642	11012	1
340642	259770	1
433723	1053309	1
433723	1232709	1
433723	977708	1
433723	1212526	1
433723	1309244	1
433723	1402419	1
433723	1232708	1
11012	259770	1
2669381	281518	1
2669381	2450028	1
2669381	2450029	1
2669381	1094340	1
2669381	341739	1
2450029	341739	1
2450029	2450028	1
2450029	1094340	1
2450029	281518	1
108566	227875	1
108566	110593	1
108566	108568	1
108566	732482	1
259913	136135	1
148227	815286	1
148227	469026	1
815286	469026	1
2934363	3404805	1
2934363	3583311	1
2934363	2096278	1
2934363	2955805	1
3404805	3583311	1
3404805	2096278	1
3404805	2955805	1
1813499	115605	1
1341633	4974238	1
1341633	4974239	1
1341633	4974240	1
4974238	4974240	1
4974238	4974239	1
1317836	1317839	1
1317836	1317837	1
1317836	1317838	1
1317839	1317837	1
1317839	1317838	1
341739	281518	1
341739	1094340	1
341739	2450028	1
1833072	1833076	1
1833072	685014	1
1833072	652720	1
1833072	1833078	1
593729	2284579	1
593729	2284577	1
593729	593731	1
2284579	2284577	1
2284579	593731	1
80156	7705826	1
4776145	4776146	1
4776145	803722	1
4776145	803728	1
4776145	4776152	1
4776145	6708	1
4776146	803722	1
4776146	6708	1
4776146	803728	1
4776146	4776152	1
9297	957131	1
1268013	1650986	1
1268013	219849	1
1268013	237741	1
1268013	896338	1
1650986	237741	1
1650986	219849	1
1650986	896338	1
548816	358629	1
548816	457608	1
548816	51857	1
2117752	2518755	1
2117752	2518754	1
2117752	2717028	1
2117752	2468585	1
2117752	2518753	1
2518755	2717028	1
2518755	2468585	1
2518755	2518753	1
2518755	2518754	1
358629	51857	1
358629	457608	1
977708	1053309	1
977708	1232709	1
977708	1402419	1
977708	1232708	1
977708	1212526	1
977708	1309244	1
1833078	685014	1
1833078	652720	1
1833078	1833076	1
685014	652720	1
685014	1833076	1
3583311	2955805	1
3583311	2096278	1
1053309	1232709	1
1053309	1402419	1
1053309	1212526	1
1053309	1232708	1
1053309	1309244	1
1232709	1402419	1
1232709	1232708	1
1232709	1309244	1
1232709	1212526	1
1309244	1402419	1
1309244	1232708	1
1309244	1212526	1
1402419	1212526	1
1402419	1232708	1
2284577	593731	1
1094340	2450028	1
1094340	281518	1
4974240	4974239	1
24225	2098862	1
2098862	439674	1
732482	110593	1
732482	108568	1
732482	227875	1
51855	2136262	1
2955805	2096278	1
652720	1833076	1
281518	2450028	1
2518754	2717028	1
2518754	2468585	1
2518754	2518753	1
2717028	2518753	1
2717028	2468585	1
237741	219849	1
237741	896338	1
455370	544858	1
1317837	1317838	1
2052077	4158406	1
1973909	2736707	1
535117	1558920	1
535117	1558921	1
535117	224223	1
2468585	2518753	1
1558920	224223	1
1558920	1558921	1
240755	240758	1
327587	1877095	1
327587	991532	1
327587	91509	1
1877095	91509	1
1877095	991532	1
395814	395817	1
395814	384856	1
219849	896338	1
227875	108568	1
227875	110593	1
1212526	1232708	1
95537	426508	1
108568	110593	1
1558921	224223	1
91509	991532	1
91509	953640	1
91509	1036941	1
51857	457608	1
3556663	5756529	1
2576545	2576547	1
953640	1036941	1
395817	384856	1
844737	4395491	1
844737	2585864	1
4395491	2585864	1
7209	32181	1
649948	1339300	1
6708	4776152	1
6708	803722	1
6708	803728	1
4776152	803722	1
4776152	803728	1
803722	803728	1
596931	4933568	1
596931	384579	1
172623	1376590	1
344428	518192	1
1028532	1052835	1
751638	2996863	1
751638	366470	1
751638	2538925	1
2996863	2538925	1
2996863	366470	1
2538925	366470	1
1662013	1953374	1
164971	1262754	1
164971	370045	1
1262754	370045	1
1647343	4035089	1
3772336	4474608	1
3772336	2140261	1
3772336	526574	1
4474608	2140261	1
4474608	526574	1
304196	477748	1
93174	300791	1
1358112	2049983	1
2140261	526574	1
528343	1389103	1
230788	1303711	1
15150	253098	1
340372	449656	1
1315854	1315855	1
3517502	5055608	1
3517502	4650406	1
505358	6904871	1
337033	359449	1
41818	152685	1
836971	1918818	1
45765	45766	1
334601	4323852	1
3058884	4831107	1
309897	309898	1
92623	1107130	1
