48284	83904	1
48284	90541	1
48284	166320	1
48284	411946	1
256156	83904	1
256156	411946	1
256156	166320	1
256156	413568	1
256156	90541	1
179366	228415	1
179366	32201	1
228407	32201	1
228407	228408	1
228407	51671	1
262357	1036828	1
262357	833768	1
262357	1353114	1
262357	317620	1
262357	899070	1
899061	273520	1
899061	1353204	1
644142	56052	1
644142	246536	1
644142	279922	1
644142	910913	1
1054895	56052	1
1054895	202191	2
1054895	281474	2
1054895	279922	1
1054895	1786015	2
1054895	359632	1
1054895	16375	1
1054895	548225	1
1054895	272121	1
1054895	322529	1
1054895	603179	1
1054895	515885	1
1054895	820900	1
1054895	368787	1
1054895	824459	1
32208	205525	1
32208	26955	1
32208	784747	1
4637417	32197	1
4637417	97544	1
4637417	26955	1
4637417	205525	1
1036828	1353166	1
1036828	211158	1
1036828	1354230	1
228415	32201	1
228415	51671	1
211158	833768	1
211158	1354230	1
211158	419422	1
211158	899066	1
211158	317620	1
211158	1353114	1
899063	899066	1
899070	1353166	1
899070	317620	1
899070	273520	1
899070	1491379	1
272121	177078	1
272121	281986	1
272121	933279	1
272121	269287	1
272121	144954	1
272121	515885	1
272121	252447	1
272121	368787	1
272121	108870	1
272121	279922	1
272121	16375	1
272121	820900	1
272121	359632	1
272121	202191	1
272121	548225	1
272121	281474	1
272121	824459	1
272121	603179	1
272121	1786015	1
272121	322529	1
548225	820900	1
548225	359632	1
548225	279922	1
548225	56052	1
548225	2213246	1
548225	736768	1
548225	1786015	1
548225	292323	1
548225	368787	1
548225	202191	1
548225	16375	1
548225	259769	1
548225	281474	1
548225	852942	1
548225	704625	1
548225	322529	1
548225	351419	1
548225	659883	1
548225	515885	1
548225	603179	1
548225	824459	1
548225	780796	1
120312	254976	1
423099	256558	1
32201	51671	1
32201	228408	1
56052	246536	1
56052	281474	1
56052	312278	1
56052	321044	1
56052	736768	1
56052	603179	1
56052	2213246	1
56052	1786015	1
56052	259769	1
246536	281986	1
246536	177078	1
246536	1786015	1
246536	96037	1
246536	603179	1
44306	44314	1
279922	177078	1
279922	281986	1
279922	202191	2
279922	368787	1
279922	96037	1
279922	933279	1
279922	910913	1
279922	1786015	1
279922	736768	2
279922	820900	1
279922	281474	1
279922	259769	2
279922	351419	1
279922	659883	1
279922	322529	1
279922	704625	1
279922	515885	1
279922	603179	1
279922	292323	1
279922	780796	1
279922	359632	1
279922	16375	1
279922	824459	1
279922	852942	1
359632	281474	2
359632	820900	2
359632	933279	1
359632	910913	1
359632	177078	1
359632	736768	1
359632	322529	1
359632	202191	1
359632	515885	1
359632	603179	1
359632	824459	1
359632	368787	1
359632	16375	1
359632	1786015	1
177078	321044	1
177078	312278	1
177078	820900	1
259769	1786015	2
259769	281986	1
259769	368787	1
259769	852942	1
259769	736768	1
259769	659883	1
259769	704625	1
259769	351419	1
259769	292323	1
259769	820900	1
259769	281474	1
259769	780796	1
910913	96037	1
933279	281986	1
933279	281474	1
933279	603179	1
820900	281986	1
820900	736768	2
820900	322529	1
820900	108870	1
820900	603179	1
820900	824459	1
820900	1786015	1
820900	780796	1
820900	351419	1
820900	368787	1
820900	281474	1
820900	515885	1
820900	269287	1
820900	252447	1
820900	659883	1
820900	202191	1
820900	144954	1
820900	852942	1
820900	16375	1
820900	292323	1
820900	704625	1
60492	308465	1
1353204	1353114	1
1353204	1354230	1
281986	202191	1
1016358	621485	1
1016358	166793	1
1016358	328853	1
419422	115798	1
419422	495002	1
419422	177584	1
419422	207945	1
419422	177344	1
419422	258074	1
419422	1046219	1
419422	743835	1
419422	32190	1
419422	219705	1
419422	207390	1
833768	1353114	1
1354230	1353108	1
656335	278654	1
1252006	278656	1
1252006	278654	1
736768	281474	1
736768	292323	1
736768	351419	1
736768	704625	1
736768	368787	1
736768	659883	1
736768	1786015	1
736768	852942	1
736768	780796	1
32195	234890	1
32195	1673569	1
32195	227874	1
16406	6181511	1
16406	6181509	1
16406	6181506	1
16406	111201	1
16406	266349	1
6181511	266349	1
6181511	111201	1
384185	1013029	1
384185	95546	1
384185	375279	1
384185	12593	1
384185	293477	1
384185	108565	1
384185	999914	1
411946	83904	1
411946	55080	1
411946	413568	1
32199	318052	1
32199	32190	1
32199	457732	1
32199	603338	1
32199	119084	1
32199	880083	1
32199	190370	1
318052	219565	1
318052	208633	1
321044	281474	1
603179	96037	1
603179	202191	2
603179	281474	1
603179	322529	1
603179	16375	1
603179	1786015	1
603179	368787	1
603179	515885	1
603179	824459	1
347268	1256099	1
347268	95539	2
347268	1630619	1
368787	1786015	1
368787	202191	2
368787	281474	1
368787	16375	1
368787	292323	1
368787	322529	1
368787	824459	1
368787	704625	1
368787	351419	1
368787	852942	1
368787	515885	1
368787	780796	1
368787	659883	1
26955	97544	1
26955	646136	1
26955	646137	1
26955	646135	1
26955	328853	1
205525	32197	1
1234493	1353108	1
1353108	449204	1
1786015	281474	1
1786015	824459	1
1786015	515885	1
1786015	351419	1
1786015	322529	1
1786015	292323	1
1786015	780796	1
1786015	704625	1
1786015	659883	1
1786015	16375	1
1786015	202191	1
1786015	852942	1
83904	90541	1
83904	55080	1
266349	289231	1
266349	111201	1
312278	2213246	1
177340	899517	1
177340	76028	1
177340	207945	1
899517	76028	1
600884	32190	1
600884	457732	1
600884	119084	1
603338	219565	1
603338	32190	1
1353114	317620	1
96037	281474	1
32197	784747	1
308465	369747	1
1496904	621480	1
1496904	166793	1
1817820	166793	1
32202	621485	1
32202	621483	1
32202	1984367	1
32202	328853	1
32202	115467	1
32202	1984378	1
32202	863751	1
32202	621480	1
32202	166793	1
621485	621480	1
32198	66358	1
32190	208633	1
32190	456210	1
32190	41715	1
32190	219565	1
32190	880083	1
32190	776244	1
32190	456211	1
32190	190370	1
32190	457732	1
32190	76028	1
32190	207945	1
32190	1046219	1
32190	495002	1
32190	219705	1
32190	177344	1
32190	177584	1
32190	258074	1
32190	115798	1
32190	207390	1
32190	743835	1
208633	119084	1
208633	880083	1
76028	207945	1
76028	219565	1
119084	457732	1
281474	202191	2
281474	292323	1
281474	16375	1
281474	351419	1
281474	515885	1
281474	824459	1
281474	322529	1
281474	780796	1
281474	659883	1
281474	852942	1
281474	704625	1
166793	1984696	1
166793	621480	1
251877	1045202	1
4742346	370499	1
317620	449204	1
26952	370499	1
26952	1045202	1
90541	413568	1
90541	1889434	1
413568	55080	1
51850	110862	1
1984367	621480	1
328853	646136	1
328853	646135	1
328853	646137	1
958911	289231	1
958911	6181506	1
51671	228408	1
184712	211154	1
184712	184441	1
184712	184439	1
184712	184440	1
211154	184439	1
207945	115798	1
207945	177584	1
207945	207390	1
207945	743835	1
207945	219705	1
207945	258074	1
207945	495002	1
207945	177344	1
207945	1046219	1
190370	457732	1
190370	881771	1
190370	996740	1
190370	511349	1
190370	193245	1
190370	1185874	1
190370	550689	1
202191	515885	1
202191	322529	1
202191	16375	1
202191	824459	1
95539	1630619	1
219565	3148451	1
153980	410038	1
153980	170355	1
410038	170355	1
166320	55080	1
457732	1146034	1
457732	753821	1
457732	828933	1
457732	531461	1
457732	1146035	1
457732	832934	1
457732	32196	1
457732	624568	1
457732	1275923	1
184440	184439	1
184441	184439	1
32203	182699	1
41715	1576367	1
115467	578743	1
119484	1673569	1
72234	1314719	1
18553	989082	1
428424	1617040	1
1259038	5448674	1
1259038	5448673	1
5448673	5448674	1
140042	521661	1
140042	268272	1
140042	95546	1
220622	803615	1
220622	204371	1
131971	474468	1
462489	939357	1
462489	939358	1
42754	256190	2
154028	32204	1
154029	32204	1
144051	144053	1
32192	1055117	1
12550	109662	1
1631446	3318464	1
188810	215379	1
417399	417404	1
417399	417395	1
417399	417396	1
417399	4007643	1
417399	417393	1
417399	630841	1
417399	417402	1
417399	220594	1
417399	280177	1
417399	2210953	1
417399	97881	1
417399	759183	1
417399	96400	1
417399	1121981	1
417399	2666	1
417399	10082	1
417399	10343	1
417399	260604	1
417399	417397	1
417399	294410	1
417399	149789	1
417399	294411	1
417399	245741	1
417404	417402	1
417404	245741	1
417404	96400	1
417404	1121981	1
417404	759183	1
417404	417396	1
417404	417397	1
417404	280177	1
417404	97881	1
417404	220594	1
417404	294411	1
417404	260604	1
417404	149789	1
417404	2210953	1
417404	417395	1
417404	630841	1
417404	4007643	1
417404	10082	1
417404	2666	1
417404	417393	1
417404	294410	1
417404	10343	1
1237244	1237245	1
1237244	960929	1
1237244	658976	1
1237244	495001	1
1237244	1055975	1
1237244	1237250	1
1237244	144321	1
1237244	658984	1
1237244	708238	1
1237244	1237241	1
1237244	342176	1
1237244	809065	1
1237244	1924215	1
1237244	610798	1
1237244	3775709	1
1237244	609626	1
1237245	1924215	1
1237245	1055975	1
1237245	1237250	1
1237245	708238	1
1237245	610798	1
1237245	342176	1
1237245	144321	1
1237245	658976	1
1237245	3775709	1
1237245	609626	1
1237245	960929	1
1237245	1237241	1
1237245	495001	1
1237245	658984	1
1237245	809065	1
442725	464850	1
442725	3243169	1
442725	381534	1
442725	712777	1
442725	148475	1
442725	2178879	1
442725	23165	1
442725	108687	1
442725	539260	1
442725	181332	1
442725	364793	1
464850	381534	1
464850	181332	1
95544	254070	1
95544	255804	1
95544	182929	1
95544	442174	1
95544	8672	1
95544	254072	1
254070	8672	1
254070	442174	1
254070	255804	1
254070	254072	1
254070	182929	1
149789	417395	1
149789	294411	1
149789	1121981	1
149789	417393	1
149789	10082	1
149789	417396	1
149789	417397	1
149789	759183	1
149789	630841	1
149789	220594	1
149789	260604	1
149789	294410	1
149789	4007643	1
149789	2666	1
149789	10343	1
149789	97881	1
149789	2210953	1
149789	245741	1
149789	280177	1
149789	96400	1
149789	417402	1
417395	417396	1
417395	417402	1
417395	10343	1
417395	294410	1
417395	294411	1
417395	280177	1
417395	97881	1
417395	96400	1
417395	2666	1
417395	2210953	1
417395	10082	1
417395	245741	1
417395	759183	1
417395	260604	1
417395	1121981	1
417395	417397	1
417395	630841	1
417395	220594	1
417395	417393	1
417395	4007643	1
255804	8672	1
255804	182929	1
255804	442174	1
255804	254072	1
115798	219705	1
115798	495002	1
115798	177344	1
115798	177584	1
115798	207390	1
115798	1046219	1
115798	743835	1
115798	258074	1
1055975	1924215	1
1055975	609626	1
1055975	658976	1
1055975	960929	1
1055975	1237241	1
1055975	1237250	1
1055975	708238	1
1055975	3775709	1
1055975	809065	1
1055975	144321	1
1055975	342176	1
1055975	658984	1
1055975	610798	1
1055975	495001	1
1924215	658984	1
1924215	708238	1
1924215	1237241	1
1924215	658976	1
1924215	495001	1
1924215	3775709	1
1924215	1237250	1
1924215	960929	1
1924215	609626	1
1924215	610798	1
1924215	342176	1
1924215	809065	1
1924215	144321	1
417397	759183	1
417397	280177	1
417397	245741	1
417397	417393	1
417397	2666	1
417397	10082	1
417397	2210953	1
417397	260604	1
417397	1121981	1
417397	10343	1
417397	294411	1
417397	417396	1
417397	96400	1
417397	630841	1
417397	220594	1
417397	97881	1
417397	4007643	1
417397	294410	1
417397	417402	1
759183	96400	1
759183	417393	1
759183	2666	1
759183	220594	1
759183	417402	1
759183	1121981	1
759183	294410	1
759183	10082	1
759183	630841	1
759183	260604	1
759183	2210953	1
759183	245741	1
759183	417396	1
759183	294411	1
759183	10343	1
759183	97881	1
759183	280177	1
759183	4007643	1
322529	515885	1
322529	824459	1
322529	16375	1
3243169	712777	1
3243169	148475	1
3243169	108687	1
3243169	539260	1
3243169	2178879	1
3243169	23165	1
3243169	364793	1
182929	8672	1
182929	254072	1
182929	442174	1
417393	417402	1
417393	417396	1
417393	260604	1
417393	10343	1
417393	280177	1
417393	2666	1
417393	96400	1
417393	294411	1
417393	97881	1
417393	1121981	1
417393	630841	1
417393	2210953	1
417393	294410	1
417393	245741	1
417393	10082	1
417393	220594	1
417393	4007643	1
417402	10343	1
417402	220594	1
417402	280177	1
417402	1121981	1
417402	2210953	1
417402	97881	1
417402	96400	1
417402	294410	1
417402	630841	1
417402	294411	1
417402	4007643	1
417402	245741	1
417402	417396	1
417402	10082	1
417402	2666	1
417402	260604	1
95546	293477	1
95546	12593	1
95546	268272	1
95546	108565	1
95546	1013029	1
95546	375279	1
95546	999914	1
293477	12593	1
293477	999914	1
293477	108565	1
293477	375279	1
293477	1013029	1
214122	535134	1
214122	304968	1
535134	304968	1
12593	108565	1
12593	251716	1
12593	375279	1
12593	611219	1
12593	1013029	1
12593	999914	1
219705	177584	1
219705	743835	1
219705	177344	1
219705	258074	1
219705	207390	1
219705	495002	1
219705	1046219	1
8672	254072	1
8672	442174	1
294411	417396	1
294411	294410	1
294411	260604	1
294411	630841	1
294411	4007643	1
294411	2210953	1
294411	245741	1
294411	1121981	1
294411	10343	1
294411	96400	1
294411	220594	1
294411	280177	1
294411	10082	1
294411	2666	1
294411	97881	1
3324005	3326895	1
3324005	84975	1
3326895	84975	1
342176	3775709	1
342176	658984	1
342176	809065	1
342176	609626	1
342176	144321	1
342176	960929	1
342176	1237241	1
342176	708238	1
342176	495001	1
342176	610798	1
342176	1237250	1
342176	658976	1
3775709	658984	1
3775709	658976	1
3775709	708238	1
3775709	960929	1
3775709	610798	1
3775709	495001	1
3775709	1237250	1
3775709	144321	1
3775709	609626	1
3775709	1237241	1
3775709	809065	1
142866	433356	1
280177	294410	1
280177	220594	1
280177	2666	1
280177	260604	1
280177	96400	1
280177	97881	1
280177	2210953	1
280177	630841	1
280177	10343	1
280177	245741	1
280177	10082	1
280177	1121981	1
280177	4007643	1
280177	417396	1
252447	269287	1
252447	144954	1
252447	108870	1
269287	144954	1
269287	108870	1
832934	1275923	1
832934	32196	1
832934	1146035	1
832934	624568	1
832934	828933	1
832934	531461	1
832934	1146034	1
832934	753821	1
1275923	1146034	1
1275923	828933	1
1275923	32196	1
1275923	531461	1
1275923	753821	1
1275923	624568	1
1275923	1146035	1
3166691	4232568	1
3166691	1746742	1
4232568	1746742	1
346408	558462	1
245741	630841	1
245741	2666	1
245741	294410	1
245741	96400	1
245741	260604	1
245741	2210953	1
245741	4007643	1
245741	10343	1
245741	1121981	1
245741	97881	1
245741	10082	1
245741	417396	1
245741	220594	1
417396	260604	1
417396	1121981	1
417396	294410	1
417396	630841	1
417396	97881	1
417396	96400	1
417396	2210953	1
417396	4007643	1
417396	10082	1
417396	220594	1
417396	10343	1
417396	2666	1
108870	144954	1
1146034	1146035	1
1146034	753821	1
1146034	828933	1
1146034	624568	1
1146034	32196	1
1146034	531461	1
1146035	624568	1
1146035	753821	1
1146035	32196	1
1146035	828933	1
1146035	531461	1
258074	1046219	1
258074	495002	1
258074	177584	1
258074	207390	1
258074	743835	1
258074	177344	1
1046219	177584	1
1046219	177344	1
1046219	495002	1
1046219	743835	1
1046219	207390	1
351419	852942	1
351419	659883	1
351419	292323	1
351419	704625	1
351419	780796	1
658984	658976	1
658984	708238	1
658984	495001	1
658984	610798	1
658984	1237241	1
658984	960929	1
658984	144321	1
658984	609626	1
658984	809065	1
658984	1237250	1
646136	646137	1
646136	646135	1
658976	960929	1
658976	1237241	1
658976	495001	1
658976	144321	1
658976	708238	1
658976	1237250	1
658976	809065	1
658976	609626	1
658976	610798	1
609626	495001	1
609626	1237250	1
609626	1237241	1
609626	610798	1
609626	708238	1
609626	144321	1
609626	960929	1
609626	809065	1
108565	999914	1
108565	1013029	1
108565	375279	1
957223	4229609	1
957223	2712438	1
4229609	2712438	1
10343	1121981	1
10343	294410	1
10343	260604	1
10343	630841	1
10343	97881	1
10343	10082	1
10343	96400	1
10343	2666	1
10343	4007643	1
10343	220594	1
10343	2210953	1
1121981	97881	1
1121981	294410	1
1121981	96400	1
1121981	220594	1
1121981	10082	1
1121981	630841	1
1121981	4007643	1
1121981	2210953	1
1121981	2666	1
1121981	260604	1
97881	4007643	1
97881	630841	1
97881	294410	1
97881	96400	1
97881	260604	1
97881	2666	1
97881	220594	1
97881	10082	1
97881	2210953	1
543301	1666175	1
543301	543302	1
543301	1686820	1
543301	543307	1
1666175	543302	1
1666175	1686820	1
1666175	543307	1
294410	260604	1
294410	630841	1
294410	220594	1
294410	2666	1
294410	10082	1
294410	96400	1
294410	2210953	1
294410	4007643	1
260604	96400	1
260604	2210953	1
260604	220594	1
260604	4007643	1
260604	10082	1
260604	2666	1
260604	630841	1
292323	704625	1
292323	659883	1
292323	780796	1
292323	852942	1
32187	379513	1
32187	379512	1
379513	379512	1
32196	624568	1
32196	828933	1
32196	753821	1
32196	531461	1
824459	16375	1
824459	515885	1
16375	515885	1
630841	2666	1
630841	10082	1
630841	4007643	1
630841	96400	1
630841	220594	1
630841	2210953	1
646137	646135	1
356873	547618	1
356873	434215	1
356873	343684	1
356873	101784	1
547618	343684	1
547618	101784	1
547618	434215	1
251716	611219	1
96400	10082	1
96400	4007643	1
96400	220594	1
96400	2666	1
96400	2210953	1
2666	220594	1
2666	2210953	1
2666	10082	1
2666	4007643	1
177584	177344	1
177584	743835	1
177584	495002	1
177584	207390	1
1796258	1896482	1
1796258	212295	1
1796258	462490	1
1896482	212295	1
1896482	462490	1
881771	550689	1
881771	1185874	1
881771	996740	1
881771	193245	1
881771	511349	1
852942	704625	1
852942	780796	1
852942	659883	1
1237250	495001	1
1237250	960929	1
1237250	708238	1
1237250	144321	1
1237250	610798	1
1237250	1237241	1
1237250	809065	1
220594	10082	1
220594	2210953	1
220594	4007643	1
15900	261867	1
960929	495001	1
960929	708238	1
960929	809065	1
960929	610798	1
960929	1237241	1
960929	144321	1
44311	952330	1
44311	2101482	1
44311	1165752	1
44311	1356336	1
44311	474064	1
44311	3384241	1
952330	2101482	1
952330	474064	1
952330	1356336	1
952330	3384241	1
1237241	144321	1
1237241	708238	1
1237241	610798	1
1237241	495001	1
1237241	809065	1
10082	2210953	1
10082	4007643	1
343684	101784	1
343684	434215	1
495002	743835	1
495002	207390	1
495002	177344	1
8435	485404	1
8435	1947304	1
8435	1947303	1
8435	1947305	1
8435	1947302	1
485404	1947305	1
485404	1947303	1
485404	1947304	1
485404	1947302	1
495001	809065	1
495001	708238	1
495001	610798	1
495001	144321	1
712777	364793	1
712777	23165	1
712777	148475	1
712777	108687	1
712777	539260	1
712777	2178879	1
550689	511349	1
550689	193245	1
550689	1185874	1
550689	996740	1
659883	704625	1
659883	780796	1
704625	780796	1
2835663	2835667	1
2835663	113036	1
2835663	6079694	1
2835663	2835664	1
2835663	2835665	1
2835663	767390	1
2835663	2835666	1
2835667	767390	1
2835667	113036	1
2835667	2835665	1
2835667	6079694	1
2835667	2835666	1
2835667	2835664	1
442174	254072	1
113036	6079694	1
113036	2835665	1
113036	2835664	1
113036	2835666	1
113036	767390	1
6079694	2835666	1
6079694	767390	1
6079694	2835665	1
6079694	2835664	1
101784	434215	1
1947305	1947304	1
1947305	1947302	1
1947305	1947303	1
2835665	2835664	1
2835665	2835666	1
2835665	767390	1
543302	543307	1
543302	1686820	1
144321	610798	1
144321	708238	1
144321	809065	1
610798	809065	1
610798	708238	1
828933	531461	1
828933	624568	1
828933	753821	1
4757686	4757699	1
996740	1185874	1
996740	193245	1
996740	511349	1
624568	753821	1
624568	531461	1
207390	743835	1
207390	177344	1
743835	177344	1
364793	148475	1
364793	23165	1
364793	2178879	1
364793	539260	1
364793	108687	1
375279	999914	1
375279	1013029	1
2101482	1356336	1
2101482	3384241	1
2101482	474064	1
1013029	999914	1
177235	386904	1
177235	423761	1
386904	423761	1
23165	2178879	1
23165	108687	1
23165	539260	1
23165	148475	1
212295	462490	1
214124	3281089	1
214124	4085541	1
214124	2895363	1
3281089	4085541	1
3281089	2895363	1
4007643	2210953	1
511349	1185874	1
511349	193245	1
440316	1063528	1
440316	1617041	1
440316	413739	1
440316	76038	1
1063528	76038	1
1063528	1617041	1
1063528	413739	1
539260	2178879	1
539260	108687	1
539260	148475	1
2178879	148475	1
2178879	108687	1
809065	708238	1
1045026	3475684	1
1045026	2604473	1
3475684	2604473	1
482162	1326222	1
482162	1326223	1
1326222	1326223	1
753821	531461	1
1595898	4030039	1
1595898	4034834	1
1595898	1446837	1
1595898	1859271	1
4030039	4034834	1
4030039	1446837	1
4030039	1859271	1
1439550	2228409	1
1439550	2792807	1
1439550	1439551	1
1439550	1439548	1
2228409	1439548	1
2228409	2792807	1
2228409	1439551	1
474064	1356336	1
474064	3384241	1
1356336	3384241	1
4034834	1446837	1
4034834	1859271	1
148475	108687	1
1185874	193245	1
1686820	543307	1
361057	1118695	1
767390	2835666	1
767390	2835664	1
2835666	2835664	1
1439548	2792807	1
1439548	1439551	1
2792807	1439551	1
4085541	2895363	1
320915	1371264	1
1446837	1859271	1
3087451	3924808	1
3087451	3924809	1
3924808	3924809	1
1338649	1338650	1
58334	287138	1
76038	413739	1
76038	55745	1
76038	1617041	1
413739	1617041	1
381534	181332	1
45675	2828662	1
1947303	1947302	1
1947303	1947304	1
1085730	1650658	1
22587	197243	1
9765	2020215	1
1947302	1947304	1
92184	1971210	1
7580577	7580578	1
151502	222750	1
409022	1381082	1
4366464	4443403	1
4366464	4443404	1
4443403	4443404	1
30724	380875	1
204371	803615	1
309902	659169	1
309902	1724450	1
659169	1724450	1
397497	1436324	1
933999	1824406	1
1142135	1848557	1
4203993	4203994	1
1086916	6005718	1
512452	550499	1
841458	1633348	1
4214226	4284145	1
