1	[55080, 83904, 166320]
10	[32201, 179366, 228408]
29	[76028, 177340, 207945, 899517]
30	[16406, 6181509, 6181511]
56	[184439, 184440, 184441, 184712]
59	[153980, 170355, 410038]
203	[20691, 26955, 32192, 177201, 296745, 468697, 646135, 646136, 806672, 849748, 1011986, 1036958, 1036959, 1036960, 1036961, 1036963, 1036964, 1036966]
345	[201571, 266348, 340642]
366	[76028, 110593, 732482]
524	[6270, 6271, 10388, 12596, 14683, 17551, 17967, 18956, 20957, 20991, 22164, 22856, 24818, 25955, 26641, 27045, 28026, 29936, 30182, 30717, 30725, 30786, 30975, 30977, 30979, 31546, 32166, 32434, 33200, 34278, 34746, 37223, 37224, 39727, 41326, 46727, 47333, 48425, 51946, 56746, 60898, 61269, 61671, 65629, 67928, 69193, 72234, 75922, 75985, 77019, 79103, 80131, 81013, 81421, 81440, 82358, 82730, 82735, 88624, 92578, 97073, 98545, 99850, 101256, 112154, 112961, 121112, 123159, 131767, 136201, 145071, 145072, 145074, 145077, 169154, 170355, 187097, 196697, 196698, 219596, 251517, 255680, 258997, 277353, 290587, 292155, 292376, 411280, 433357, 588603, 1598250]
527	[10081, 5455066, 7262188]
528	[15900, 61499, 1736801]
540	[32181, 109661, 188810]
592	[130243, 368085, 1777178]
597	[22946, 253245, 312208]
676	[347276, 1059683, 2035499]
771	[154028, 1043775, 1132706]
819	[3865, 872312, 1421378]
820	[430553, 630957, 2360753]
1008	[56675, 73721, 189916, 342906, 423751, 423761, 428608, 621179, 621203, 707717, 796823, 1125365, 1872170, 3779323, 4502448]
1010	[10360, 201571, 227461]
1020	[84643, 182998, 1728735]
1022	[10360, 256779, 256780]
1029	[4681, 6021, 6270, 6271, 7987, 8670, 8796, 9221, 9462, 10263, 10388, 11012, 11650, 12588, 12596, 14045, 14683, 16655, 17551, 17967, 18956, 18983, 19588, 20957, 20991, 22164, 22856, 24225, 24818, 25955, 26641, 27045, 28026, 28384, 29827, 29890, 29936, 30182, 30717, 30725, 30786, 30975, 30977, 30979, 31351, 31546, 32166, 32434, 32620, 33196, 33200, 33762, 34278, 34746, 37223, 37224, 38563, 39727, 40409, 41326, 45920, 46727, 47333, 47742, 48425, 48865, 51946, 53214, 56746, 60898, 61269, 61671, 65629, 66253, 66373, 67928, 69193, 69887, 70735, 70829, 72234, 75280, 75922, 75985, 77019, 79103, 80117, 80131, 81013, 81421, 81440, 82358, 82730, 82735, 88624, 89005, 92578, 96409, 97073, 98545, 99850, 101256, 107597, 109320, 112154, 112961, 120593, 121112, 123159, 125101, 131767, 131986, 136201, 145071, 145072, 145074, 145077, 151462, 151767, 153008, 154434, 162670, 169154, 170355, 172408, 180708, 187097, 196697, 196698, 201571, 219596, 221520, 251517, 253929, 255680, 258997, 277353, 279941, 290587, 292155, 292376, 396805, 411280, 433357, 588603, 1598250, 1783752]
1046	[235031, 235032, 235033]
1050	[191271, 926682, 1781229]
1053	[32191, 32192, 91511]
1069	[41408, 474083, 728829]
1092	[13774, 830694, 894994]
1172	[10360, 256777, 256782]
1207	[2266, 174890, 453875]
1260	[6270, 33199, 110987]
1294	[29936, 323172, 950650]
1321	[48392, 48413, 84101]
1351	[18984, 47742, 191325]
1552	[17413, 42360, 141308]
1556	[10552, 17589, 107598, 1337172]
1578	[14683, 42172, 104913, 106085]
1580	[17546, 370971, 1211833]
1627	[7027, 60316, 274718]
1680	[26050, 211886, 1317839]
1728	[3476, 121607, 916708]
2272	[3474, 42180, 194498]
2394	[3898, 11201, 637432]
2867	[1835, 324987, 457786]
3147	[56675, 73721, 189916, 342906, 386904, 423751, 423761, 428608, 621178, 621179, 621203, 707717, 1030987, 1125365, 1872170, 2781947, 2986413, 2986427, 3779323, 4502448, 5985745]
3181	[391, 187134, 190997]
3643	[4205, 17963, 122507]
3836	[56675, 189916, 621180]
4126	[3667, 42360, 98684]
4137	[3470, 3682, 14683, 26641, 67928, 75922, 80131, 92578, 101256, 112154, 121112, 292155]
4154	[452114, 2053387, 3634823, 5290812, 6494761, 6494762, 6494763, 6494764, 6494765, 6494766, 6494767, 6494768, 6494769, 6494770, 6494771]
4155	[38950, 68037, 178954, 312125, 334989, 489672, 489674, 967287, 3393576, 4142368, 4142369, 4142370, 4142371, 4142372, 4142373, 4142374, 4142375]
4164	[51857, 152402, 240454, 292670]
4174	[11325, 65623, 65713, 74890, 74891, 74894, 199294, 199295, 232626, 232629, 312746, 314730, 314731, 458502, 458531, 458539, 458548, 555743, 691308, 695369, 7141757, 7141758, 7141759]
4178	[4969, 5049, 10352, 11202, 13674, 14213, 18509, 19004, 19111, 23698, 24050, 24495, 29040, 33931, 47952, 47971, 49839, 53036, 54440, 85421, 88469, 111943, 112009, 118530, 124280, 124281, 124282, 124283, 130829, 130834, 132714, 132794, 147287, 153190, 179824, 193545, 198408, 210484, 210485, 210930, 241754, 254919, 263485, 264772, 268517, 287266, 293706, 301194, 305681, 306056, 363710, 363736, 409526, 422096, 512866, 526181, 580064, 704706, 725678, 725682, 725708, 740575, 829027, 893554, 914683, 1158893, 1280029, 1874019, 2358977, 2358978, 2359582, 6868902]
4188	[65784, 112847, 127828, 275311, 294731, 321621, 382275, 428965, 504764, 574249, 707625, 754391, 847100, 1121668, 1121669, 2304606, 3137089, 3137090, 4851325]
4192	[20691, 26955, 32192, 177201, 296745, 468697, 646135, 806672, 849748, 1011986, 1036958, 1036959, 1036960, 1036961, 1036963, 1036964, 1036966]
4195	[380532, 499861, 689389, 752618, 814211, 882602, 882604, 1679463, 1859800, 2309180, 3437103, 3731822, 3750856, 4061508, 4436553, 5649389, 5649390, 5649391, 5649392, 5649393, 5649394, 5649395, 5649396, 5649397, 5649398, 5649399]
4200	[3480, 5087, 22061, 27501, 58981, 73282, 146063, 155798, 216847, 226091, 603330, 923308, 2002821, 2002822, 2003044, 2003045, 2736959, 4801626]
4204	[431503, 711613, 811786, 1259037, 1413646, 1546441, 1692237, 2224039]
4205	[911474, 911475, 911476, 960396, 960397, 960399, 960400, 960401, 960403, 960406, 960407, 960409, 960410, 960411, 2607039, 2839582, 2839592, 2839604]
4209	[91565, 776857, 1100649, 1113576, 1113577, 1113579, 4185293]
4212	[2725, 23036, 34829, 36807, 69866, 124506, 227674]
4222	[207396, 234422, 553719, 646883, 868762, 1182811, 1524702, 2177350, 2177351, 2177352]
4232	[102073, 444509, 1855694, 1855695, 1855700, 2307951, 2392954, 2527906, 2527907, 2527908, 2886149, 2886150, 2886151]
4233	[327416, 702287, 834578, 844250, 1018991, 1278124, 1463792, 1647085, 1755254, 2177278, 3455786, 3455789, 3455800]
4239	[9221, 19588, 30979, 34278, 40409, 61269, 66373, 75922, 82730, 87818, 121112, 292155, 292376]
4249	[738445, 2574683, 2574684, 2588974, 2757411]
4284	[251829, 6503736, 6503737, 6503738, 6503739, 6503740, 6503741, 6503742]
4286	[152402, 322000, 788312, 1041832, 1730124]
4292	[26955, 32203, 76028, 91509, 115467, 177344, 336405, 622895]
4294	[456102, 520588, 546337, 551454, 619530, 741824, 794165, 810431, 812326, 843870, 1902994, 2026836, 2605752, 5443252, 7280384]
4305	[91520, 91568, 154273, 994422, 1396223, 1396224]
4311	[26952, 96001, 2024762, 2024765]
4323	[26168, 130829, 1821383, 1821385, 1821386, 1821387, 1821392, 1902329, 2487439, 2996981, 3687274, 6872073, 6872074]
4352	[731640, 805584, 806556, 915393, 1149857, 1349462]
4361	[45671, 288238, 642136, 662177, 836134, 843448, 843449, 1080127, 1146985, 1178489, 1443297]
4363	[138572, 149561, 288366, 316442]
4364	[621292, 1008158, 3945073, 6046548]
4369	[106091, 247278, 716101, 820386, 1351878, 2128867, 3454705, 3454709]
4373	[3470, 6021, 6270, 17958, 29936, 67036, 87622, 88606, 169154, 201497]
4376	[9462, 13932, 45595, 48404, 62391, 282476, 566290, 1824668, 2079932, 2415273, 2791996]
4377	[164799, 212198, 423954, 756766, 1290594, 1577030, 1577031]
4378	[936773, 1012291, 1012292, 1012293, 1012294, 1012296]
4381	[4800, 6274, 15885, 16794, 17546, 25284, 25578, 30148, 30979, 146284, 254406, 604680, 1727043]
4386	[1142840, 1768929, 1768930, 1768931, 1768932, 1768933, 1768934, 1768935]
4395	[6268, 6708, 142962]
4401	[529045, 2372535, 2372536, 2372537, 2372538, 2372539, 2372540, 2372541, 2372542]
4403	[137981, 151369, 153792, 210784, 1279753, 1383284, 1560763]
4409	[209415, 227800, 242492, 808776, 2315599, 3114788]
4417	[1811088, 5414934, 5414936, 6833078, 6833079]
4425	[2725, 6270, 6271, 7987, 8670, 9221, 10388, 11012, 12596, 14683, 17551, 18956, 20991, 23036, 26641, 30182, 30717, 30975, 30977, 31546, 32166, 32434, 34278, 37223, 38563, 40409, 41326, 46727, 48425, 53214, 56746, 61269, 70829, 72234, 75922, 75985, 80131, 81013, 82730, 82735, 92578, 97073, 98545, 99850, 101256, 107597, 112154, 112584, 112961, 121112, 123159, 145071, 145072, 145074, 145077, 151767, 170355, 196697, 196698, 219596, 227674, 251517, 253929, 255680, 256185, 277353, 279941, 290587, 292155, 292376, 411280, 428086, 1598250]
4432	[52489, 269286, 311576, 788312, 1902889, 2009778]
4433	[17546, 30724, 145643, 503123, 1084702]
4443	[177974, 239092, 280538, 1108656, 1108657, 1108658]
4448	[15507, 119363, 281536, 442234, 779745, 798838, 798839, 798840]
4455	[68655, 263202, 2211297, 3546083, 3546084, 3546085, 3546086, 3546087, 5249079]
4457	[4205, 206325, 450677, 531046, 742559, 1245640, 2493128]
4458	[201620, 201633, 224839, 304770, 590330, 590331, 590332]
4460	[58774, 269012, 870248, 1050262, 3987158]
4474	[12710, 49845, 88468, 186224, 232625, 252922]
4480	[627903, 846450, 2154831, 2219738, 2219740, 3171879, 7452676]
4481	[67928, 75922, 80131, 121112, 292155]
4485	[386904, 674377, 864163, 1879583, 1941533, 2057533, 2061460, 4502447]
4487	[6270, 6271, 8670, 9221, 10388, 11012, 11650, 12596, 14683, 17551, 18956, 20991, 26641, 30182, 30717, 30977, 31546, 32166, 32434, 34278, 37223, 40409, 41326, 46727, 48425, 53248, 56746, 61269, 70829, 72234, 75922, 80131, 81013, 82730, 82735, 92578, 97073, 98545, 107597, 112154, 112961, 121112, 123159, 145071, 145072, 145074, 145077, 170355, 196697, 196698, 219596, 251517, 255680, 277353, 279941, 290587, 292155, 292376, 411280, 1598250]
4491	[359504, 435517, 676918, 800256, 942229, 1591343, 1829804, 2350142, 2755890]
4493	[723651, 1155876, 1402517, 1945228, 3019333, 3699392, 4337336]
4501	[70377, 139260, 235979, 612889]
4506	[56675, 73721, 189916, 1030987, 1872170, 2057535, 2981877, 2986413, 2986427, 2986561, 4502448, 4561684]
4508	[572271, 1873078, 6563634, 6870488]
4509	[26955, 32203, 91509, 177344, 336405]
4527	[539813, 754632, 1408089, 3938225]
4533	[15501, 84237, 287307, 344941, 437199, 441793, 1207122]
4548	[287146, 696495, 2331668, 2565045, 4725321]
4554	[3682, 4681, 6021, 6270, 9081, 13151, 15165, 15885, 17958, 17967, 26641, 28384, 29936, 32434, 38563, 47742, 77031, 79103, 81013, 82358, 87622, 88606, 92578, 98545, 101113, 107597, 122287, 145077, 151462, 153008, 169154, 201497, 213938, 238213, 258997, 411280, 588603]
4557	[6270, 6271, 10388, 12596, 14683, 17551, 18956, 20991, 26641, 30182, 30717, 30977, 31546, 32166, 32434, 34278, 37223, 41326, 46727, 48425, 56746, 61269, 70735, 72234, 75922, 80131, 81013, 82730, 82735, 92578, 97073, 98545, 101256, 112154, 112961, 121112, 123159, 145071, 145072, 145074, 145077, 170355, 196697, 196698, 219596, 251517, 255680, 277353, 290587, 292155, 292376, 411280, 1598250]
4562	[9462, 13932, 45595, 282476, 1824668, 2079932, 2415273]
4566	[1157719, 1157720, 1157721, 1809347]
4570	[1272804, 1783737, 1831972, 2430122, 2745441]
4577	[51948, 106184, 1348536, 1348537, 2173498]
4579	[4654, 14898, 24444, 43281, 45920, 45931, 51452, 100039, 126919, 153190, 180710, 180954, 226612, 250959, 299966, 312014, 380856, 380870, 390077, 1167441]
4580	[120916, 210767, 240990, 292807, 421050, 1286791]
4583	[153321, 306245, 327421]
4586	[7987, 10263, 22854, 30117, 38563, 66253, 74188, 125101, 374018]
4591	[296745, 628737, 809355, 1279732, 2186029, 4268529]
4597	[2026535, 7477514, 7477515, 7477516, 7477517]
4599	[565741, 1047460, 1735244, 1735245, 1735246]
4600	[3477, 22164, 37224, 123441, 145643, 201378, 228862, 313742, 765864]
4603	[27045, 33201, 66550, 88595, 105921]
4604	[89322, 270311, 278907, 333498, 6008852]
4608	[359504, 435517, 676918, 800256, 942229, 1591343, 1829804, 2350142]
4609	[1649687, 1649689, 1656356, 1740156, 3089312, 3985986]
4610	[294731, 304701, 544422, 847351, 1675251]
4613	[681751, 1463492, 1598751, 2306663]
4617	[435517, 676918, 800256, 942229, 1829804, 2350142, 2755890]
4621	[191271, 621178, 3030079, 6776484, 7537321]
4623	[634, 10344, 32212, 37749]
4624	[51857, 152402, 269287, 292670, 322000, 336175, 410630, 788312, 1041832, 1311087, 1730124, 2410562]
4625	[77016, 572607, 1927027, 4567227]
4627	[6021, 6270, 6271, 7987, 8670, 9221, 9462, 10263, 10388, 11012, 12588, 12596, 14683, 17551, 17967, 18956, 20957, 20991, 22164, 22856, 24225, 24818, 25955, 26641, 27045, 28026, 29890, 29936, 30182, 30717, 30725, 30786, 30975, 30977, 30979, 31546, 32166, 32434, 33200, 34278, 34746, 37223, 37224, 38563, 39727, 40409, 41326, 45920, 46727, 47333, 48425, 51946, 53214, 56746, 60898, 61269, 65629, 66253, 67928, 69193, 69887, 70735, 70829, 72234, 75280, 75922, 75985, 77019, 79103, 80131, 81013, 81421, 81440, 82358, 82730, 82735, 88624, 92578, 97073, 98545, 99850, 101256, 107597, 109320, 112154, 112961, 121112, 123159, 125101, 131767, 136201, 145071, 145072, 145074, 145077, 151767, 169154, 170355, 172408, 180708, 187097, 196697, 196698, 201571, 219596, 251517, 253929, 255680, 258997, 277353, 279941, 290587, 292155, 292376, 411280, 433357, 588603, 1598250, 1783752]
4631	[188041, 212308, 270000, 465884]
4644	[26160, 54997, 97664]
4650	[2725, 9462, 10384, 12688, 22061, 23036, 70735, 124534, 346822]
4654	[5873, 100685, 259154, 292496, 406581, 594506]
4656	[156004, 291878, 1024545, 1859834, 1859835]
4661	[47437, 125377, 730767, 935628]
4667	[2264, 16127, 69866, 79089]
4671	[9462, 12688, 26167, 40409, 175006, 242415, 503124, 851814, 1088579, 1139717, 1160014, 1324549]
4677	[434744, 813637, 916505]
4680	[8571, 61486, 431503, 711613, 799349, 811786, 1259037, 1413646, 1438423, 1546441, 1692237, 1988760, 2224039, 2224947, 4854956]
4681	[22882, 24165, 29786, 34829, 38563, 42754, 45600, 55029, 56743, 71081, 74188, 80501, 85030, 103064, 107070, 107701, 112584, 171972, 177974, 243955, 256185]
4703	[48720, 1854040, 4517803]
4708	[5873, 6268, 78003, 142967, 142970]
4711	[73721, 423751, 4502480]
4712	[48865, 215246, 723315, 4754393]
4720	[76122, 282137, 400615]
4724	[7987, 12588, 29890, 38563, 46481, 74187, 81013, 103064, 109320, 153677, 180708, 180954, 201571, 289103]
4725	[1432230, 1435045, 1622616, 2228409, 7174251]
4728	[4099, 10088, 37730, 64796, 111179, 3532543]
4729	[56675, 73721, 342906, 423751, 423761, 621178, 621179, 621203, 707717, 1125365, 1872170, 2781947, 2986413, 2986427, 3779323, 4502448]
4733	[24444, 43281, 45920, 45931, 51452, 126919, 153190, 180710, 180954, 226612, 299966, 312014, 380856, 380870, 390077, 1167441]
4734	[336146, 448161, 448162]
4739	[7987, 34829, 38563, 69887, 101028, 124506, 151767]
4750	[1062980, 1325075, 2592662]
4752	[642532, 644545, 1215827, 1369554]
4754	[56675, 789790, 824469, 2986413, 2986427]
4755	[103447, 164799, 168398]
4757	[250334, 1099152, 1362640, 1362644, 1368083]
4759	[2725, 7987, 10262, 23036, 31546, 34829, 38563, 56746, 69887, 71081, 101028, 112584, 124506, 151767, 256185, 293210]
4761	[4800, 6274, 15885, 16794, 17546, 25578, 30148, 30979, 146284, 254406, 604680, 1727043]
4762	[492340, 492341, 492343, 814505, 4064342]
4766	[7987, 10384, 12588, 15118, 21764, 22854, 22882, 30117, 38563, 42754, 45600, 55029, 71081, 74188, 80501, 81013, 103064, 107070, 109320, 112584, 125101, 171972, 177974, 197435, 201571, 243955, 256185, 374018]
4772	[4654, 14898, 24444, 43281, 45920, 45931, 100039, 126919, 180954, 250959, 299966, 312014, 380856, 380870, 1167441]
4776	[406251, 431058, 433779]
4784	[262940, 282137, 379988]
4785	[411282, 559173, 949064, 1432200]
4789	[2161649, 6103880, 6103881]
4793	[7987, 38563, 79459, 126416, 169498, 239941, 1783752]
4796	[32433, 161639, 171886]
4799	[73721, 342906, 423751, 423756, 423761, 621179, 621203, 707717, 707721, 948683, 1125365, 1716021, 2781947, 2986413, 2986427, 3439750]
4809	[56675, 789790, 824469, 948683]
4819	[37109, 313685, 1086896, 1551964]
4821	[2065517, 4428014, 4428015]
4823	[38563, 192557, 227256]
4832	[472808, 606257, 606258]
4833	[48275, 51849, 108870, 284153, 468457]
4834	[49605, 87818, 404920]
4838	[57521, 81857, 246639, 253111]
4850	[12196, 385166, 419396]
4853	[1461678, 1529524, 6110904]
4857	[2903173, 2934943, 2934946, 2934947, 2934951]
4865	[292523, 439072, 1718084]
4867	[678148, 1133240, 1217387]
4872	[10383, 33196, 47843, 53486, 82842, 209403, 851906]
4874	[11323, 121140, 129328]
4875	[32202, 212264, 212744, 527555]
4885	[2378069, 2378070, 2378071]
4889	[4681, 6270, 6271, 9461, 10388, 11650, 12596, 14683, 17551, 18956, 20991, 26641, 28384, 30182, 30717, 30977, 31546, 32166, 32434, 34278, 37223, 41326, 46727, 48425, 56746, 61269, 72234, 75922, 80131, 81013, 82730, 82735, 92578, 97073, 98545, 101256, 107597, 112154, 112961, 120593, 121112, 123159, 145071, 145072, 145074, 145077, 151458, 151462, 170355, 196697, 196698, 219596, 251517, 255680, 277353, 290587, 292155, 292376, 411280, 1598250, 2071281]
4890	[51857, 152402, 269287, 292670, 322000, 410630, 788312, 1041832, 1311087, 1730124, 2410562]
4891	[4681, 6021, 6270, 6271, 7987, 8670, 9221, 9462, 10263, 10388, 11012, 11650, 12588, 12596, 14045, 14683, 17551, 17967, 18956, 19588, 20957, 20991, 22164, 22856, 24225, 24818, 25955, 26641, 27045, 28026, 28384, 29890, 29936, 30182, 30717, 30725, 30786, 30975, 30977, 30979, 31546, 32166, 32434, 32620, 33200, 33762, 34278, 34746, 37223, 37224, 38563, 39727, 40409, 41326, 45920, 46727, 47333, 48425, 51946, 53214, 56746, 60898, 61269, 65629, 66253, 66373, 67928, 69193, 69887, 70735, 70829, 72234, 75280, 75922, 75985, 77019, 79103, 80131, 81013, 81421, 81440, 82358, 82730, 82735, 88624, 89005, 92578, 97073, 98545, 99850, 101256, 107597, 109320, 112154, 112961, 121112, 123159, 125101, 131767, 131986, 136201, 145071, 145072, 145074, 145077, 151462, 151767, 169154, 170355, 172408, 180708, 187097, 196697, 196698, 201571, 219596, 251517, 253929, 255680, 258997, 277353, 279941, 290587, 292155, 292376, 411280, 433357, 588603, 1598250, 1783752]
4892	[23036, 28754, 61270, 181090]
4894	[7987, 32411, 38563, 70735, 74189, 83072, 192557, 346822, 529074]
4901	[331526, 352243, 498002]
4907	[78003, 99558, 239933]
4920	[4681, 6021, 6270, 6271, 7987, 8670, 8796, 9221, 9462, 10263, 10388, 11012, 12340, 12588, 12596, 14045, 14683, 16655, 17032, 17551, 17827, 17967, 18547, 18956, 18983, 19588, 20957, 20991, 22061, 22164, 22856, 22882, 24225, 24818, 25955, 26641, 27045, 28026, 28384, 29786, 29827, 29890, 29936, 30182, 30717, 30725, 30786, 30975, 30977, 30979, 31351, 31546, 32166, 32434, 32620, 33196, 33200, 33762, 34278, 34746, 37223, 37224, 38563, 39727, 40409, 41326, 42754, 45600, 46727, 47333, 47742, 48425, 48865, 51946, 52818, 53214, 55029, 56621, 56746, 60898, 61269, 61671, 65629, 66253, 66373, 67928, 69193, 69887, 70735, 71081, 72234, 74188, 74189, 75280, 75922, 75985, 77019, 79103, 80117, 80131, 80501, 81013, 81421, 81440, 82358, 82730, 82735, 83072, 85030, 88624, 89005, 92578, 96409, 97073, 98361, 98545, 98767, 99850, 101028, 101256, 103064, 107070, 107701, 109320, 112154, 112584, 112961, 120593, 121112, 123159, 125101, 131767, 131986, 136201, 145071, 145072, 145074, 145077, 150886, 151462, 151767, 153008, 154434, 159185, 162670, 169154, 170355, 171972, 172408, 180708, 180954, 187097, 196697, 196698, 201571, 219596, 219807, 221520, 233658, 243955, 245648, 251517, 253929, 255680, 255878, 256185, 258997, 262135, 272814, 277353, 278279, 279941, 289103, 290587, 292155, 292376, 293210, 346822, 396805, 411280, 433357, 501656, 529074, 588603, 1598250, 1783752]
4926	[1435045, 1439547, 2731854]
4927	[14185, 17047, 67930, 69193]
4928	[184430, 184432, 184706, 202092]
4929	[179709, 560491, 625607]
4930	[6270, 15885, 98545, 107597, 193603]
4937	[18799, 2014298, 2014300, 2536561]
4939	[65628, 67036, 213941]
4947	[52489, 53801, 269286, 311576, 788312, 1902889, 2009778]
4949	[1410051, 1410052, 1410053]
4968	[6773067, 6773068, 6773070]
4969	[477748, 1076843, 1259004, 1259005]
4976	[3405353, 3405354, 3405355]
4980	[6270, 15885, 28026, 30979, 75922, 98545, 107597, 121112, 145077, 193603]
4985	[6271, 15165, 26641, 30182, 32434, 81013, 92578, 98545, 120593, 145072, 145077, 196698, 253929, 277353, 411280]
4993	[10262, 23035, 32411, 34829, 69887, 70735, 74188, 80092, 90494, 103064, 103387, 110283, 112154, 124506, 125101, 139982, 180708, 223131, 353675, 920105, 946953, 1006144, 2295150, 2650440, 7263792]
5005	[68944, 291369, 621179, 1311788, 1311789]
5007	[17033, 32166, 34746, 36202, 60916, 108907, 123441, 155154, 169574, 180921, 198252, 201378, 238213, 251592, 335134, 642359]
5009	[52489, 53801, 81857, 269286, 311576, 581758, 1902889, 2009778]
5018	[56675, 342906, 423746, 423761, 428608, 534485, 621203, 1872170, 2830399, 2986413, 2986427]
5023	[15501, 84237, 287307, 437199, 441793, 1207122]
5024	[30975, 82365, 532167]
5025	[8796, 30092, 55646]
5026	[17033, 32434, 34746, 36202, 44951, 108907, 162108, 222072, 238213]
5034	[303471, 627320, 4123442]
5048	[3477, 38863, 66916, 102325, 110253, 113673, 144998, 180921, 180926, 256267, 508629]
5049	[22061, 27501, 58981, 73282, 155798, 216847, 226091, 603330, 923308, 2003044, 2003045, 2736959, 4801626]
5063	[423756, 621179, 707717, 707721, 948683, 1125365, 1716021, 2781947, 2986413, 2986427]
5076	[10262, 23035, 32411, 34829, 69887, 70735, 74188, 80092, 90494, 103064, 103387, 112154, 124506, 125101, 139982, 180708, 223131, 920105, 946953, 1006144, 2295150, 2650440, 7263792]
5079	[3480, 5087, 27501, 58981, 146063, 155798, 226091, 603330, 2002821, 2002822, 4801626]
5083	[1448595, 1593511, 5027856]
5086	[322000, 382721, 602231]
5090	[3476, 3480, 48582]
5094	[29237, 87128, 151767, 383839, 617373, 1739212]
5100	[198935, 243455, 378738]
5101	[736245, 905818, 1370714]
5102	[24072, 29262, 164790]
5107	[593, 581383, 4355196]
5110	[211826, 252645, 918090, 1094988]
5117	[82358, 99511, 991435]
5118	[7883, 10343, 15150, 24165, 26054, 34829, 53889, 62589, 76045, 95927, 148843, 153526, 177974, 226821, 293706, 396497, 536570, 3042278]
5120	[7987, 10384, 12588, 23036, 27937, 29890, 38563, 46481, 74187, 98361, 98767, 153677, 168370, 180708, 180954, 201571, 219807, 272814, 289103]
5124	[18983, 30979, 37413]
5140	[6270, 14683, 15165, 26641, 30182, 32434, 81013, 92578, 98545, 101256, 112154, 145077, 196698, 277353, 411280]
5143	[76122, 725025, 5888924]
5144	[191271, 621178, 6776484, 7537321, 7647841]
5147	[14683, 17046, 19588, 21560, 29819, 30979, 31929, 34746, 36202, 40155, 47875, 60316, 60898, 66373, 67929, 81421, 88624, 112154, 238213]
5148	[627903, 846450, 2154831, 2219740, 3171879, 7452676]
5153	[171886, 1048976, 3350815]
5159	[6270, 6271, 7987, 8670, 10388, 12596, 14683, 17551, 17967, 18956, 20957, 20991, 22061, 22164, 22856, 24818, 25955, 26641, 27045, 28026, 29936, 30182, 30717, 30725, 30786, 30977, 30979, 31546, 32166, 32434, 33200, 34278, 34746, 37223, 37224, 38563, 39727, 41326, 45920, 46727, 47333, 48425, 51946, 56746, 60898, 61269, 65629, 67928, 69193, 70735, 72234, 75922, 77019, 79103, 80131, 81013, 81421, 81440, 82358, 82730, 82735, 88624, 92578, 97073, 98545, 101256, 109320, 112154, 112961, 121112, 123159, 131767, 136201, 145071, 145072, 145074, 145077, 169154, 170355, 187097, 196697, 196698, 219596, 251517, 255680, 258997, 277353, 290587, 292155, 292376, 411280, 433357, 588603, 1598250]
5167	[10262, 11012, 30719, 34829, 70829, 71081, 110283, 112584, 180939, 217272, 251595, 256185, 290122, 521952, 1136728]
5172	[281535, 481472, 481473]
5173	[2725, 3479, 4654, 6270, 10355, 13408, 14683, 17034, 17967, 20560, 20957, 22164, 22856, 23036, 24165, 24230, 24818, 25955, 27045, 28026, 29827, 30146, 30719, 30725, 30786, 30979, 32434, 33200, 34746, 37224, 39727, 42907, 47333, 47512, 51946, 55594, 56746, 60898, 65629, 67928, 69193, 75922, 76045, 77019, 79103, 81421, 81440, 82358, 87814, 88606, 88624, 101256, 104917, 112154, 131767, 136201, 153526, 154434, 154614, 162670, 177974, 179059, 187097, 201571, 217549, 250959, 293706, 301570, 421723, 433357, 528641, 636900, 990873]
5174	[246618, 830958, 1649673]
5182	[6397, 252641, 252645, 253084]
5184	[2725, 3479, 4654, 6274, 10355, 13408, 14898, 17034, 17203, 18547, 18983, 19588, 20560, 23036, 24165, 24230, 24444, 28332, 28754, 29815, 29827, 30146, 30148, 30719, 32620, 39727, 40301, 47512, 51067, 52318, 56746, 60454, 60898, 62643, 66373, 70397, 81421, 87814, 88606, 88624, 89005, 100039, 104917, 115465, 126430, 140554, 153526, 154434, 154614, 172671, 177974, 179059, 201571, 217549, 226821, 250959, 283543, 293706, 301570, 396805, 400352, 421723, 528641, 636900, 889875, 990873, 991263, 1000853, 1000957]
5186	[1030987, 2057535, 2981877, 2986413, 2986561, 4561684]
5198	[227674, 269534, 330529]
5203	[2725, 3479, 4654, 6270, 10355, 13408, 14683, 17034, 17967, 20560, 20957, 22164, 22856, 23036, 24165, 24230, 24818, 25955, 27045, 28026, 29827, 30146, 30719, 30725, 30786, 30979, 32434, 33200, 34746, 37224, 39727, 42907, 47333, 47512, 51946, 55594, 56746, 60898, 65629, 67928, 69193, 75922, 76045, 77019, 79103, 81421, 81440, 82358, 87814, 88606, 88624, 101256, 104917, 112154, 131767, 136201, 153526, 154434, 154614, 162670, 177974, 179059, 187097, 201571, 217549, 250959, 293706, 301570, 421723, 433357, 528641, 636900]
5205	[4969, 5049, 10352, 11202, 13674, 14213, 18509, 19004, 19111, 23698, 24050, 29040, 33931, 47952, 47971, 49839, 53036, 54440, 85421, 88469, 111943, 112009, 118530, 124280, 124281, 124282, 124283, 130829, 130834, 132714, 132794, 147287, 153190, 179824, 210484, 210485, 210930, 241754, 254919, 263485, 264772, 268517, 293706, 305681, 306056, 363710, 363736, 409526, 422096, 512866, 526181, 580064, 704706, 725678, 725682, 725708, 740575, 829027, 893554, 914683, 1158893, 1280029, 1874019, 2358977, 2358978, 2359582, 6868902]
5212	[256285, 325085, 391675]
5215	[6271, 8670, 10388, 28972, 41326, 279941]
5218	[4969, 5049, 10352, 11202, 13674, 14213, 18509, 19004, 19111, 23698, 24050, 29040, 33931, 47952, 47971, 49839, 53036, 54440, 85421, 88469, 111943, 112009, 118530, 124280, 124281, 124282, 124283, 130829, 130834, 132794, 147287, 153190, 179824, 210484, 210485, 210930, 241754, 254919, 263485, 264772, 268517, 293706, 305681, 306056, 363710, 363736, 409526, 422096, 526181, 580064, 704706, 725678, 725682, 725708, 740575, 829027, 893554, 914683, 1158893, 1280029, 1874019, 2358977, 2358978, 2359582, 6868902]
5219	[68944, 291369, 1311788, 1311789]
5225	[2725, 3479, 4654, 10355, 13408, 17034, 20560, 23036, 24165, 24230, 30146, 30719, 47512, 56746, 81421, 87814, 88606, 104917, 153526, 154434, 154614, 179059, 201571, 217549, 250959, 293706, 301570, 421723, 528641, 636900]
5227	[944821, 2501482, 2519293]
5228	[22061, 58981, 73282, 155798, 216847, 226091, 603330, 923308, 2003044, 2003045, 2736959, 4801626]
5236	[939358, 1640035, 2111071]
5242	[3479, 4654, 14898, 17203, 18547, 20560, 24444, 28332, 30148, 40301, 47512, 51067, 52318, 62643, 88606, 89005, 100039, 126430, 153526, 154614, 250959, 283543, 293706, 636900, 990873, 1000853, 1000957]
5245	[4654, 10592, 16533, 21906, 37413, 47512, 51067, 64796, 79944, 87814, 154614, 156371, 172620, 250959, 264419, 557873]
5246	[51857, 152402, 269287, 292670, 322000, 410630, 788312, 1041832, 1311087, 1730124]
5248	[32411, 80092, 103387, 125101, 139982, 223131, 920105, 946953, 1006144, 2295150, 2650440, 7263792]
5254	[2725, 8670, 10262, 10384, 10388, 23036, 27937, 31546, 34829, 38563, 56746, 57375, 85929, 168370, 227674, 233658, 293210, 423954, 4131572]
5258	[1818, 3477, 3865, 6063, 10529, 11012, 12803, 17640, 17957, 19588, 29806, 29890, 30979, 33762, 37735, 38863, 44561, 66373, 66916, 70829, 75922, 84644, 102325, 131986, 144998, 146284, 172620, 187097]
5268	[485719, 3412852, 4286112]
5272	[147754, 732343, 732346]
5273	[16655, 51979, 66253, 75280, 107070, 248501, 313293]
5277	[4969, 10352, 11202, 13674, 18509, 19004, 19111, 23698, 24050, 24495, 29040, 47952, 54440, 85421, 88469, 111943, 112009, 118530, 124280, 124282, 124283, 130829, 130834, 132714, 147287, 153190, 179824, 193545, 198408, 210484, 210485, 210930, 241754, 263485, 268517, 287266, 293706, 301194, 305681, 306056, 363710, 363736, 422096, 512866, 580064, 704706, 740575, 829027, 893554, 914683, 1158893, 1280029, 1874019, 2358977, 2359582, 6868902]
5280	[51946, 51947, 51948]
5282	[6271, 8670, 10388, 16655, 17551, 26641, 27502, 28972, 30717, 30977, 32166, 46727, 48425, 53214, 75280, 92578, 96409, 107070, 145074, 170355, 242415, 248501, 251517, 253929, 279941, 313293, 900401, 1221010]
5285	[22164, 145643, 228862, 313742, 765864]
5289	[7987, 22854, 22882, 29786, 30117, 38563, 42754, 45600, 55029, 71081, 74188, 80501, 85030, 103064, 107070, 107701, 112584, 125101, 171972, 177974, 243955, 256185, 374018]
5292	[536811, 536812, 944135]
5295	[4969, 10352, 11202, 13674, 18509, 19111, 23698, 24050, 24495, 29040, 47952, 54440, 85421, 88469, 111943, 112009, 118530, 124280, 124283, 130829, 130834, 132714, 147287, 153190, 179824, 193545, 198408, 210484, 210485, 210930, 241754, 263485, 268517, 287266, 293706, 301194, 305681, 306056, 363710, 363736, 422096, 512866, 704706, 740575, 829027, 893554, 914683, 1158893, 1280029, 1874019, 2358977, 2359582, 6868902]
5298	[6270, 9221, 9461, 10529, 11650, 12596, 14045, 14683, 15885, 16655, 17967, 19588, 20957, 22164, 25578, 26641, 28026, 30786, 30975, 30979, 32620, 33762, 34278, 37224, 39727, 40409, 41081, 47742, 48425, 48865, 51633, 51946, 53248, 55804, 61269, 65629, 66373, 67928, 69193, 75922, 79131, 80117, 80130, 81421, 81440, 82730, 87818, 89005, 92578, 96409, 98545, 99850, 101256, 107597, 112154, 121112, 131767, 131986, 146284, 151458, 153008, 153020, 155116, 187097, 193603, 221520, 292155, 292376, 686173, 2071281]
5299	[4654, 17203, 18983, 28332, 28754, 29815, 40301, 60454, 70397, 89005, 115465, 140554, 153526, 172671, 226821, 250959, 293706, 396805, 400352, 636900, 889875]
5303	[3479, 4654, 14898, 18547, 20560, 24444, 30148, 51067, 52318, 62643, 88606, 89005, 100039, 126430, 153526, 250959, 283543, 293706, 636900, 990873, 1000853, 1000957]
5306	[4969, 5049, 10352, 11202, 14213, 18509, 19004, 19111, 24050, 29040, 33931, 47952, 47971, 49839, 53036, 54440, 85421, 88469, 111943, 112009, 124280, 124281, 124282, 124283, 130829, 130834, 132794, 153190, 179824, 210484, 210485, 210930, 241754, 254919, 263485, 264772, 268517, 293706, 305681, 363736, 409526, 422096, 526181, 580064, 704706, 725678, 725682, 725708, 740575, 829027, 893554, 914683, 1158893, 1280029, 1874019, 2358977, 2358978, 6868902]
5307	[17967, 19588, 20957, 22164, 26641, 28026, 29936, 30786, 32620, 37224, 39727, 44125, 48404, 48425, 51946, 61588, 65629, 66373, 67928, 69193, 73202, 75985, 89005, 92578, 99850, 132935, 153008, 169154, 174523, 218922, 258997, 278279, 588603]
5308	[4205, 6270, 6271, 7987, 8670, 9221, 10388, 10529, 11012, 12596, 13151, 14683, 16655, 17551, 18666, 18956, 19588, 20991, 26641, 27518, 29890, 30182, 30717, 30977, 30979, 31546, 32166, 32434, 34278, 36202, 37223, 37413, 38563, 39768, 40409, 41222, 41326, 45063, 45920, 46727, 48413, 48425, 48440, 56621, 56746, 60898, 61269, 64664, 66373, 66385, 70829, 72234, 75922, 75985, 80121, 80131, 81013, 81421, 82730, 82735, 84669, 88624, 89630, 92578, 96409, 97073, 98545, 99850, 105986, 109320, 110283, 112154, 112961, 121112, 122458, 123159, 131987, 134572, 136280, 142065, 145071, 145072, 145074, 145077, 146284, 146286, 153008, 153073, 170355, 187011, 187097, 192160, 196697, 196698, 213941, 218602, 219596, 227469, 235979, 242515, 251517, 253929, 255680, 277353, 290587, 292155, 292376, 411280, 636900, 1258974, 1598250, 2597337]
5322	[4969, 5049, 11202, 14213, 18509, 19004, 19111, 24050, 29040, 33931, 47952, 47971, 49839, 53036, 54440, 85421, 88469, 111943, 112009, 124280, 124281, 124282, 124283, 130829, 130834, 132794, 153190, 179824, 210484, 210485, 210930, 241754, 254919, 263485, 264772, 268517, 293706, 305681, 363736, 409526, 422096, 526181, 580064, 704706, 725678, 725682, 725708, 740575, 829027, 893554, 914683, 1158893, 1280029, 1874019, 2358977, 2358978, 6868902]
5323	[6270, 12596, 14045, 14683, 16655, 17967, 19588, 20957, 22164, 22856, 24818, 25955, 26641, 27045, 28026, 29936, 30725, 30786, 30975, 30979, 32434, 32620, 33200, 33762, 34746, 37224, 39727, 47333, 47742, 48425, 48865, 51946, 60898, 65629, 66373, 67928, 69193, 75922, 75985, 77019, 79103, 80117, 81421, 81440, 82358, 88624, 89005, 92578, 96409, 98545, 99850, 101256, 112154, 121112, 131767, 131986, 136201, 145077, 146284, 153008, 169154, 187097, 221520, 258997, 278279, 292155, 411280, 433357, 588603]
5328	[11325, 65623, 65713, 74890, 74891, 74894, 199294, 199295, 232626, 232629, 312746, 314730, 314731, 458531, 458539, 555743, 691308, 695369, 7141757, 7141758, 7141759]
5331	[3479, 4654, 14898, 18547, 20560, 24444, 30148, 51067, 52318, 62643, 88606, 89005, 100039, 126430, 250959, 283543, 636900, 990873, 1000853, 1000957]
5333	[6270, 6271, 9221, 10388, 12596, 14683, 17551, 18956, 20991, 26641, 30182, 30717, 30975, 30977, 31546, 32166, 32434, 34278, 37223, 40409, 41326, 46727, 48425, 56746, 61269, 72234, 75922, 80131, 81013, 82730, 82735, 92578, 97073, 98545, 101256, 112154, 112961, 121112, 123159, 145071, 145072, 145074, 145077, 170355, 196697, 196698, 219596, 251517, 253929, 255680, 277353, 290587, 292155, 292376, 411280, 1598250]
5335	[6270, 6271, 7987, 14683, 16655, 17551, 26641, 30717, 37413, 38563, 39768, 41222, 45063, 46727, 48413, 48425, 48727, 56621, 64664, 80121, 80128, 84669, 92578, 96409, 109320, 112154, 122458, 136280, 145074, 153073, 170355, 218602, 235979, 253929, 636900]
5336	[6270, 9461, 11650, 15885, 19588, 28026, 30979, 41081, 51633, 53248, 55804, 66373, 67928, 75922, 79131, 80130, 87818, 107597, 121112, 146284, 151458, 153020, 155116, 193603, 686173, 2071281]
5337	[6270, 12596, 14045, 16655, 17967, 19588, 20957, 22164, 26641, 28026, 29936, 30975, 30979, 32620, 33762, 37224, 39727, 47742, 48425, 48865, 51946, 60898, 65629, 66373, 69193, 75922, 75985, 80117, 81421, 81440, 88624, 89005, 92578, 96409, 98545, 99850, 121112, 131767, 131986, 145077, 153008, 169154, 221520, 258997, 292155, 411280, 588603]
5341	[6270, 6271, 7987, 8670, 9221, 10388, 10529, 11012, 12596, 14683, 17551, 18666, 18956, 19588, 20991, 26641, 27518, 30182, 30717, 30977, 30979, 31546, 32166, 32434, 34278, 37223, 37413, 38563, 40409, 41326, 45920, 46727, 48425, 48440, 56746, 61269, 66373, 70829, 72234, 75922, 75985, 80131, 81013, 82730, 82735, 89630, 92578, 97073, 98545, 99850, 105986, 109320, 110283, 112154, 112961, 121112, 123159, 131987, 134572, 142065, 145071, 145072, 145074, 145077, 146286, 170355, 187011, 192160, 196697, 196698, 219596, 242515, 251517, 255680, 277353, 290587, 292155, 292376, 411280, 1258974, 1598250, 2597337]
5342	[216198, 530390, 1625938]
5345	[13932, 45595, 282476, 1824668, 2079932, 2415273]
5349	[32411, 80092, 103387, 125101, 139982, 223131, 920105, 946953, 1006144, 2295150, 7263792]
5352	[4654, 17203, 18983, 28332, 28754, 29815, 40301, 60454, 70397, 89005, 115465, 140554, 172671, 226821, 250959, 396805, 400352, 636900, 889875]
5354	[7987, 9221, 10529, 11012, 14683, 18666, 27518, 30979, 40409, 45920, 48440, 70829, 89630, 99850, 105986, 109320, 131987, 134572, 142065, 146286, 187011, 192160, 242515, 292376, 1258974, 2597337]
5358	[24444, 43281, 45920, 126919, 299966, 312014, 380856, 380870, 1167441]
5361	[92234, 251258, 296935]
5362	[51853, 355859, 384739]
5363	[17203, 18983, 28332, 28754, 29815, 40301, 60454, 70397, 89005, 115465, 140554, 172671, 226821, 250959, 396805, 400352, 636900, 889875]
5365	[1818, 3477, 3865, 6063, 12803, 17640, 17957, 29806, 29890, 33762, 37735, 44561, 66916, 75922, 84644, 102325, 144998, 172620, 187097]
5368	[4969, 11202, 18509, 19111, 29040, 54440, 85421, 88469, 111943, 124280, 124283, 130829, 130834, 179824, 210484, 210485, 210930, 241754, 263485, 268517, 293706, 305681, 363736, 422096, 740575, 893554, 914683, 1158893, 1280029, 1874019, 2358977]
5369	[22061, 73282, 155798, 216847, 226091, 603330, 923308, 2003044, 2003045, 2736959, 4801626]
5371	[17131, 273971, 3623718]
5372	[380532, 499861, 689389, 752618, 814211, 882602, 882604, 1679463, 1859800, 2309180, 3437103, 3731822, 3750856, 4061508, 4436553, 5649389, 5649390, 5649392, 5649393, 5649394, 5649395, 5649396, 5649397, 5649398, 5649399]
