1	[55080, 83904, 166320]
10	[32201, 179366, 228408]
29	[76028, 177340, 207945, 899517]
30	[16406, 6181509, 6181511]
56	[184439, 184440, 184441, 184712]
59	[153980, 170355, 410038]
366	[76028, 110593, 732482]
527	[10081, 5455066, 7262188]
528	[15900, 61499, 1736801]
540	[32181, 109661, 188810]
592	[130243, 368085, 1777178]
597	[22946, 26955, 253245, 284188, 312208, 511495, 808883, 878387]
676	[347276, 1059683, 2035499]
771	[154028, 1043775, 1132706]
819	[3865, 872312, 1421378]
820	[430553, 630957, 2360753]
1020	[84643, 182998, 1728735]
1022	[10360, 256779, 256780]
1046	[235031, 235032, 235033]
1050	[191271, 926682, 1781229]
1053	[32191, 32192, 91511]
1069	[41408, 474083, 728829]
1092	[13774, 830694, 894994]
1172	[10360, 256777, 256782]
1294	[29936, 323172, 950650]
1321	[48392, 48413, 84101]
1556	[10552, 17589, 107598, 1337172]
1580	[17546, 370971, 1211833]
1627	[7027, 60316, 274718]
1680	[26050, 211886, 1317839]
1728	[3476, 121607, 916708]
2272	[3474, 42180, 194498]
2394	[3898, 11201, 637432]
2867	[1835, 324987, 457786]
3181	[391, 187134, 190997]
5120	[2725, 30146, 421723]
5679	[2705, 59247, 4961642]
6787	[593, 608322, 710043, 1919103]
7371	[1425, 132714, 178941]
8596	[634, 105272, 363512]
8760	[2266, 97835, 386320]
8885	[634, 16388, 23858]
10593	[322000, 351845, 351846, 2012295]
10849	[2725, 9772, 204965]
13023	[162989, 648964, 648965, 651294, 857257, 1484827, 1760384, 1760465, 1760466, 1760467]
13067	[5311140, 5311148, 5666831, 5666876]
13353	[98168, 254706, 314078, 326179, 657996, 722165, 722170, 931517, 1289323, 1517794, 1700194, 1794023, 2257802, 4280374, 5989845, 5989846, 5989847, 7179412, 7179413, 7179414, 7179415]
13403	[56675, 73721, 302565, 423740, 490162, 948683, 1031007, 1031009, 1311788, 2058551, 2058652]
13480	[2704, 29001, 4053754]
13489	[391, 99731, 123904]
13673	[207103, 651295, 651298, 651299, 2121978, 2356116, 2788892]
14982	[3474, 86074, 573833]
15047	[240099, 627903, 846450, 2575106, 4329770, 6402299, 6969033, 6970684]
15168	[45672, 254010, 283148, 546337, 612304, 612307, 810431, 812187, 866969, 1137476, 1383483, 3306479]
15287	[5125, 38794, 76588, 93692, 251679, 252616, 253257, 254012, 254268, 257143, 260860, 261365, 262795, 266101, 266103, 362094, 483740, 557840, 568225, 782574, 940670, 1725564, 1888081]
15291	[7035, 8760, 23394, 25767, 28795, 30542, 31964, 41650, 42488, 64601, 380875, 573804]
15294	[1346341, 1553670, 2710422, 2776247, 2942382, 3329253, 4045307, 4114679, 4114680, 4201536, 4201541, 4201543, 4201544, 4499630, 4499631, 4499632, 4499633, 4499634, 4499635, 4499636, 4499637, 4499638, 4499639, 4499640, 4499641, 4499642, 4499643, 4499644, 4499645, 6028557]
15316	[484425, 487670, 487731, 490414, 1149857, 1500394, 1589181, 1632448]
15331	[26166, 150354, 180276, 280165, 457931, 720082, 1929096, 2122068, 3004278, 3916863, 3916866, 3916868, 3916872, 3916874, 3916877, 3916879, 3916880, 3916885, 5015661, 6340495]
15333	[3288, 6692, 7247, 19769, 19771, 19776, 44952, 289207]
15334	[101508, 203661, 203662, 283326, 448570, 448571, 455939, 455940, 455943, 522487, 531494, 531495, 531496, 531497, 531499, 531500, 531501, 531502, 532918, 5505124]
15339	[38233, 98545, 101113, 143894, 189718, 190634, 314738, 336169, 336172, 336173, 336175]
15342	[11202, 17926, 25413, 38794, 129885, 151942, 154588, 231270, 483088, 701542, 719005, 719007, 1701302]
15348	[32192, 91570, 586799, 2467901]
15349	[162978, 363901, 595393, 672283, 736225, 802137, 865671, 865672, 865674, 894037, 906678, 966190, 988115, 1430737, 2626381, 2626382, 2700833, 3403693]
15356	[4347, 6092, 15585, 16430, 23005, 81252, 155506, 204063, 346911, 359622, 499256, 714054, 760097, 1072037, 1502810, 3475320]
15380	[83075, 259812, 268200, 350475, 379619, 478271, 557171, 601473, 1029783, 1061744, 1490863, 1527090]
15385	[426581, 1526725, 1527839, 1925964, 1925965, 1925966, 1925967, 1925968, 1925969, 1925970, 1925971, 1925972, 1925973, 1925974, 1925975, 1925977, 1925978, 1925979, 1925980, 1925982]
15416	[482482, 493503, 618538, 618544, 618549, 689293, 689305, 689306, 692557, 692589, 692602, 692609, 793732, 924341, 924475, 3872077, 4051242]
15427	[27414, 47103, 552150, 636071, 771984, 1087641, 1090387, 1090388, 1090389, 1090390, 1090391, 1090392, 2485731]
15433	[32096, 81183, 83223, 89010, 138231, 149647, 207315, 242987, 577434, 583581, 997393, 2719013, 3561691, 3561693, 3561694, 3561695, 3561696, 3561697, 7573544]
15437	[2228, 11202, 17926, 25413, 38794, 129885, 151942, 154588, 231270, 483088, 701542, 719005, 719007, 1701302]
15443	[84862, 130333, 336053, 561465]
15449	[17199, 24120, 44288, 45677, 49143, 55965, 78003, 88468, 117937, 251655, 281030, 284765, 306514, 323328, 323613, 555351, 695016, 1159616, 6712716]
15452	[924484, 1389451, 1389452, 1389453, 1389454, 1389455, 1389456, 1389458, 1389459, 1389460, 1389461, 1389462, 5489719]
15453	[83904, 261834, 279629, 287108, 287109, 287110, 371806]
15458	[737204, 903236, 1048662, 1677459, 1677462, 1679139, 2378832]
15460	[2769, 25413, 50237, 96303, 128624, 147821, 147822, 147823, 147825, 147826, 147827, 243573]
15463	[2123763, 2540258, 3331563, 3331569, 4528004, 4622987, 4715016, 5553113, 5613560, 6275616, 6505263, 6909072]
15465	[1458, 4093, 30915, 55074, 57585, 67042, 67224, 87637, 178574, 192131, 203740, 426668, 3265278]
15471	[13783, 41232, 49904, 110089, 149699, 149700]
15475	[733409, 877348, 1115907, 1511753, 1555380, 2071294, 2071296, 2071327, 2071328, 4148543, 4781814]
15479	[57103, 376958, 395053, 402981, 402986, 444441, 1123523, 1132255]
15483	[886748, 886768, 936111, 1114525, 1336219, 1336220, 1698847, 2056576, 2538576, 2538577, 2540208, 4320155, 4320156, 4320157]
15485	[868, 1705, 3133, 6086, 12580, 17928, 36969, 47677, 50705]
15487	[712305, 1242928, 1242946, 1242949, 1242950, 1242953, 1242955, 1242959, 1242960, 1242961, 1242963, 2769003]
15490	[25477, 84048, 84056, 109886, 150681, 178049, 208521, 261771, 343305, 365763, 566288, 888293, 914680, 914681, 914682, 914683]
15492	[642322, 1204634, 1782399, 1867448, 2981388]
15497	[3470, 30148, 75999, 128720, 170575]
15500	[149103, 275140, 1866630, 1866631, 1866633, 1866634]
15515	[126946, 257050, 300883, 608577, 1928672, 3757677, 3757678, 3757679, 3757680, 3757681, 3757682, 3757683, 3757684, 3757685, 3757686]
15518	[302565, 423740, 490162, 1031007]
15520	[159181, 228899, 247254, 286819, 294403, 296297, 314994, 314995, 314996, 314997, 314998, 314999, 315000, 325718]
15521	[2670238, 2832024, 2832025, 2832026, 2832027, 2832028, 2832029, 2832030]
15534	[160335, 289744, 534222, 577028, 1405112, 1421423, 2330707, 2330708, 2330709, 2330710, 2357677]
15536	[74213, 201620, 201633, 224839, 225165, 590225]
15538	[3272, 41035, 933985, 1894100, 2064607, 2173800, 2607164, 3523321, 3523322, 3523323, 3523324, 3523325, 3523326]
15542	[1104, 6708, 7035, 31961, 41650, 63347, 89374, 188822, 195171, 216449, 521724, 534027]
15543	[929404, 1324300, 3284265, 3284266, 3284267, 3284268, 3284269, 3284270, 3284271, 3284272, 5519799, 5519800]
15548	[107171, 184314, 233853, 264838, 264839, 264840, 264841, 264842, 6052929]
15549	[27211, 114118, 287517, 467359, 511820, 586892, 586894]
15554	[7035, 8760, 23394, 25767, 28795, 30542, 31964, 41650, 42488, 64601, 144439]
15558	[715479, 3179286, 6330621, 6330622, 6330623, 6330624, 6330625, 6330626, 6330627, 6330628, 6330629, 6330630, 6330631, 6330632]
15568	[50092, 352700, 431497, 2660322, 4022829, 5832608]
15569	[1094881, 2673975, 3182718, 4007957, 4007958, 4007959, 4007960, 4007961, 4007962, 5081773, 5081774, 5081775, 5081776, 5081777, 5081778]
15570	[19762, 19766, 19796, 30897, 36195, 36200, 36247, 59556, 66839, 80121, 87151, 89434, 92980, 93056, 117506, 137184, 201877, 215582, 270073, 284858, 308054, 401948, 573804, 985906, 1212937, 3035121]
15577	[75663, 75671, 180895, 205002, 247013, 326697, 393722, 405463, 416511, 516438, 577100, 994729]
15578	[6268, 36663, 98744, 154046]
15579	[23446, 24778, 46765, 47025, 67214, 120152, 146484, 283256]
15582	[26997, 33931, 100685, 142992, 144927, 180275, 180279, 496253, 555832, 681461, 1481553]
15584	[49842, 76936, 182052, 490806, 818800, 1150901, 1518955]
15585	[140370, 334953, 336464, 351131, 466101, 466129]
15591	[1510341, 3237440, 3237441, 3237442, 3237443, 3237444, 3237445, 3237446, 3237447, 3237448, 3237449, 3237451, 3237452, 3237453, 3237455, 3237456, 3695434, 3695435]
15592	[149433, 361406, 1157554, 1342087, 1557241, 1585669, 1622598, 1633354, 2596603, 2639621, 3308093, 3723480, 3741912, 3741913, 3741914]
15602	[39414, 152682, 229195, 240195, 252524, 259812, 286806, 468717, 1419045, 1591107, 1680717, 3468469]
15609	[234704, 462716, 2303525, 2364759, 2829363, 3021139, 3856474, 3856475]
15617	[2264, 6520, 8024, 11737, 13932, 24221, 26912, 32620, 35055, 39771, 44581, 46764, 64801, 75928, 86075, 86163, 89433, 91809, 96114, 98545, 110089, 110290, 113230, 124489, 135866, 137813, 248936, 349779, 814534, 1120863, 1142238]
15622	[95089, 105272, 115686, 766272, 954055]
15623	[1044124, 1512366, 2664096, 2710910, 3398228, 3427821, 3748665, 3795415, 3974107, 4054037, 4166439, 4536219, 4536220]
15624	[5042221, 5042222, 5042223, 5042224, 5042225, 5042226, 5042227, 5042228, 5042229, 5042230, 5042231, 5042232]
15629	[132492, 196064, 290113, 990252, 1105029, 1474206, 3214334, 3687446, 4348173]
15636	[711613, 987449, 1455567]
15640	[63388, 89241, 89245, 124169]
15643	[223687, 533580, 569232, 597440, 728837, 794663, 796542, 966140, 1019292, 1020165, 1020166, 1020167]
15644	[142217, 303935, 397418, 461927, 827025, 827026, 827027, 827028, 827029, 827030, 2122797, 2776866]
15645	[53539, 63077, 82356, 100707, 111333, 112966, 232595]
15647	[328431, 425332, 607788, 611091, 645155, 648662]
15652	[123904, 208364, 756422, 1887485, 1887486, 1887487, 4643215, 4643216, 7431299]
15653	[98922, 149038, 266246, 440765, 546143, 547323, 604465, 1174027, 1371065]
15654	[215402, 408134, 6614071, 6625168, 6625169, 6625175]
15655	[61660, 63462, 112807, 142209, 153488, 1206845, 3909383]
15656	[15583, 178574, 256245, 278800]
15658	[6708, 18033, 352872, 352874, 439801]
15661	[376360, 2014301, 3205634, 3205635]
15663	[5873, 6274, 8760, 10389, 11419, 19761, 24170, 28795, 30542, 30786, 30897, 35055, 36208, 36214, 41650, 47333, 47841, 48245, 53539, 57477, 63077, 64601, 71081, 79091, 81440, 82834, 86163, 87026, 89434, 89638, 89643, 92978, 98882, 100707, 100713, 111333, 112966, 118256, 136523, 141880, 173030, 178572, 232595, 353525, 366026, 385189, 1469148]
15687	[15562, 147582, 186916, 220114, 224382, 283642, 294788, 536493, 567058, 859319, 1018296, 1225911, 1689269, 1706707, 2467585, 6454474, 6454475]
15689	[8024, 32620, 39771, 51830, 91809, 110290, 113230, 135866, 137813, 349779, 814534, 1120863, 1142238, 1521697]
15691	[1243145, 1434095, 1541140, 3319215, 3472723]
15692	[12974, 161586, 197325, 208529]
15694	[1835, 2264, 2266, 2714, 2725, 2968, 4654, 5873, 6273, 6518, 6520, 8024, 8760, 10263, 10383, 10582, 10933, 11012, 11737, 12136, 12803, 13820, 13932, 14099, 14783, 16807, 16992, 17015, 17640, 17743, 17967, 21913, 23394, 24221, 26912, 28795, 29718, 30542, 30897, 31961, 32990, 33762, 35022, 35055, 36628, 38863, 40336, 40899, 41266, 42191, 44581, 46304, 46373, 46764, 47333, 47946, 48686, 48863, 49904, 52771, 53259, 56348, 57477, 59556, 59804, 61822, 64801, 65421, 65957, 66839, 69005, 69722, 71081, 73689, 74188, 75928, 77019, 86075, 86094, 86163, 88517, 88835, 90598, 96114, 96147, 98545, 106467, 106474, 109154, 114483, 114968, 117224, 120883, 124489, 124506, 124541, 125410, 133988, 142459, 151304, 157990, 178572, 180517, 196421, 201571, 201658, 219213, 245159, 255292, 257793, 260740, 269534, 573804]
15696	[322000, 351845, 351846]
15700	[15885, 151964, 185707, 376671, 1697735, 2329853]
15701	[310951, 310953, 451298, 997599, 1045886, 2693491, 2707574, 3693670, 5910208]
15702	[83232, 196875, 196877, 196878, 196879, 196881, 196882, 196883, 196884, 254963, 401319, 404009, 1779537]
15705	[61486, 302709, 431503, 711612, 711613, 711614, 987449, 1621171, 2223785]
15707	[48245, 376671, 511976, 1214550]
15713	[4507668, 4714901, 4714985, 4715007, 5553102, 5553105, 5557464, 5613567, 6110174, 6521379, 6557983, 6898636, 6898637, 6898639, 6898640]
15715	[262968, 340116, 340117, 430625]
15717	[5087, 23166, 384430, 984228, 2666747, 2666748, 2666749]
15722	[65813, 135795, 146641, 180279, 239933, 366111, 538745, 1016458, 1016459, 2096008]
15724	[43281, 97549, 1049323, 1790152]
15727	[1353610, 1728724, 2037288, 2037289, 2242487, 2242488, 4607180, 4797856, 4797857, 4797858]
15733	[1488562, 3101365, 3656097, 4673001, 4673004, 4673005, 4673006, 4673008, 4673011, 4673015, 4673016, 4673018]
15735	[7297, 44618, 69719, 629428, 749860, 1377073, 1625098]
15742	[1415974, 2259672, 2322807, 3304420, 5192030]
15749	[221215, 308912, 549483, 4023356, 4023357, 4023364]
15756	[7552, 108687, 267066, 360329, 507458, 1382492]
15759	[751659, 983917, 1793332, 2155138]
15767	[8953, 21249, 37950, 54229, 72296, 75506]
15768	[39294, 63347, 88679, 88683, 188822, 195171, 216449, 534027]
15769	[6575422, 6897764, 6897765, 6897766, 6897769, 6897772, 6897774, 6897783, 6897784, 6897792, 6897795, 6897799]
15770	[22720, 60236, 117017, 149103, 173967, 191113, 197399, 216157, 232607, 333311, 379757, 910684, 976212]
15778	[51338, 51417, 76813, 76814, 76815, 76816, 76819, 76824, 279960, 4709340]
15780	[78, 15118, 55839, 83723, 232990, 241833, 276520, 311165]
15784	[90032, 270317, 868450, 2137408, 4047047]
15786	[50714, 79941, 83609, 90184, 175760, 295035, 340677, 366441, 417801, 701610, 788201, 788202]
15789	[894762, 1794585, 1794586, 1794587, 1794588, 1794589, 1794590, 1794591]
15791	[56449, 100519, 101113, 266302]
15793	[240099, 423743, 1788897, 2219738, 2575099, 3171879, 7160824]
15795	[27805, 109928, 273723, 288268, 322293, 1277416]
15824	[10783, 12196, 22757]
15828	[2426970, 3490888, 3852296, 3852297, 3852298, 3852299, 3852300, 3852301, 3852302]
15836	[240100, 2066436, 6269580, 6269582, 6269583, 6269586, 6269588, 6310947]
15837	[152957, 291685, 291686]
15838	[107270, 133240, 161229, 196272, 245496, 588058, 7734273]
15839	[188041, 211999, 222384, 287066, 1257036, 1356126, 1356212, 1356215, 1356221, 1356225]
15841	[360393, 401226, 526497, 2470143, 6421123, 6421124, 6421125, 6421126]
15849	[15559, 80076, 82599, 82602, 82620, 179117, 352208]
15858	[9051, 23031, 24220, 66302, 236852, 317191, 399862, 443626]
15866	[21034, 33727, 1311134, 1636488]
15876	[28026, 66373, 111330, 114081, 124679, 133736, 5381389]
15880	[387565, 469357, 516232, 714364, 737061]
15883	[153302, 171477, 777073, 1059709, 1064363, 1064364, 1094787, 4001192, 4970192, 5049681]
15891	[36197, 53635, 150765, 571457, 817035]
15892	[8729, 32620, 287143, 1036614]
15893	[266156, 273856, 392537, 547144, 810364, 908356, 1002637, 1341453, 1576576]
15914	[1788904, 2219738, 4696452]
15918	[3667, 42360, 98684]
15920	[28754, 87839, 125410, 133709, 139043, 166220, 210332, 433561]
15921	[120312, 331265, 715755]
15928	[2296568, 2688631, 2835258, 5376028, 5376029, 5376030, 5376031, 5376032, 5376033]
15932	[10343, 148391, 198592, 258114, 441382]
15942	[19759, 36201, 39727, 67070, 355316, 359386]
15943	[10785, 129365, 145072, 283192, 301931]
15945	[179383, 308873, 664062, 839323, 858873, 956589]
15952	[4205, 11136, 106467]
15953	[33801, 39344, 90622]
15955	[254335, 264594, 292847, 292849]
15958	[100713, 233658, 266395, 386497, 424880]
15975	[570260, 1224009, 2681777, 6589533, 7368321]
15976	[2264, 2266, 2713, 2725, 3421, 6273, 6518, 6520, 7035, 8024, 8760, 10263, 10933, 11012, 11737, 12588, 13820, 14099, 14783, 16807, 17015, 17640, 21262, 21913, 23394, 25767, 28795, 29718, 30542, 31964, 32990, 35022, 35055, 36603, 36628, 38863, 40899, 41650, 44581, 44969, 46373, 46764, 47333, 48863, 59556, 61822, 64601, 64801, 66839, 69722, 71081, 75928, 77019, 86094, 86163, 90598, 96114, 98882, 106467, 106474, 109154, 114483, 118554, 120883, 124506, 124541, 125410, 133988, 151304, 172128, 178572, 180517, 196421, 201571, 201658, 207982, 245159, 255292, 257793, 269534, 385189]
15977	[2061938, 2061939, 2061940, 2061941, 2061942, 2061943]
15980	[2725, 6271, 11202, 46720, 50855, 60480, 66330, 80501, 88486, 107843, 111325, 146063, 268131, 1526556]
15981	[148867, 236852, 296931, 296934, 296938, 359644, 601754, 1769567]
15986	[22946, 26955, 284188, 511495, 808883, 878387]
15987	[2604, 40228, 79579, 203398, 1411691]
15988	[3130, 4098, 14783, 17015, 44030, 55760, 57614, 77019, 116266, 139081, 200955]
15992	[490460, 679484, 1035947, 1298581, 1474497]
16001	[3288, 6692, 10429, 27211, 52272, 82033, 89434, 95515, 117506, 228803]
16002	[1683968, 1683969, 1683970, 1683971, 1683972]
16003	[32381, 97463, 106870, 210409, 249238, 1119357]
16008	[56675, 73721, 490162, 796823, 948683, 1031007, 2058551, 2058652, 4122099]
16010	[40918, 63668, 1061522]
16013	[107701, 233863, 249873, 703979, 838136]
16014	[553867, 587909, 809705, 1927558, 3733429, 3733430, 3733431]
16019	[56675, 73721, 302565, 423740, 490162, 948683, 1031007, 1311788, 1690732, 2058551, 2058652, 2573478, 2573479, 4122099]
16024	[2725, 6518, 8760, 13932, 21913, 31961, 35055, 40336, 86163]
16026	[49758, 51071, 148488, 269649, 784425, 963786]
16027	[6520, 8024, 11012, 13911, 17640, 18956, 32990, 40409, 57103, 109154, 113673, 135244, 201571, 254410]
16037	[303935, 461927, 827025, 827026, 827027, 827028, 827030, 2122797, 2776866]
16039	[2713, 2725, 6520, 8024, 8405, 12698, 19796, 28026, 31961, 35611, 42907, 48865, 51946, 59556, 66839, 80092, 80093, 80121, 90141, 97320, 106993, 150797, 201571]
16041	[32009, 42237, 75864, 91803, 272984, 312713, 362320, 362321, 362322]
16045	[7247, 31001, 352936, 546228]
16047	[74213, 201620, 201632, 201633, 201641, 224839, 225165, 316795, 590225]
16053	[388185, 859448, 1984367, 1984378]
16067	[1900915, 1900920, 1904449, 2088559, 3439709, 3439710, 3439711]
16069	[6518, 8760, 13932, 21913, 31961, 35055, 40336, 86163]
16082	[278871, 435511, 1014312, 1055124, 1707199]
16084	[388746, 6893787, 6893788]
16087	[6274, 8670, 10429, 16795, 26912, 32434, 35611, 36197, 37413, 49963, 66373, 66842, 82822, 87151, 98545, 98927, 101114, 363376, 471789]
16089	[3474, 7142, 16992, 264558, 270195, 290615, 290616, 290617, 421866, 446645]
16095	[7247, 24444, 72872, 371806]
16099	[6086, 31957, 228032]
16103	[608948, 608949, 864091, 2621433, 2621434, 2621436]
16105	[7552, 31260, 90542, 152754]
16110	[5087, 863290, 1340429, 6692386]
16114	[5245312, 6790095, 6790101]
16115	[22194, 63461, 195961, 557778, 806559, 920321, 920325, 920326]
16116	[19770, 31759, 57947]
16123	[7035, 8760, 23394, 25767, 28795, 30542, 31964, 41650, 42488, 64601, 144439, 380875, 573804]
16125	[64483, 66373, 73202, 113746]
16131	[313740, 673867, 1002228, 1002229]
16138	[5878718, 7642332, 7731989, 7732007, 7732008]
16147	[2713, 2725, 6520, 8024, 8405, 12698, 19796, 31961, 35611, 42907, 48865, 51946, 59556, 66839, 80092, 80093, 80121, 90141, 97320, 106993, 201571]
16150	[74819, 272706, 401538]
16151	[205820, 1048106, 1976622, 6515634]
16153	[4654, 6274, 8760, 23394, 35055, 47841, 49904, 81440, 86163]
16154	[3470, 3682, 21560, 29819, 47875]
16156	[3480, 92183, 255362, 285603]
16159	[119343, 712046, 864413, 1149800]
16160	[95871, 108687, 158566, 377507]
16163	[2753, 2964, 10271]
16168	[388815, 1126752, 2750795, 6753881, 7746618]
16174	[12969, 3828629, 3828630, 3828631]
16180	[6092, 65839, 1499564]
16198	[20691, 361603, 640603, 640604]
16200	[19502, 37757, 197435, 246647]
16202	[137265, 283321, 528691, 624565, 646327]
16212	[221916, 3124880, 4470901, 4470902]
16215	[2725, 11202, 50855, 60480, 66328, 80501, 88486, 96897, 107843, 146063, 268131, 1526556]
16224	[251128, 560317, 601180, 654185, 4454527]
16231	[99864, 142081, 203258, 256789, 257286]
16246	[3288, 6692, 7247, 19763, 19766, 19768, 19771, 30897, 36233, 44952, 89434, 103010, 117506, 145902, 222249, 245321, 289207, 323845]
16250	[334180, 611137, 1126752, 2449026]
16251	[171336, 1815435, 6634899, 6637001]
16252	[884439, 3727840, 3727860]
16258	[10783, 16795, 104723, 1975098]
16266	[12612, 19759, 36201, 39727, 66843, 98625, 355316, 359386, 359387]
16268	[246232, 256574, 281609, 1132379]
16275	[19765, 19777, 66261, 229220]
16277	[6709, 12217, 106997, 413769]
16279	[5492, 5873, 24222]
16286	[107087, 211475, 501240, 1055736]
16287	[176185, 410333, 503126]
16288	[8024, 23510, 41949]
16289	[11419, 17035, 48245, 58574, 63617, 109521, 114971, 238351, 2155498]
16297	[2765453, 4538084, 5879285, 6388496, 6410797]
16311	[88699, 96408, 140497, 220588, 850857]
16317	[31977, 160901, 160902, 227962]
16327	[13911, 18956, 35301, 57103, 135244, 145074]
16336	[22882, 83634, 321583]
16337	[43286, 48425, 126919]
16339	[117170, 490188, 490190, 901791, 1922235]
16351	[29938, 35746, 48245, 66074, 67964, 232246]
16352	[261085, 262490, 393702, 448410]
16359	[12316, 47202, 371802, 907815]
16360	[35600, 45684, 6430750, 6430751]
16361	[178047, 744593, 2144993, 6482372]
16362	[4789, 49864, 75468, 1034918]
16364	[3918, 5087, 87479, 87480, 87482, 1333221]
16371	[98623, 107637, 160008, 293514]
16374	[54342, 54344, 887325, 3258447]
16375	[2725, 3130, 4098, 14783, 17015, 31351, 44030, 55760, 57614, 77019, 116266, 139081, 184276, 184277, 200955, 375387]
16377	[10389, 38379, 43315, 43744, 63462, 65292, 73725]
16378	[593, 96037, 279922, 780796]
16394	[3909, 36202, 81364, 82730, 89629, 261986, 503532, 854159]
16395	[2714, 45031, 55080, 453325]
16398	[410783, 607245, 1316797, 2608487, 2981388]
16411	[3474, 38258, 104664]
16425	[40899, 208266, 323283]
16427	[847100, 3026252, 4851325]
16432	[166778, 167315, 167317, 168042, 261624]
16433	[539542, 1046217, 1815089, 1815090]
16437	[2264, 6518, 8760, 11737, 12803, 14783, 16807, 17015, 17967, 23394, 35055, 36628, 38863, 46304, 46764, 61822, 66261, 77019, 86075, 86163, 88835]
16440	[12551, 12879, 58248, 228904]
16444	[28026, 30786, 69193, 134572]
16446	[22720, 60236, 117017, 149103, 173967, 191113, 197399, 216157, 232607, 333311, 910684, 976212]
16452	[846450, 2575106, 6402299]
16454	[251128, 1560861, 1560995, 2014355]
16467	[201620, 201632, 224839, 225165, 590225]
16470	[29225, 99850, 110884]
16473	[84063, 84065, 518329, 5414678, 7335538]
16475	[19964, 65042, 111325]
16483	[88821, 160119, 178037, 481858, 481859, 3181509]
16486	[20561, 27044, 77016, 381416]
16491	[3288, 6692, 10429, 19799, 36208, 95515, 232595]
16494	[2264, 2266, 2714, 2725, 2968, 4654, 6273, 6518, 6520, 8024, 8760, 10263, 10383, 10582, 10933, 11012, 11737, 12136, 12803, 13820, 13932, 14099, 14783, 16807, 16992, 17015, 17640, 17743, 17967, 21913, 23394, 24221, 26912, 28795, 29718, 30542, 30897, 31961, 32990, 33762, 35022, 35055, 36628, 38863, 40336, 40899, 41266, 42191, 44581, 46304, 46373, 46764, 47333, 47946, 48686, 48863, 49904, 52771, 53259, 56348, 57477, 59556, 59804, 61822, 64801, 65421, 65957, 66839, 69005, 69722, 71081, 73689, 74188, 75928, 77019, 86075, 86094, 86163, 88517, 88835, 90598, 96114, 96147, 98545, 106467, 106474, 109154, 114483, 114968, 117224, 120883, 124489, 124506, 124541, 125410, 133988, 142459, 151304, 157990, 178572, 180517, 196421, 201571, 201658, 219213, 245159, 255292, 257793, 260740, 269534, 573804]
16495	[282269, 500749, 1046018, 3525238]
16500	[19761, 19763, 19768, 19774, 19794, 27178, 98619, 99503, 117507, 171123, 212688, 313740, 2036172]
16506	[4908859, 4908860, 4908861]
16509	[214153, 320917, 451776, 1182902, 1182904]
16512	[24046, 289593, 289594]
16517	[8760, 24167, 30097, 75718, 90814, 90815]
16520	[19799, 36233, 41072, 41650, 64601, 82834, 89434, 95513, 98606, 117506, 145902, 154975]
16530	[32202, 621482, 754090, 754091]
16534	[2725, 3421, 6520, 7035, 8024, 11071, 11136, 12588, 15885, 17640, 23035, 25767, 28795, 30542, 31964, 44581, 47333, 61800, 64601, 71081, 75928, 83080, 87721, 96114, 98882, 98904, 106474, 111934, 114566, 139982, 144439, 151608, 178572, 252443, 269171, 294375, 333987, 376491]
16539	[1458, 4093, 30915, 55074, 57585, 67042, 178574, 192131, 203740, 426668, 3265278]
16540	[32086, 48863, 91506, 573804, 822833]
16543	[73721, 2058551, 2065517, 4122099]
16548	[3288, 6692, 24170, 28795, 30542, 31757, 31961, 41650, 44952, 46373, 48865, 63077, 64601, 98882, 101751, 111333, 164421, 289943, 353525, 1469148]
16549	[10389, 15885, 36621, 43315, 43744, 63462, 65292, 73725, 78586, 121051]
16564	[4654, 37188, 65292]
16566	[1313028, 4268252, 7550390]
16568	[13911, 18956, 47742, 57103, 113673, 135244, 169574, 223131, 375460]
16577	[6708, 142962, 142970]
16579	[402, 49061, 230534, 358880]
16585	[47835, 127686, 374383, 443728, 471789]
16587	[1126, 3288, 6692, 9090, 19760, 19761, 19763, 19768, 19771, 27213, 30897, 32381, 44952, 52272, 88729, 89434, 99503, 108129, 113284, 117506, 155091, 222249, 303096, 323845, 348947, 348950, 595550, 622013, 1644669]
16594	[1946, 2446, 2684]
16611	[7552, 9081, 10582, 11012, 17640, 23394, 28795, 30542, 30897, 32990, 33762, 44969, 53539, 59556, 66839, 82356]
16612	[44956, 103803, 232595, 286680]
16638	[23446, 46720, 51980]
16639	[56675, 73721, 490162, 1031007, 1690732, 2058551, 2058652, 2573478, 2573479]
16641	[17604, 45853, 194667]
16650	[261834, 279629, 287108, 287109, 287110, 371806]
16659	[9081, 23394, 28795, 30542, 59556, 66839]
16673	[95988, 2351269, 2351270]
16679	[168681, 329853, 472239]
16690	[59756, 115911, 140439]
16691	[157990, 344954, 1564016]
16692	[5064, 61848, 237257]
16696	[3027313, 3727089, 3727090]
16697	[226809, 3875154, 4121929, 5311140, 5311147, 5311148, 5666876, 5666877, 5666878, 5666879, 5666880, 5666881]
16699	[6268, 26050, 36663, 36665, 76181, 98744, 154045, 154046]
16708	[2859515, 5254527, 5711215]
16710	[221662, 1144021, 1648292]
16711	[9762, 1036046, 1483512]
16715	[38312, 187444, 544422]
16719	[179363, 216602, 471685]
16721	[501253, 602654, 662372]
16730	[11136, 90542, 158759]
16735	[106066, 145779, 448718]
16745	[10343, 253217, 254259]
16749	[36202, 81364, 82730, 89629, 261986, 503532, 854159]
16751	[87721, 148760, 256245]
16755	[303935, 461927, 827025, 827026, 827027, 827028, 827030, 2122797]
16757	[2873073, 2873074, 2873076, 2873079]
16761	[227869, 314165, 1140582, 1247655]
16762	[3288, 6520, 6692, 8024, 16745, 30897, 31757, 41266, 44581, 44952, 46373, 59804, 75928, 89434, 96114, 101751, 117506, 222249, 323845]
16771	[218276, 297419, 596358]
16775	[56675, 73721, 302565, 423740, 490162, 1031007, 1311788, 1690732, 2058551, 2058652, 2573478, 2573479, 4122099]
16778	[12830, 17078, 28795, 37757, 38973, 43418, 66330, 108728, 242415, 375043, 571457, 1198763]
16780	[1081207, 2726810, 2726811]
16781	[56675, 73721, 302565, 423761, 490162, 621178, 2058652]
16782	[1257763, 1298232, 1711759, 2392313]
16786	[6273, 12803, 14783, 17015, 17967, 23394, 36628, 38863, 46304, 48686, 61822, 77019, 180517]
16788	[6292559, 6292560, 6292561, 6292562]
16790	[2264, 2266, 2714, 2725, 2968, 4654, 6273, 6518, 6520, 8024, 8760, 10263, 10383, 10582, 10933, 11737, 12136, 12803, 13820, 13932, 14099, 14783, 16807, 16992, 17015, 17640, 17743, 17967, 21913, 23394, 24221, 26912, 28795, 29718, 30542, 30897, 31961, 32990, 33762, 35022, 35055, 36628, 38863, 40336, 40899, 41266, 42191, 44581, 46304, 46373, 46764, 47333, 47946, 48686, 48863, 48865, 49904, 52771, 53259, 56348, 57477, 59556, 59804, 61822, 64801, 65421, 65957, 66261, 66839, 69005, 69722, 71081, 73689, 74188, 75928, 77019, 86075, 86094, 86163, 88517, 88835, 90598, 96114, 96147, 98545, 106467, 106474, 109154, 114483, 114968, 117224, 120883, 124489, 124506, 124541, 125410, 133988, 142459, 151304, 157990, 178572, 180517, 196421, 201571, 201658, 219213, 245159, 255292, 257793, 260740, 269534, 573804]
16798	[20124, 48275, 96034, 108870, 117762, 196606, 246639, 304821, 322000, 351845, 393380, 581758, 813108, 982187, 1593727, 1730124, 6914491]
16803	[29230, 32009, 32010, 214625]
16806	[100726, 167058, 3649771]
16808	[3288, 6692, 7247, 10429, 19769, 19771, 19776, 27211, 44952, 52272, 82033, 89434, 95515, 117506, 222249, 228803, 289207, 323845]
16809	[32199, 290995, 290996]
16811	[34524, 36628, 105453, 254961, 302913, 317140, 895553]
16812	[868, 1409977, 1409978, 4033918]
16815	[1679, 80634, 80635, 93266]
16816	[6706, 19762, 31961, 45041, 139969, 466703]
16823	[17960, 17970, 54304, 57477, 80091, 80121, 124859, 147695, 180895, 180896, 180898, 180899, 183758]
16838	[17773, 47677, 237453]
16848	[2689, 17960, 20942, 29381, 31964, 33281, 41949, 72872, 100591, 107784, 192206, 192207]
16850	[47742, 113673, 169574, 223131, 252391, 256267, 375460]
16869	[6520, 8024, 8760, 35055, 42488, 59556, 66839, 86163, 201571, 232595, 380875, 573804]
16872	[6271, 36202, 44578, 47841, 68571, 100031, 369584]
16875	[4654, 6274, 6518, 6520, 8024, 8760, 10263, 10933, 13820, 14099, 17640, 23394, 28795, 29718, 30542, 32990, 35022, 35055, 38863, 40899, 44581, 46373, 47333, 47841, 48863, 49904, 66839, 69722, 71081, 75928, 81440, 86074, 86094, 86163, 96114, 106467, 106474, 109154, 114483, 120883, 124506, 124541, 125410, 151304, 178572, 196421, 201571, 201658, 245159, 255292, 257793, 269534]
16878	[380259, 620319, 4859744, 4859745]
16892	[11202, 47841, 88486]
16893	[472240, 512620, 1444756]
16895	[2264, 6520, 7552, 8024, 10389, 10582, 11737, 12803, 13932, 17967, 24221, 26912, 31963, 33762, 35055, 36628, 44581, 46304, 46373, 46764, 56348, 64801, 75928, 86075, 86163, 87026, 96114, 98545, 110290, 124489, 135866, 167427, 219213, 349779, 814534, 907565]
16902	[2709, 2713, 2714, 11323, 11325, 12710, 19111, 21323, 25404, 25413, 51979, 69375, 528609]
16904	[2731, 33937, 54855, 152534]
16918	[17640, 52318, 1431865]
16930	[2689, 17960, 20942, 29381, 31964, 33281, 72872, 100591, 107784, 192206, 192207]
16933	[8796, 10514, 30542]
16934	[2725, 24047, 214970, 380873]
16935	[16794, 36245, 176420]
16937	[1835, 2264, 3288, 3593, 6274, 10389, 15165, 17413, 17743, 19796, 21703, 30786, 31929, 47841, 54879, 56487, 61671, 66550, 79963, 101256, 159202]
16948	[3288, 5873, 6520, 6692, 7247, 8024, 10389, 14490, 19766, 19770, 19771, 19799, 30786, 30897, 31757, 32381, 36205, 41266, 42191, 44581, 44952, 46373, 47841, 59804, 75928, 82033, 86859, 87026, 89434, 96114, 101751, 103010, 117506, 118257, 126026, 137185, 155091, 179071, 190234, 222249, 245321, 289207, 323845, 366197, 467823, 503532, 544498, 787435, 879841, 899340, 1081037, 1687939, 3070594, 7194625]
16954	[40346, 67070, 86163, 245159]
16956	[104006, 212941, 212942, 1281880]
16957	[249663, 829181, 1821410]
16964	[19762, 19766, 36195, 36200, 36247, 87151, 89434, 92980, 93056, 117506, 137184, 201877, 215582, 270073, 284858, 308054, 401948, 985906, 1212937, 3035121]
16971	[546471, 882740, 6935172]
16987	[3130, 4098, 14783, 17015, 31351, 44030, 55760, 57614, 77019, 116266, 139081, 184276, 184277, 200955, 375387]
16997	[286413, 780232, 3892745]
16999	[148391, 337470, 369233, 369234, 369235]
17006	[20124, 48275, 96034, 108870, 246639, 304821, 322000, 351845, 393380, 581758, 982187, 1593727, 1730124, 6914491]
17022	[15979, 19761, 19774, 19778, 19794, 26457, 26640, 89431, 98616, 98619, 153347, 171123, 173048, 212688, 219302, 245350, 253528, 267183, 285345, 529854, 2036172, 7485957, 7485969]
17032	[74481, 81613, 181236, 204684]
17037	[535026, 814451, 6576417]
17043	[2684, 2971, 28729]
17044	[2264, 2266, 2714, 2725, 2968, 4654, 5873, 6273, 6518, 6520, 8024, 8760, 10263, 10383, 10582, 10933, 11012, 11737, 12136, 12803, 13820, 13932, 14099, 14783, 16807, 16992, 17015, 17640, 17743, 17967, 21913, 23394, 24221, 26912, 28795, 29718, 30542, 30897, 31961, 32990, 33762, 35022, 35055, 36628, 38863, 40336, 40899, 41266, 42191, 44581, 46304, 46373, 46764, 47333, 47946, 48686, 48863, 49904, 52771, 53259, 56348, 57477, 59556, 59804, 61822, 64801, 65421, 65957, 66839, 69005, 69722, 71081, 73689, 74188, 75928, 77019, 86075, 86094, 86163, 88517, 88835, 90598, 96114, 96147, 98545, 106467, 106474, 109154, 114483, 114968, 117224, 120883, 124489, 124506, 124541, 125410, 133988, 142459, 151304, 157990, 178572, 180517, 196421, 201571, 201658, 219213, 245159, 255292, 257793, 260740, 269534, 573804]
17045	[16794, 117542, 142459, 181475, 181476, 183758, 256789, 1484555]
17046	[2725, 13932, 31961]
17047	[335786, 376360, 2014302]
17052	[30135, 75718, 555471]
17056	[2709, 2713, 3165, 3682, 33281, 51979, 103132, 116266, 154434, 183758, 284858, 528609]
17067	[6520, 8024, 10389, 30915, 44581, 46373, 47333, 48863, 65568, 71081, 75928, 87026, 96114, 106474, 172897, 178572, 397277, 632759, 2663122]
17071	[2264, 6520, 7552, 8024, 10389, 10582, 11737, 12803, 13932, 17967, 24221, 26912, 30786, 31963, 33762, 35055, 36628, 44581, 46304, 46373, 46764, 56348, 75928, 86075, 86163, 87026, 96114, 98545, 124489, 135866, 167427, 173030, 214625, 219213, 395067, 907565]
17076	[101784, 437809, 1019688, 1019689]
17079	[7613, 8760, 31963, 36208, 36214, 42488, 53539, 100707, 100713, 103010, 115771, 164995, 177603, 366166, 413160]
17089	[30135, 54596, 76656]
17093	[30148, 75999, 128720, 170575]
17095	[4590672, 4590673, 4590674]
17100	[12830, 17078, 28795, 38973, 43418, 66330, 108728, 375043, 571457, 1198763]
17108	[3288, 6692, 19761, 19769, 19771, 19774, 19778, 171123, 212688, 2036172]
17112	[32620, 39771, 51830, 91809, 113230, 814534, 1120863, 1142238, 1521697]
17127	[482482, 493503, 618538, 618544, 618549, 692557, 692602, 692609, 924475]
17129	[2264, 2714, 6273, 6520, 8024, 11419, 11737, 17078, 17926, 21032, 32990, 37757, 38973, 40346, 44581, 46373, 48245, 57477, 66330, 75928, 81440, 89643, 95886, 96114, 108728, 180517, 242415]
17135	[2967, 228032, 314509]
17147	[37983, 137813, 213506, 352589, 479660]
17155	[7533, 7972, 26732, 605557]
17156	[63668, 67070, 106460, 421717]
17159	[11882, 67035, 149326]
17171	[2295356, 2950967, 3142214]
17180	[960272, 960273, 960274]
17184	[24047, 280538, 361658]
17196	[17142, 23259, 36202, 66373, 79963, 81440, 82832, 103010, 112897, 143883, 151462, 165178]
17202	[3288, 6692, 10429, 19799, 31756, 36208, 47841, 52272, 73973, 95515, 98606, 117506, 232595]
17203	[5829, 10589, 13192, 13820, 14783, 16795, 18201, 19849, 21940, 29231, 30145, 36603, 38323, 38379, 50892, 54591, 64137, 67526, 75894, 77019, 87151, 89005, 92939, 95716, 95717, 95718, 100875, 100877, 100879, 172128, 207982, 256789, 1313483, 1448314]
17204	[6520, 8024, 10389, 28795, 30542, 30786, 36208, 36214, 59556, 65953, 66839, 100713, 136523, 201571, 223196, 385189, 573198, 658046]
17205	[687804, 1493941, 2304082]
17207	[97916, 149628, 357173]
17214	[2264, 4654, 5873, 6273, 6518, 6520, 7142, 7552, 8024, 8760, 10383, 10389, 10582, 11737, 12136, 12803, 13880, 13932, 16807, 17015, 17640, 17743, 17967, 21913, 23394, 24221, 26912, 28795, 30542, 30786, 30897, 32990, 33762, 35055, 36628, 38258, 38863, 39294, 40336, 41266, 41949, 44581, 46304, 46373, 46720, 46764, 47333, 47946, 48863, 49904, 52771, 53259, 53539, 56348, 59804, 64801, 65421, 65957, 71081, 73689, 74188, 74392, 75928, 86075, 86163, 87026, 88835, 90598, 96114, 96147, 98545, 106474, 117224, 124489, 124541, 129262, 132905, 133988, 142459, 157990, 158171, 173030, 178572, 180517, 205313, 219213, 297912, 627845]
17227	[7552, 17971, 39769, 39771, 134285, 267854]
17229	[2725, 6518, 6520, 8024, 8760, 10263, 10933, 13820, 14099, 17015, 17640, 23394, 28795, 29718, 30542, 32990, 35022, 36628, 38863, 40899, 44581, 46373, 46764, 47333, 48863, 59556, 66839, 69722, 71081, 75928, 86074, 86094, 96114, 106467, 106474, 109154, 114483, 120883, 124506, 124541, 125410, 151304, 178572, 196421, 201571, 201658, 245159, 255292, 257793, 269534]
17230	[18035, 57103, 223196, 1843018, 1885982]
17234	[167262, 4260038, 4260039]
17238	[13911, 18956, 40409, 57103, 113673, 135244, 201571, 254410]
17242	[2714, 22854, 40336, 40346, 80019, 117224]
17254	[415016, 1336839, 2285553]
17256	[519509, 1050329, 2773856]
17259	[15979, 19761, 19774, 19778, 19794, 26457, 26640, 89431, 98616, 98619, 153347, 171123, 173048, 212688, 219302, 267183, 285345, 529854, 2036172, 7485957, 7485969]
17272	[7247, 13932, 17015, 23394, 38863, 56348, 96147, 219213]
17281	[131874, 131875, 270073]
17283	[2725, 3421, 9706, 11419, 12588, 12830, 17035, 23031, 31961, 44558, 44581, 48245, 48404, 68194, 169154]
17309	[39351, 201714, 499998]
17310	[348831, 348832, 827746]
17317	[7552, 11202, 12686, 22854, 30092, 32411, 33762, 36603, 47742, 60480, 67856, 67958, 85929, 111187, 117224, 125101, 139982, 172128, 207982, 218108, 223544, 265178, 268131, 319707, 361108, 396636, 535968, 1001887, 1014557, 1841783]
17323	[162989, 648964, 648965, 651294, 857257, 1760384, 1760465, 1760466, 1760467]
17328	[48275, 82605, 1542596, 2546207]
17331	[5873, 10389, 10933, 24221, 41182, 87026]
17339	[20124, 48275, 96034, 108870, 304821, 322000, 393380, 581758, 1593727, 1730124]
17346	[3288, 6692, 10429, 27211, 28521, 30145, 31964, 36214, 63668, 95515, 105033, 264151]
17350	[12830, 28795, 38973, 43418, 66330, 108728, 375043, 571457, 1198763]
17355	[7552, 11202, 22854, 30092, 32411, 33762, 47742, 60480, 67856, 67958, 85929, 111187, 117224, 125101, 139982, 223544, 268131, 319707, 361108, 535968, 1001887, 1014557, 1841783]
17361	[3165, 4654, 10388, 21323, 36664, 56347, 62507, 79651, 81858, 82730, 129348, 177046, 227842, 239934, 239944, 256164, 382316, 415470, 1400270, 2554374, 3424018, 4783902, 6513229]
17368	[40152, 100591, 210195]
17370	[6270, 6274, 7552, 8760, 10389, 17957, 17970, 18984, 25261, 30786, 33762, 35055, 47841, 68693, 80119, 80122, 82033, 86092, 86163, 103010, 156804, 173030, 243955]
17373	[894762, 1794585, 1794586, 1794587, 1794588, 1794589, 1794591]
17374	[2725, 7552, 11012, 24221, 32990, 33762]
17375	[94868, 165492, 291102]
17386	[17960, 17970, 54304, 80091, 80121, 147695, 180895, 180896, 180898, 180899, 183758]
17387	[2264, 6520, 8024, 11737, 13932, 24221, 26912, 31963, 35055, 44581, 46764, 64801, 75928, 86075, 86163, 96114, 98545, 110290, 124489, 135866, 167427, 349779, 814534, 907565]
17388	[12196, 147627, 289032]
17394	[2264, 2266, 2713, 2714, 2725, 2968, 4654, 6273, 6518, 6520, 8024, 8760, 9706, 10263, 10383, 10582, 10933, 11012, 11419, 11737, 12136, 12803, 13820, 13932, 14099, 16992, 17015, 17035, 17640, 17743, 17967, 21913, 23394, 24221, 26912, 28795, 29718, 30542, 30897, 31961, 32990, 33762, 35022, 35055, 36628, 38863, 40336, 40899, 41266, 42191, 44581, 46304, 46373, 46764, 47333, 47946, 48245, 48686, 48863, 48865, 49904, 52771, 53259, 56348, 57477, 59556, 59804, 63077, 63617, 64801, 65421, 65957, 66839, 69005, 69722, 71081, 73689, 74188, 75928, 86075, 86094, 86163, 88517, 88835, 90598, 95886, 96114, 96147, 98545, 106467, 106474, 109154, 114483, 114968, 117224, 120883, 124489, 124506, 124541, 125410, 133988, 142459, 151304, 157990, 169154, 169574, 178572, 180517, 196421, 201571, 201658, 219213, 235979, 245159, 255292, 257793, 260740, 269534, 573804]
17396	[6706, 19762, 32381, 36214, 45041, 73973, 95420, 108129, 117503, 139967, 139969, 139970, 139971, 400710, 466703]
17397	[2532, 2713, 6270, 10390, 12340, 18547, 28972, 91279, 106443]
17406	[12590, 39997, 54906, 124913, 139081, 180898, 192199, 192200, 192201]
17410	[15501, 167339, 222263, 421249, 637425]
17417	[350099, 672659, 672661]
17422	[2714, 5647, 10262, 11136, 11879, 17590, 85929, 110863, 149246, 200567, 228862, 236897, 257464]
17426	[19762, 36195, 36200, 36247, 137184, 201877, 284858, 308054, 985906, 1212937]
17430	[19783, 62116, 82356, 88486, 89639, 90961, 102318, 115074, 161529, 161533, 344944, 693883, 1111861, 1409844, 5549342]
17431	[3909, 7552, 11419, 23035, 76809, 79480, 88828, 98886, 157367]
17432	[39351, 75468, 90993]
17433	[15885, 35746, 63462, 78586, 121051]
17434	[451843, 908101, 1061619]
17435	[8405, 35611, 42907, 51946, 80092, 80093, 90141, 97320]
17446	[4033, 114052, 175006]
17447	[78110, 169706, 344415]
17448	[2714, 5873, 10389, 30786, 40346, 45116, 57477, 90168, 108728, 176420, 232455]
17450	[11419, 48245, 58574, 63077, 109521, 114971, 145144, 238351, 2155498]
17452	[2714, 3421, 6518, 6520, 7552, 8024, 8760, 10263, 10383, 10389, 10582, 11202, 12588, 12686, 16807, 21913, 22854, 23394, 24221, 28795, 30542, 30897, 33762, 35022, 35055, 36603, 38258, 40336, 40346, 41949, 44581, 46720, 47333, 48863, 53539, 57477, 59556, 60480, 66839, 67856, 71081, 74392, 75928, 81013, 86163, 87026, 90541, 96114, 106474, 111325, 114968, 117224, 133988, 136201, 172128, 178572, 207982, 211302, 218108, 265178, 268131, 396636, 1014557]
17455	[132492, 290113, 990252, 1105029, 1474206, 3214334, 3687446, 4348173]
17458	[1835, 2264, 3288, 3593, 6274, 10389, 15165, 17413, 17743, 19796, 21703, 30786, 31929, 47841, 54879, 61671, 66550, 79963, 101256, 159202]
17463	[19783, 82356, 88486, 89639, 90961, 102318, 115074, 161529, 161533, 693883, 1111861, 1409844, 5549342]
17467	[2266, 2684, 2714, 2755, 2968, 3130, 3288, 3421, 6518, 6520, 6692, 7035, 7247, 8024, 8760, 10389, 12142, 12588, 12686, 13193, 13820, 14783, 16745, 16992, 17015, 17640, 19766, 21633, 21639, 21913, 21940, 23394, 25767, 28795, 30542, 30786, 31961, 31964, 33762, 35022, 35055, 36204, 36208, 36214, 36247, 36603, 36628, 38863, 39771, 40899, 42191, 44581, 46304, 46373, 47333, 48686, 48865, 51979, 56449, 57477, 59556, 61264, 61822, 62261, 66261, 66839, 69005, 71081, 77019, 87151, 88517, 88740, 100713, 111325, 114968, 117224, 117507, 118554, 133736, 136523, 139081, 152965, 159170, 172128, 178572, 197324, 200953, 200955, 200956, 200957, 201571, 207982, 260740, 270073, 573804, 2993996, 3035121]
17470	[2670238, 2832024, 2832025, 2832026, 2832028, 2832029, 2832030]
17477	[3288, 6520, 6692, 8024, 14490, 19770, 19771, 30897, 31757, 32381, 34552, 41266, 42191, 44581, 44952, 46373, 59804, 75928, 89434, 96114, 101751, 117506, 126026, 222249, 323845, 503532, 787435, 879841, 899340, 1081037, 1687939, 3070594, 7194625]
17479	[148391, 369233, 369234, 369235]
17480	[2725, 9221, 11202, 13999, 70735, 88486, 107843, 146063]
17481	[5829, 10589, 13192, 16795, 18201, 38323, 50892, 54591, 64137, 87151, 89005, 92939, 100875, 100877, 100879, 256789, 1313483, 1448314]
17489	[7247, 176185, 246232]
17490	[240099, 627903, 846450, 4329770, 6969033]
17491	[58245, 193981, 514772]
17498	[15885, 151964, 185707, 376671, 1697735]
17501	[3175, 3177, 28312]
17507	[1104, 6708, 7035, 31961, 41650, 89374, 216449, 521724]
17508	[6706, 19762, 32381, 36214, 45041, 73973, 95420, 117503, 139967, 139969, 139970, 139971, 400710, 466703]
17512	[2265, 6351, 17640, 19776, 19796, 31961, 36200, 36201, 48865, 59556, 63077, 66839, 80121, 87128, 90961, 92980, 93056, 106993, 139918, 150767, 152543, 176145, 215582, 401948]
17515	[6518, 6520, 8024, 8760, 10263, 10933, 13820, 14099, 17640, 28795, 29718, 30542, 32990, 35022, 38863, 40899, 44581, 46373, 47333, 48863, 66839, 69722, 71081, 75928, 86074, 86094, 96114, 106467, 106474, 109154, 114483, 120883, 124506, 124541, 125410, 151304, 178572, 196421, 201571, 201658, 245159, 255292, 257793, 269534]
17516	[44559, 52272, 56935, 63347, 171123, 238219]
17520	[619572, 2664652, 2693900]
17521	[15885, 19731, 31802, 51420]
17528	[19777, 19799, 47010, 87128, 91749, 95513, 98606, 154975, 171613, 176145, 179751, 183339, 184387, 194424, 220575, 229220, 361721, 459446, 531446]
17529	[24334, 24336, 41960, 66330, 197347, 239349, 259620, 672042, 5135227]
17530	[5873, 7142, 10389, 10582, 12803, 13880, 17967, 36628, 39294, 46304, 87026, 124541, 129262, 132905, 158171, 205313, 297912]
17535	[7552, 11202, 22854, 30092, 32411, 33762, 47742, 67856, 67958, 85929, 111187, 117224, 125101, 139982, 223544, 268131, 319707, 361108, 535968, 1001887, 1014557, 1841783]
17547	[24334, 41960, 41961, 66330, 69005, 106433, 259620]
17549	[2709, 2713, 3165, 33281, 51979, 103132, 116266, 154434, 183758, 284858, 528609]
17551	[36202, 81364, 82730, 89629, 261986, 854159]
17553	[2714, 3421, 5873, 6274, 7035, 7552, 7613, 8760, 10389, 11419, 12588, 12686, 16745, 19761, 19763, 19768, 23394, 24170, 24221, 28795, 30542, 30786, 30897, 31964, 33762, 35055, 36208, 36214, 36233, 36603, 40346, 41266, 41650, 42488, 46764, 47333, 47841, 48245, 53539, 57477, 59804, 63077, 64601, 68693, 71081, 79091, 81440, 82834, 86075, 86092, 86163, 87026, 89434, 89643, 92978, 98882, 100707, 100713, 111325, 111333, 112966, 117506, 118256, 124489, 136523, 141880, 145902, 172128, 173030, 178572, 207982, 232595, 353525, 385189, 1469148, 2993996]
17556	[189444, 824274, 3588665]
17557	[4154432, 4154433, 4195584]
17564	[19944, 112673, 201709]
17566	[952807, 2245611, 2245612]
17568	[2714, 7552, 10263, 11202, 12686, 22854, 33762, 36603, 40336, 40346, 60480, 67856, 81013, 90541, 117224, 136201, 172128, 207982, 211302, 218108, 265178, 268131, 396636, 1014557]
17576	[21262, 30542, 38863, 43733, 61822, 112470]
17578	[16806, 16807, 19761, 33573, 67070, 81217, 147175, 355316, 483084]
17584	[2714, 10262, 11136, 11879, 17590, 85929, 110863, 149246, 200567, 228862, 236897, 257464]
17592	[7066494, 7066495, 7066496]
17594	[3698219, 7439868, 7439869]
17595	[20781, 23510, 27178, 70152, 112052, 290080]
17600	[83232, 196875, 196877, 196878, 196879, 196881, 196883, 196884, 254963, 401319, 404009, 1779537]
17602	[946, 18220, 64522]
17606	[924484, 1389451, 1389452, 1389453, 1389454, 1389455, 1389456, 1389458, 1389459, 1389460, 1389461, 5489719]
17609	[7035, 13820, 14783, 18201, 19849, 21940, 25767, 28795, 29231, 30542, 31964, 36603, 38379, 67526, 75894, 77019, 92939, 95716, 95717, 95718, 172128, 207982, 1313483]
17616	[8760, 42488, 67331, 96893, 175006, 201878, 361658, 380858, 380875, 573804, 1054252]
17619	[1458, 4093, 55074, 57585, 67042, 178574, 192131, 203740, 426668, 3265278]
17621	[12698, 14099, 16765, 16806, 17551, 27045, 36202, 50704, 67964, 99778, 101780, 110089, 907241]
17632	[175818, 196792, 351846, 410630, 544422, 2012295]
17633	[6270, 6274, 7552, 8760, 10389, 17957, 17970, 18984, 25261, 30786, 33762, 35055, 47841, 68693, 80119, 80122, 82033, 86092, 86163, 103010, 156804, 243955]
17635	[2264, 4654, 6273, 9081, 11012, 11737, 13961, 17640, 17827, 24221, 32990, 35301, 46764, 57103, 63617, 86075, 91685, 101028, 180517, 236897]
17643	[7613, 31963, 42488, 53539, 100707, 103010, 115771, 164995, 177603, 366166, 413160]
17644	[18666, 30344, 144439]
17646	[7552, 11202, 30092, 32411, 47742, 67856, 67958, 85929, 111187, 139982, 223544, 268131, 319707, 361108, 535968, 1001887, 1014557, 1841783]
17654	[1126, 9090, 19760, 32381, 113284, 348947, 348950, 622013, 1644669]
17657	[394250, 737507, 737510]
17658	[7142, 10389, 10582, 13880, 39294, 87026, 124541, 132905, 158171, 205313, 297912]
17660	[2266, 2684, 2713, 2714, 2725, 2755, 2968, 3130, 3288, 3421, 6518, 6520, 6692, 7035, 7247, 8024, 8670, 8760, 9221, 10263, 10582, 10933, 12142, 12588, 12686, 12803, 13192, 13193, 13820, 14099, 14783, 16678, 16745, 16992, 17015, 17640, 17967, 21262, 21633, 21639, 21913, 21940, 23394, 25767, 28795, 29718, 30542, 31961, 31964, 32990, 33762, 35022, 35055, 36603, 36628, 37757, 38863, 39771, 40899, 41650, 42191, 44581, 46304, 46373, 46764, 47333, 48686, 48863, 48865, 51979, 56449, 57477, 59556, 61264, 61822, 64601, 66261, 66839, 69005, 69722, 71081, 75928, 77019, 86094, 86163, 88517, 88740, 96114, 106467, 106474, 109154, 111325, 114483, 114968, 117224, 118554, 120883, 124506, 124541, 125410, 139081, 151304, 152965, 159170, 172128, 178572, 196421, 200953, 200955, 200956, 200957, 201571, 201658, 207982, 245159, 255292, 257793, 260740, 269534, 366441, 573804, 2993996]
17662	[2725, 3909, 13531, 22854, 44614, 46373, 73282, 86074]
17679	[2713, 6270, 10390, 12340, 18547, 28972, 91279, 106443]
17690	[10389, 30542, 30786, 36581, 41650, 64601, 98882, 149245, 385189, 491039, 668833]
17694	[2266, 2684, 2714, 2725, 2755, 2968, 3130, 3288, 3421, 6518, 6520, 6692, 7035, 7247, 8024, 8670, 8760, 9221, 10263, 10933, 12142, 12588, 12686, 12803, 13193, 13820, 14099, 14783, 16745, 16992, 17015, 17640, 17967, 21262, 21633, 21639, 21913, 21940, 23394, 25767, 28795, 29718, 30542, 31961, 31964, 32990, 33762, 35022, 35055, 36603, 36628, 38863, 39771, 40899, 41650, 42191, 44581, 46304, 46373, 46764, 47333, 48686, 48863, 48865, 51979, 56449, 57477, 59556, 61264, 61822, 64601, 66261, 66839, 69005, 69722, 71081, 75928, 77019, 86094, 88517, 88740, 96114, 106467, 106474, 109154, 111325, 114483, 114968, 117224, 118554, 120883, 124506, 124541, 125410, 139081, 151304, 152965, 159170, 172128, 178572, 196421, 200953, 200955, 200956, 200957, 201571, 201658, 207982, 245159, 255292, 257793, 260740, 269534, 366441, 573804, 2993996]
17696	[6274, 8670, 16795, 26912, 32434, 35611, 36197, 37413, 49963, 66373, 66842, 98927, 363376, 471789]
17697	[19761, 19771, 19778, 19801, 36233, 41072, 41650, 47010, 49897, 64601, 89434, 105033, 145902, 154986, 255186, 594835, 1108213]
17700	[19783, 27178, 28745, 89434, 161529, 197347, 1389312]
17702	[6270, 6274, 7552, 8760, 17957, 17970, 18984, 25261, 33762, 35055, 47841, 68693, 80119, 80122, 86092, 86163, 156804, 243955]
17705	[82834, 96408, 167785, 1254959]
17722	[19799, 47010, 91749, 95513, 98606, 171613, 176145, 179751, 183339, 184387, 194424, 220575, 229220, 361721, 459446]
17727	[1353610, 1728724, 2037289, 2242487, 2242488, 4607180, 4797856, 4797857, 4797858]
17731	[1488562, 3101365, 3656097, 4673001, 4673004, 4673006, 4673008, 4673011, 4673015, 4673016, 4673018]
17734	[3593, 6274, 15165, 17413, 17743, 21703, 30786, 31929, 54879, 61671, 66550, 79963, 159202]
17739	[5829, 10589, 13192, 18201, 38323, 50892, 54591, 64137, 87151, 92939, 100875, 100877, 100879, 256789, 1448314]
17740	[2684, 2755, 3130, 3288, 3421, 6692, 7035, 7247, 8670, 12142, 12588, 12686, 13193, 13820, 14783, 16745, 17015, 21633, 21639, 21940, 23394, 25767, 28795, 30542, 31961, 31964, 36603, 36628, 38863, 39771, 44581, 46304, 47333, 48686, 51979, 56449, 57477, 59556, 61264, 61822, 66261, 66839, 71081, 75928, 77019, 88740, 96114, 111325, 118554, 139081, 152965, 159170, 172128, 178572, 200953, 200955, 200956, 200957, 207982, 366441, 2993996]
17741	[47835, 374383, 443728, 471789]
17743	[3288, 6692, 7247, 9090, 10429, 19761, 19763, 19777, 19780, 19783, 19799, 23510, 27213, 36204, 36208, 41072, 48686, 63077, 73973, 88729, 90961, 117506, 118257, 133736, 194667, 303096, 401953, 595550]
17744	[27414, 47103, 552150, 636071, 771984, 1087641, 1090387, 1090388, 1090390, 1090391, 1090392, 2485731]
17746	[2713, 6707, 10389, 72872, 100591]
17751	[2264, 81364, 83488]
17752	[2725, 11071, 11136, 12588, 17640, 23035, 83080, 87721, 98904, 114566, 139982, 144439, 252443, 269171, 294375, 376491]
17756	[2123763, 2540258, 3331563, 3331569, 4528004, 4715016, 5553113, 5613560, 6275616, 6505263, 6909072]
17757	[26997, 100685, 142992, 144927, 180275, 180279, 496253, 555832, 681461, 1481553]
17758	[19761, 19771, 19778, 19801, 36233, 41072, 47010, 49897, 89434, 145902, 154986, 255186, 594835, 1108213]
17760	[35199, 177049, 756272]
17761	[61486, 302709, 711612, 711613, 711614, 987449, 1621171]
17763	[426581, 1526725, 1527839, 1925964, 1925965, 1925966, 1925967, 1925968, 1925969, 1925970, 1925971, 1925972, 1925973, 1925975, 1925977, 1925978, 1925979, 1925980, 1925982]
17774	[19774, 26457, 26640, 89431, 98616, 98619, 153347, 285345, 529854, 7485957, 7485969]
