1	[55080, 83904, 166320]
10	[32201, 179366, 228408]
29	[76028, 177340, 207945, 899517]
30	[16406, 6181509, 6181511]
56	[184439, 184440, 184441, 184712]
59	[153980, 170355, 410038]
203	[26955, 646135, 646136]
345	[201571, 266348, 340642]
366	[76028, 110593, 732482]
524	[4654, 11012, 297533]
527	[10081, 5455066, 7262188]
528	[15900, 61499, 1736801]
540	[32181, 109661, 188810]
592	[130243, 368085, 1777178]
597	[22946, 253245, 312208]
676	[347276, 1059683, 2035499]
771	[154028, 1043775, 1132706]
819	[3865, 872312, 1421378]
820	[430553, 630957, 2360753]
842	[15807, 131046, 131048]
913	[18666, 84684, 153980]
1008	[56675, 342906, 386904, 423761, 621178, 621179, 707721, 908132, 3534493, 5900084]
1010	[10360, 201571, 227461]
1020	[84643, 182998, 1728735]
1022	[10360, 256779, 256780]
1029	[37413, 97072, 427397]
1046	[235031, 235032, 235033]
1050	[191271, 926682, 1781229]
1053	[32191, 32192, 91511]
1069	[41408, 474083, 728829]
1092	[13774, 830694, 894994]
1172	[10360, 256777, 256782]
1201	[4654, 5017, 170356, 834577]
1207	[2266, 174890, 453875]
1217	[8571, 593880, 1198930]
1260	[6270, 33199, 82248, 110987, 112961]
1271	[15118, 243119, 388339]
1294	[29936, 323172, 950650]
1310	[56675, 342906, 386904, 423761, 621178, 621179, 707721, 908132, 3534493]
1321	[48392, 48413, 84101]
1338	[4205, 41081, 41085]
1351	[18984, 47742, 191325]
1539	[20124, 48275, 51849, 51857, 81857, 96033, 108870, 177078, 180121, 196606, 240454, 269286, 279905, 279922, 284153, 292323, 292670, 311576, 328758, 345805, 368787, 410630, 421574, 435517, 587496, 648905, 767548, 780795, 788312, 813107, 813108, 813109, 963032, 1226050, 1311087, 1730124, 2224862]
1540	[20124, 48275, 51857, 81857, 96033, 108870, 180121, 196606, 240454, 279905, 279922, 284153, 292323, 292670, 311576, 345805, 410630, 435517, 767548, 780795, 813107, 813108, 813109, 963032, 1226050, 1311087, 1730124]
1541	[95537, 192325, 221990, 304972, 304975, 456926]
1542	[206133, 349764, 350933, 614915, 716002, 716085, 716101, 776847, 806556, 806601, 1148871, 1435630, 1588957, 1600410, 2323859, 3459036, 3459037, 3459038, 3459039, 3459040]
1545	[644946, 720082, 6662974, 6662975, 6662976, 6662977, 6662978, 6662979, 6662981, 6662982, 7514399]
1546	[51229, 180933, 324987, 381533, 453882, 587430, 716097, 820386, 832992, 1522639, 1549778, 2823955, 3381862, 3456965, 3456968, 6308752, 6308753]
1548	[32180, 995188, 1338738, 1669391, 2372281]
1549	[319968, 424119, 461384, 470098, 518540, 905358, 1022180, 1802076, 2938703, 3757611]
1550	[51229, 91643, 107784, 162670, 195173, 328074, 328075, 328076, 377769, 2390019]
1551	[39885, 153980, 170760, 224329, 262940, 282137, 325672, 374777, 539272, 546501, 546504, 617133, 757911, 833014, 842085, 1056568, 1097804, 1360609, 1360610, 1360611]
1552	[17413, 30148, 33198, 39776, 42360, 80117, 89337, 107784, 141308, 175255, 178276, 179142, 1341274, 1363222]
1553	[20560, 42195, 55503, 63158, 91964, 100446, 126919, 133857, 195415, 237653, 303486, 362290, 401209, 885647, 1054796, 1089933, 1747393]
1554	[20957, 30344, 31546, 40409, 66385, 73202, 101096, 115409, 139260, 146284, 170755, 196421, 213331, 231785, 254259, 262944, 331215, 347280, 370970, 459377]
1556	[10552, 17589, 29816, 30135, 75928, 107598, 140603, 156772, 188628, 200997, 203260, 249251, 277486, 288631, 322334, 381166, 414306, 530659, 1337172]
1562	[8672, 12593, 95537, 95541, 95544, 95546, 96123, 115466, 185006, 192325, 221990, 231413, 254070, 261293, 294480, 304968, 304969, 304970, 304972, 304973, 304975, 335045, 375279, 442174, 456926, 548608, 999914, 1255073]
1563	[76092, 204371, 217748, 220622, 227865, 227866, 240752, 240755, 240757, 240758, 240759, 240760, 240762, 240763, 240765, 617447, 617448]
1564	[2099560, 3565399, 3565401, 3565403, 7296995, 7296996, 7297017]
1566	[15807, 15808, 131040, 131046]
1568	[91643, 107784, 162670, 195173, 328074, 328075, 328076, 377769, 2390019]
1574	[7658050, 7658051, 7658052, 7658053, 7658054, 7658055, 7658056, 7658057, 7658058, 7658059, 7658060, 7658061, 7658062, 7658063, 7658064]
1577	[15118, 53009, 98228, 252678, 262135, 299212, 306513, 317234, 532065, 797989, 925823, 973413, 1170914]
1578	[14683, 33198, 42172, 48432, 87640, 104913, 104915, 106085, 128646, 201497]
1580	[17546, 71891, 135243, 189430, 256185, 308343, 370971, 781715, 1014312, 1211833, 1714010]
1585	[381345, 716097, 716107, 1396423, 1470284, 1589076, 1599540, 1600253, 1627321, 1630882, 3805607]
1589	[69225, 375020, 378233, 468102, 577873, 657743, 852289, 990721, 1131038, 4515960, 4632170]
1591	[267011, 566423, 1104986, 4937894, 4937895, 4937896, 4937897, 4937898, 4937899, 4937900, 4937901, 4937902]
1592	[51849, 81857, 177078, 269286, 328758, 368787, 421574, 587496, 648905, 788312, 2224862]
1593	[16127, 36807, 42184, 58033, 133116, 156371, 157582, 182998, 209570, 224377, 1057748]
1601	[17135, 81882, 135915, 191152, 252641, 269211, 455290, 585579, 769563, 874216, 2508881, 2711752]
1604	[30724, 48424, 136201, 209415, 265835, 267654, 267656, 267658, 267661]
1610	[151641, 986815, 1178857, 1180406, 1183426, 1187435, 2697416, 3053655, 3071000, 4939310, 6045874]
1614	[896440, 3075036, 3982646, 4188919, 7431737, 7431738, 7431739]
1618	[257353, 656620, 763112, 1785915, 2142426, 3028372, 3028373, 3028374, 3028375, 4257113]
1626	[84643, 294661, 1633849, 1917284]
1627	[7027, 39885, 60316, 63552, 88534, 274718, 283074, 322814, 367585, 914949, 1353218]
1629	[1432230, 1435045, 1439545, 1439547, 1622616, 2169627, 2731854, 6237149, 7091869]
1632	[380036, 525849, 552054, 875561, 1061538, 1117749, 1280369, 1623124, 2423280, 2423281, 3026127, 7110337]
1637	[281536, 456102, 520588, 546337, 573647, 741824, 843870, 913843, 1148890, 2026836, 2605752]
1640	[8571, 61486, 711613, 1988760]
1643	[10861, 37955, 45646, 237890, 263821, 293381, 295132, 611276, 696002, 919609, 993261, 996059]
1648	[182928, 255470, 266027, 272756, 300798, 763718, 1036899]
1650	[184432, 193245, 283473, 328856, 410274, 747740, 885403, 1397703]
1652	[308384, 985811, 2123220, 3010569]
1653	[12593, 95537, 95541, 95544, 95546, 96123, 115466, 185006, 192325, 221990, 231413, 261293, 294480, 304968, 304969, 304970, 304972, 304973, 304975, 335045, 375279, 442174, 456926, 548608, 999914, 1255073]
1659	[4442684, 4442685, 4442686]
1660	[301266, 359975, 1576773, 1576774, 1943593]
1661	[95537, 95541, 95544, 95546, 96123, 115466, 185006, 192325, 221990, 231413, 261293, 294480, 304968, 304969, 304970, 304972, 304973, 304975, 308877, 335045, 375279, 442174, 456926, 548608, 999914, 1255070, 1255072, 1255073, 3602070]
1663	[1622616, 2406786, 2731855, 2736646, 3390973]
1664	[1029145, 2075752, 2775635, 2775636]
1666	[15152, 227790, 490021]
1668	[130559, 557124, 557126, 557128, 557129, 568609, 1424677, 2370252]
1669	[143934, 483912, 510367, 556497, 623505, 864515, 929308, 5166397]
1673	[61118, 662177, 1225184, 1264057]
1674	[115551, 142433, 179142, 488776, 621089, 621090, 621092, 621093, 680218]
1676	[1432230, 1435045, 1439545, 1439547, 2731854, 6237149, 7091869]
1677	[32207, 135914, 289960, 441793, 683013]
1680	[26050, 211886, 519503, 774403, 1317839, 1382540]
1686	[3477, 65421, 126430, 325401, 382121, 382122, 382123, 585848]
1690	[151461, 328798, 496264, 764177]
1692	[430373, 4867848, 4867849]
1697	[642931, 1013668, 2161140, 3687006]
1699	[118085, 135531, 156371, 211778]
1701	[66617, 67036, 649996]
1715	[322731, 4257045, 4493078, 4588013]
1725	[466232, 751735, 829810, 843870, 843871, 1172267, 1381686, 1386713, 2881812]
1727	[466232, 751735, 843869, 843870, 843871, 1172267, 1381686, 1386713]
1728	[3476, 121607, 168029, 916708]
1730	[985816, 985818, 985819, 985820]
1731	[11073, 30344, 156316, 264158, 441400]
1736	[471450, 875108, 1900787]
1737	[2111151, 2111155, 2111159]
1739	[501100, 501102, 501103, 712175, 2433282]
1747	[619557, 1445854, 2301023]
1748	[281925, 471588, 918814, 1643411]
1749	[6021, 29936, 53248, 64664, 303369, 2255726]
1761	[91566, 154029, 305848, 305849]
1763	[1917284, 1975315, 1975316]
1765	[509147, 1664298, 4656420]
1767	[1205106, 1205107, 1205108, 1205109, 1205110, 1927328]
1774	[184088, 520483, 1415018, 4305605]
1779	[2809745, 5743017, 5743018, 5743020]
1781	[76038, 200813, 465884, 928380, 957676]
1786	[108694, 235979, 1064593]
1788	[83723, 135243, 253882, 266027, 303575, 654051]
1799	[44311, 61118, 843057, 1143251, 1165752, 1763233]
1800	[1439545, 1439547, 1439550, 2169627, 2228409, 2731854]
1801	[166859, 798143, 1632743, 5035513]
1805	[749316, 1036959, 2302106, 2957223]
1809	[799944, 1298267, 1821094]
1812	[454288, 784738, 1310712, 1775831, 2234112, 2974859]
1831	[45676, 344941, 584507]
1833	[1767961, 4434100, 4434101]
1837	[1231240, 5874415, 5874416, 5874417]
1851	[32211, 42708, 265560]
1854	[45670, 130563, 611219, 965701]
1857	[163993, 696504, 784734, 838650]
1859	[869054, 1123796, 1801948]
1864	[95537, 95541, 95544, 95546, 96123, 115466, 185006, 192325, 221990, 231413, 261293, 294480, 304968, 304969, 304970, 304972, 304973, 304975, 335045, 375279, 442174, 456926, 548608, 999914, 1255073]
1866	[17963, 122507, 1707193]
1870	[172763, 215246, 973066]
1890	[240099, 589080, 846450, 2172796]
1891	[20124, 48275, 108870, 240454, 279905, 279922, 284153, 292670, 345805, 767548, 813107, 813108, 813109, 1226050]
1906	[2014298, 2072412, 2072413]
1910	[751735, 829810, 843870, 1172267, 1381686, 1386713, 2881812]
1912	[437027, 1136820, 2718984]
1917	[20124, 48275, 51857, 81857, 96033, 108870, 180121, 240454, 279905, 279922, 284153, 292323, 292670, 311576, 345805, 410630, 435517, 767548, 780795, 813107, 813108, 813109, 963032, 1226050, 1311087, 1730124]
1930	[216198, 530390, 1380691]
1949	[20710, 382394, 443327]
1954	[169487, 1091796, 1091797]
1955	[20124, 48275, 51857, 96033, 108870, 240454, 284153, 292323, 292670, 345805, 410630, 780795, 813108, 813109, 963032, 1311087, 1730124]
1977	[1439545, 1439547, 1439550, 2169627, 2228409]
1987	[443900, 922576, 934251]
1995	[89086, 170322, 283844]
2014	[48275, 96033, 108870, 240454, 284153, 292670, 345805, 410630, 780795, 813108, 813109, 963032, 1311087, 1730124]
2018	[142041, 292254, 307664, 938782]
2031	[4205, 122507, 255108]
2032	[4205, 153073, 315339]
2033	[279922, 938211, 4675308]
2035	[100196, 269999, 828407]
2038	[95537, 95541, 95546, 96123, 115466, 192325, 221990, 231413, 261293, 294480, 304968, 304969, 304970, 304972, 304973, 304975, 375279, 456926, 1255073]
2046	[80122, 108694, 112961]
2049	[70377, 139260, 250698]
2051	[4449706, 5470766, 5576582]
2052	[95537, 95541, 95544, 95546, 96123, 115466, 185006, 192325, 221990, 231413, 261293, 294480, 304968, 304969, 304970, 304972, 304973, 304975, 335045, 375279, 442174, 456926, 548608, 999914]
2057	[634, 105272, 105273]
2062	[728930, 876387, 1199227, 1350757]
2065	[95537, 95541, 95546, 96123, 115466, 192325, 221990, 231413, 261293, 294480, 304968, 304969, 304970, 304972, 304973, 304975, 375279, 456926]
2077	[17135, 81882, 135915, 191152, 269211, 455290, 585579, 769563, 874216, 2508881, 2711752]
2086	[1432230, 1435045, 2731854, 6237149, 7091869]
2097	[1300593, 3963516, 7669711]
2103	[17135, 81882, 135915, 191152, 252641, 269211, 455290, 585579, 769563, 2508881, 2711752]
2106	[584507, 1207122, 1490289]
2110	[67657, 572068, 572072]
2115	[19132, 119485, 483912]
2126	[653282, 653283, 680979]
2127	[396939, 1536044, 2272082]
2141	[48275, 96033, 108870, 240454, 284153, 292670, 410630, 780795, 813108, 963032, 1311087, 1730124]
2146	[1121973, 1187102, 1389813]
2166	[39885, 153980, 170760, 224329, 262940, 282137, 374777, 539272, 546501, 546504, 617133, 757911, 833014, 842085, 1056568, 1097804, 1360609, 1360610, 1360611]
2168	[17413, 30148, 33198, 39776, 42360, 80117, 89337, 141308, 175255, 178276, 179142, 1341274, 1363222]
2176	[10861, 37955, 45646, 237890, 263821, 295132, 611276, 696002, 919609, 993261, 996059]
2177	[53248, 61270, 271516]
2178	[319968, 424119, 461384, 470098, 518540, 905358, 1802076, 2938703, 3757611]
