1	[55080, 83904, 166320]
10	[32201, 179366, 228408]
29	[76028, 177340, 207945, 899517]
30	[16406, 6181509, 6181511]
56	[184439, 184440, 184441, 184712]
59	[153980, 170355, 410038]
345	[201571, 266348, 340642]
366	[76028, 110593, 732482]
527	[10081, 5455066, 7262188]
528	[15900, 61499, 1736801]
540	[32181, 109661, 188810]
592	[130243, 368085, 1777178]
597	[22946, 253245, 312208]
676	[347276, 1059683, 2035499]
771	[154028, 1043775, 1132706]
819	[3865, 872312, 1421378]
820	[430553, 630957, 2360753]
1010	[10360, 201571, 227461, 227462]
1020	[84643, 182998, 1728735]
1022	[10360, 256779, 256780]
1046	[235031, 235032, 235033]
1050	[191271, 926682, 1781229]
1053	[32191, 32192, 91511]
1069	[41408, 474083, 728829]
1092	[13774, 830694, 894994]
1172	[10360, 256777, 256782]
1207	[3867, 9706, 10263, 13870, 15885, 17142, 28795, 35301, 42238, 47202, 88486, 114210, 169154, 178572, 237890, 315612]
1294	[29936, 323172, 950650]
1321	[48392, 48413, 84101]
1556	[10552, 17589, 107598, 1337172]
1580	[17546, 370971, 1211833]
1627	[7027, 60316, 274718]
1680	[26050, 211886, 1317839]
1728	[3476, 121607, 916708]
2272	[3474, 42180, 194498]
2394	[3898, 11201, 637432]
2867	[1835, 324987, 457786]
3181	[391, 187134, 190997]
5120	[2725, 30146, 421723]
5679	[2705, 59247, 4961642]
6787	[593, 608322, 710043, 1919103]
6918	[6268, 6708, 142970]
7057	[1835, 2266, 2725, 3865, 3909, 4205, 4654, 8760, 10262, 15885, 17641, 17960, 24167, 28100, 50263, 58574, 68693, 82842, 86163, 88595, 98545, 112966, 170355, 237890]
7075	[1045440, 1325075, 1325076, 1325077, 3133898, 5639054, 5644134]
7076	[18035, 106371, 162108, 208371, 380864, 383181, 452139, 920358, 1432200, 2244328]
7197	[3288, 8729, 10391, 15885, 17142, 28100, 31929, 32411, 35301, 47202, 112966, 113679, 114210, 237890, 252443, 326874, 449855]
7371	[1425, 11325, 20571, 26992, 35600, 38707, 40538, 132714, 178941, 218425, 219583, 233123, 1011043, 1045674, 1045675, 1045679, 1051876, 1279972, 4826593]
7455	[345477, 350933, 1232709, 1814568]
8246	[5647, 8729, 9706, 14683, 15885, 17142, 19674, 35301, 44969, 47742, 47842, 69722, 81013, 88486, 107270, 114210, 149414, 178572, 237890, 315612]
8280	[5647, 9706, 15885, 17142, 19674, 35301, 47742, 69722, 81013, 88486, 114210, 178572, 237890, 315612]
8596	[634, 15560, 37749, 40135, 62851, 99472, 105272, 105273, 209249, 290439, 348287, 363512, 381206, 728610]
8712	[74213, 201620, 201632, 201633, 224839, 225164, 225165, 297288, 441599, 568964, 590225, 590332, 918803]
8724	[214140, 778284, 785699, 1159514, 1408088, 1408089, 1408090, 1408091, 1408093, 1408094, 1408095, 1408096, 1408099, 1408100, 1408101, 1408102, 2199171, 2989658, 6468138]
8725	[39874, 69873, 93775, 117687, 247013, 262940, 264675, 267648, 268733, 319618, 320629, 322397, 405463, 703959, 795180, 836196, 885816]
8728	[142345, 145611, 156811, 165396, 230195]
8760	[2266, 97835, 386320]
8764	[139459, 153638, 581804, 2633868, 2633869, 2633870, 2633871, 2633872, 2633873, 2633874, 2633875, 2633876, 2633877, 2633878, 2633879, 2633880, 2633881]
8767	[240549, 272829, 277630, 911801, 936776, 1163532, 1348382, 1532970, 3104030, 6966470, 6966471, 6966472]
8772	[307376, 440614, 516234, 648057, 1501648, 3024516, 3024517]
8773	[140160, 475301, 568729, 691569, 716085, 716097, 806556, 807811, 924928, 1030504, 1444847, 1611698, 2531616, 3258142, 3484906, 3546228, 3546236]
8776	[662287, 961273, 4283799, 4350970, 4633996, 5344003, 5344005, 6014912, 6969368, 6969369, 6969370, 6969372]
8780	[730544, 1143880, 1699170, 1725360]
8782	[8993, 26571, 47845, 89660, 137168, 443420, 703141, 6525064, 6637174]
8784	[493503, 520514, 522461, 604060, 605570, 618549, 692563, 707381, 727961, 924495, 924500, 924502, 924504, 1161431, 1522931, 1916381]
8794	[16797, 34746, 102310, 137171, 137172, 161534, 874665, 2086144]
8797	[29019, 135847, 232645, 257421, 274957, 345763]
8805	[5647, 9706, 14683, 15885, 17142, 19674, 35301, 47742, 47842, 69722, 81013, 88486, 107270, 114210, 149414, 178572, 237890, 315612]
8809	[322777, 363290, 492340, 633399, 633401, 7336034, 7336035]
8811	[114086, 255642, 602654, 917663, 1666487, 2753325, 2777003, 2777007, 2777008, 2777022, 2777026]
8814	[8718, 114394, 227473, 270088, 270172, 277348, 277353, 285204, 302014, 325081, 329481, 461260, 467793, 543742, 713001, 809712, 1215307, 1339198, 3375015, 3375016]
8819	[4257401, 4257402, 4257404, 4257405, 4257406, 4257407, 4257408, 4257409, 4257410, 4257411, 4257412, 4257413, 4257414, 4257415]
8821	[452166, 478709, 524358, 645591, 764906, 846484, 849380, 1369780, 1561987, 1831679]
8826	[2713, 6702, 32434, 50568, 51946, 85154, 85166, 106303, 112933, 137981, 142065, 145611, 156811, 156814, 156816, 165396, 201283, 206483, 230195, 258974, 262612, 323925, 366856]
8838	[661, 10293, 65707, 69826, 78003, 99731, 143947, 171780, 198935, 202316, 292033]
8844	[1316861, 1316862, 1316864, 1316865, 1316866, 1316867, 1316868, 1316869, 1316871, 1316872, 1316873, 1316875]
8855	[644545, 1149346, 1446568, 1957928]
8856	[9271, 86472, 201942, 215513, 245598, 297117, 306958, 312337, 312357, 341822, 341867, 373665, 455091, 599711]
8865	[36628, 45938, 91803, 101847, 275340, 501175, 1044547]
8866	[6708, 1526749, 1527839, 1527889, 1527892, 1527894, 1527897, 1527898, 1527900, 1527901, 1527902, 1527906, 1527909, 1527913, 1527915]
8872	[382388, 384474, 412519, 443257, 443259]
8879	[14683, 15974, 27179, 147587, 154112, 187929, 206479, 217383, 227131, 338168, 488907, 507882]
8885	[634, 23858, 23859, 68693]
8887	[95500, 95504, 153825, 197317, 197318, 477423]
8889	[1085557, 1912351, 2933346, 4582061, 4719453, 4721158, 4743219, 4743220, 4743221, 4743246, 5119685, 6253499, 6505172, 6505174]
8890	[285876, 397202, 1250280, 3876984, 4074155, 5493161, 5532119, 5532120, 5532121]
8891	[16794, 16796, 28444, 37511, 42907, 133213, 225290]
8895	[628748, 1113577, 1243953, 1746102, 1746103, 2554416, 3920834, 3920836]
8911	[2725, 3865, 4205, 10262, 15885, 24167, 28100, 98545, 112966, 237890]
8917	[14683, 47842, 107270, 149414]
8918	[358315, 448837, 1004636, 1867532, 2637728, 6966944, 6966945, 6966946, 6966947, 6966948]
8926	[3909, 8729, 8760, 10263, 15885, 17142, 35301, 47842, 79431, 80134, 87640, 114210, 237890, 261986, 326874, 449855]
8940	[214344, 251033, 385846, 395053, 423147, 433355, 447905, 1813100, 2856237, 2856242, 2856577]
8943	[56675, 302565, 423761, 621186, 621202, 707717, 948683, 2058652, 6001617]
8944	[6270, 79089, 106006, 3753336]
8954	[310364, 486286, 516694, 1117473, 1601461, 1761992]
8960	[1221912, 1477197, 1761992, 2229494, 3070733, 3070738, 7740589]
8964	[21148, 21979, 26163, 26164, 26165, 26166, 26167, 26168, 26169, 26170, 101640]
8966	[13878, 20560, 32358, 33748, 234577, 3203390]
8976	[2005744, 2356899, 2356900, 5163904, 5163905]
8978	[24046, 80501, 81364, 91282, 99848, 176187, 181236]
8981	[83205, 799986, 814131, 1562734, 1911235, 1911236, 1911238, 1911241]
8982	[51857, 96034, 96037, 108870, 152402, 240454, 280929, 468461, 780796]
8983	[17550, 18200, 19701, 21715, 21918, 41239, 79233]
8984	[1049245, 1129505, 2509036, 4929874, 4929875, 4929876, 4929877, 4929878, 4929879, 4929882, 4929883, 4987426, 4987427]
8985	[123766, 2588795, 2933344, 2933346, 3219954, 6559901, 6559902, 6559903, 6559904]
8987	[2725, 9221, 43286, 67618, 80091, 80727, 246609, 297755, 656108]
8999	[301265, 658983, 658985, 963376, 1055905, 1055907, 1961189, 2928163]
9007	[125349, 151458, 221916, 278770, 314646, 469688, 953035]
9010	[14391, 19770, 27179, 89431, 214032, 452795, 810009, 1646331, 2150639]
9013	[1045440, 1325075, 1325076, 1325077, 3133898, 5639054]
9014	[112806, 247762, 274693, 386240, 486636, 4682298]
9023	[261090, 271646, 386548, 560907, 963567, 1028822, 2991156, 2991157]
9028	[1381993, 1881413, 1920988, 1920990, 1920991]
9030	[125903, 178195, 190588, 1207518, 1207521, 1207528, 1207531, 2147750]
9035	[12588, 20739, 33844, 59776, 103010, 180898, 209415, 3875158]
9036	[393859, 871144, 1282017, 1435673, 1435815, 1566128, 2453218, 2453248]
9045	[26997, 52504, 115701, 181485, 198935, 214809, 214810, 214811, 214812, 214813]
9047	[66237, 240897, 270213, 390738, 527172, 1055018, 2317801, 2322225]
9060	[186445, 439121, 663843, 1356963, 2917676, 2917677]
9061	[45317, 90822, 115016, 329798, 1087519]
9063	[161526, 222619, 425713, 429849, 954362, 1164827, 1753408, 2832825, 4751659]
9065	[17926, 58562, 92799, 92800, 414001]
9070	[35346, 78650, 93484, 798564]
9075	[104314, 125410, 146284, 166092, 309525, 503123]
9076	[56675, 73721, 302565, 423751, 423761, 621179, 621180, 621186, 621202, 789790, 948683, 1334142, 2058652, 2069093, 3418331, 6001617]
9081	[11737, 16678, 44969, 52240, 54650, 86092, 148254, 771069]
9085	[277175, 953115, 1006236, 1006237, 1736946]
9088	[161332, 255700, 768527, 1260543, 1955648, 2219394, 2354295, 2437430, 2740045, 2740046, 4754393]
9093	[73721, 240099, 423761, 589080, 627903, 2154831, 2219740, 3171879, 5603179, 5991206, 7136389, 7151974, 7151975]
9098	[1598835, 1954303, 1954304, 1954305, 1954306, 1954307, 1954308, 1954309, 2076036]
9103	[143331, 330945, 1823114, 1823116]
9110	[91282, 91563, 124534, 156120, 266945, 275089]
9115	[45676, 61483, 281536, 344941, 584507, 1207122, 1246035]
9116	[1189230, 1395491, 1800161, 1800164, 1800171, 1800172]
9122	[1062980, 1429321, 4930633, 5755071]
9123	[20123, 64837, 170322, 183652, 227539]
9131	[771580, 771581, 771582, 771583, 771584, 771585, 771586]
9138	[17743, 64807, 133529, 201532]
9142	[15682, 15683, 15684, 517176]
9150	[14391, 287236, 552491, 627653, 1386091]
9151	[209981, 209985, 472514, 1300939]
9153	[398133, 1796675, 2703581, 3363732, 3877705, 4145444]
9155	[32210, 75358, 274479, 294084, 320043, 322007, 665670, 665672, 665673]
9156	[495001, 658984, 658985, 838651, 1656809, 3646052, 3646053]
9161	[37732, 63628, 89628, 155140, 168453, 305375, 550011]
9166	[234389, 304134, 304135, 304137, 304138, 304139, 304140]
9168	[16799, 375771, 375772, 386013, 527762]
9169	[8760, 19768, 44955]
9171	[240851, 448493, 511614]
9175	[259569, 501531, 616460, 639296]
9179	[283148, 294273, 597909, 612304, 612305, 612306, 612307, 612323, 1032847]
9187	[12373, 131497, 176187, 271349]
9202	[12551, 12888, 78093, 297080]
9207	[185692, 308836, 1002692, 2394266]
9211	[17142, 88486, 315612]
9216	[307913, 603092, 609985, 1157480, 1900406, 2175331]
9225	[56675, 302565, 621179, 621186, 621202, 948683, 2058652]
9239	[6133619, 6133620, 6133622, 6133624]
9241	[1477197, 1599134, 2445870, 3585876]
9246	[76933, 358674, 469653, 1018296, 1088853]
9247	[484020, 530687, 1434228, 1444711, 1711057]
9249	[69344, 292140, 348770, 687804]
9257	[11737, 39294, 44561]
9259	[1290504, 1375919, 2542904, 3339145]
9271	[2725, 4654, 11012, 15165, 41235, 108338, 143225, 973261, 994592, 1387577]
9274	[41949, 101028, 157277]
9276	[2713, 79963, 89604, 104482, 119982, 119995]
9280	[39774, 75280, 353382, 399360]
9283	[386904, 621202, 992239, 2058652]
9288	[955891, 1516212, 1589076, 1599540, 1622245]
9289	[634, 15560, 23858, 23859, 37749, 40135, 62851, 68693, 99472, 105272, 105273, 209249, 290439, 348287, 363512, 381206, 728610]
9318	[1371666, 2080122, 2222098, 2482250, 3457489, 3457490]
9321	[1671037, 1671038, 1671039, 1843276]
9331	[92243, 167462, 212264, 212299, 999189, 1262227]
9333	[2554416, 2809459, 4159123, 5410123]
9346	[1835, 2266, 2725, 3865, 3909, 4205, 8760, 10262, 11737, 15885, 17960, 24167, 28100, 45963, 47946, 50263, 58574, 82842, 86163, 88595, 98545, 112966, 142748, 237890]
9347	[91866, 1325077, 6660002]
9354	[868289, 1855382, 1855383]
9366	[1312845, 1312846, 1312847, 1312857]
9369	[596822, 839186, 1959805, 2313183, 3949928]
9370	[97540, 201589, 217844, 294588, 5804717]
9376	[584634, 701914, 754119, 754129, 755687]
9377	[11012, 15165, 41235, 108338, 143225, 973261, 994592, 1387577]
9378	[3422, 28795, 56347, 56348, 71785, 74185, 1887244, 2094600]
9385	[2266, 3867, 102126]
9386	[841556, 841567, 911352, 1009586, 1436150, 1436169]
9397	[16794, 16796, 28444, 37511, 40301, 42907, 133213, 225290]
9400	[2725, 23259, 98545]
9402	[179142, 639720, 1057258, 1241686, 1893586]
9406	[9221, 43286, 67618, 80091, 80727, 246609, 297755, 656108]
9411	[9706, 17960, 21702, 51946, 57103, 82084, 86163, 89604, 178572, 305176, 959987]
9415	[17531, 26233, 40586]
9420	[17035, 24225, 37088, 46720, 63617, 112966, 120496, 140558, 319656, 320021]
9423	[137071, 138231, 141329, 317729]
9438	[280934, 431503, 711613, 711614, 1621170, 2224038, 2224039]
9441	[3288, 8729, 12136, 15885, 16127, 26641, 45963, 47742, 68187, 81013, 100591, 146284, 588603]
9449	[256732, 851153, 1054254]
9451	[225165, 510688, 1724245, 3587320]
9452	[157644, 168446, 266663, 279617, 492822]
9453	[35022, 74073, 86311, 172608, 172609, 320972]
9457	[10360, 95882, 223505]
9460	[24818, 149420, 297365]
9472	[12716, 105122, 214178, 826884]
9478	[97769, 414957, 655733]
9493	[1286548, 3707852, 4270241, 4270242]
9497	[5572, 684703, 2203928]
9501	[1835, 11737, 44969, 54650, 142748, 148254]
9502	[12688, 299238, 617380]
9510	[92243, 92623, 167462, 212264, 212299, 999189, 1262226, 1262227]
9521	[486332, 2457436, 2518445]
9528	[221916, 766819, 766824]
9530	[20590, 30785, 67686, 134258, 301346, 7704772]
9536	[80799, 90642, 352698]
9538	[212308, 271712, 1123796]
9553	[177899, 601180, 1444743, 1560856]
9554	[16796, 17142, 28444, 35301, 62261, 79431, 88486, 104093, 196271, 261986, 440069]
9555	[2713, 51946, 85154, 85166, 106303, 112933, 137981, 142065, 145611, 201283, 206483, 230195, 258974, 262612, 323925, 366856]
9559	[710043, 950098, 2055437]
9565	[125349, 221916, 278770, 314646, 469688, 953035]
9570	[2725, 19814, 81398, 106294]
9572	[60480, 110863, 274890]
9579	[2228, 5873, 8958, 10263, 11202, 17926, 21351, 22882, 23036, 38503, 76769, 142970, 147627, 240120, 277331, 420051, 629397, 738558, 1375451]
9582	[187444, 246639, 343401, 1542596]
9585	[622789, 1471489, 1560228, 2536258]
9588	[7550, 9221, 152437, 193545, 219672, 235641, 266372, 266633, 266663, 281014, 283007, 287475, 313665, 449508, 541643, 2010749]
9592	[5726438, 5751319, 5758553]
9594	[3865, 13889, 24495, 26641, 61270, 73202, 237890]
9595	[138231, 228517, 231582]
9599	[5033297, 5033298, 5033300, 5852480]
9600	[1835, 3288, 7987, 8729, 9706, 10263, 10383, 10391, 10933, 13735, 13911, 15885, 17142, 20590, 22757, 22854, 24170, 28100, 28795, 30344, 32411, 35301, 39776, 45467, 47202, 63771, 66253, 69722, 86074, 89628, 94940, 95886, 112966, 113673, 113679, 114210, 128395, 132069, 137418, 149038, 160130, 178572, 180586, 180921, 200567, 223131, 237890, 252443, 256267, 261370, 264722, 293154, 326874, 449855]
9617	[6273, 13999, 43745, 133854, 175006, 269558]
9618	[39874, 69873, 93775, 117687, 247013, 262940, 264675, 267648, 268733, 319618, 320629, 405463, 703959, 795180, 836196, 885816]
9619	[1781311, 1781328, 1781332, 1781333, 1781334]
9620	[2725, 3865, 4205, 4654, 10262, 15885, 17641, 24167, 28100, 98545, 112966, 170355, 237890]
9621	[431905, 431925, 653606, 1482503]
9622	[2264, 15885, 16754, 23259, 49765, 54304, 219213, 337011, 978962]
9625	[634, 15560, 40135, 62851, 99472, 105272, 105273, 209249, 290439, 348287, 363512, 381206, 728610]
9628	[5107, 6268, 98744, 143563]
9630	[3479, 6273, 9706, 11202, 17035, 17641, 23035, 24225, 26457, 28795, 30092, 32411, 37088, 46720, 48865, 63617, 68929, 73274, 79433, 95886, 100378, 112966, 120496, 140558, 155484, 170355, 176412, 178572, 210577, 234962, 319656, 320021]
9636	[6702, 15979, 18980, 19761, 19768, 19770, 19774, 19777, 19792, 19797, 19800, 26571, 26640, 31759, 41072, 41073, 41265, 47842, 55502, 58881, 66837, 69259, 88630, 106371, 129315, 129316, 138093, 144193, 164618, 450729]
9641	[84975, 197243, 1187195]
9648	[81857, 269286, 322000, 345026]
9649	[549575, 549580, 549581]
9655	[168446, 460570, 460572]
9658	[2713, 51946, 85154, 85166, 106303, 112933, 137981, 142065, 145611, 201283, 206483, 258974, 262612, 323925, 366856]
9661	[198358, 198360, 234701, 680977, 1881413]
9662	[2553668, 3287174, 3287175]
9664	[1835, 2713, 3865, 3909, 4205, 5647, 6273, 7142, 7987, 8729, 8760, 9706, 10262, 10263, 10383, 10391, 10552, 10589, 10933, 11737, 12369, 13735, 13870, 13911, 14683, 15885, 16794, 17142, 17413, 17960, 17967, 17971, 18035, 19600, 19674, 20560, 20590, 21703, 21767, 22757, 22854, 24167, 24170, 24495, 26457, 28100, 28795, 29718, 30344, 31929, 32411, 35301, 36214, 37111, 38563, 39776, 42238, 44581, 45467, 47010, 47202, 47841, 47842, 48865, 54305, 58574, 62047, 62253, 63617, 63771, 65066, 66253, 66373, 69722, 73274, 77019, 79156, 80134, 81013, 82842, 86074, 86163, 87640, 88575, 88595, 88624, 89628, 94940, 95886, 96370, 98767, 99929, 100118, 106084, 107270, 111936, 112359, 112966, 113673, 113679, 114210, 120496, 128395, 131994, 132069, 136704, 137418, 138093, 141873, 141891, 149038, 149428, 155484, 160130, 160133, 161328, 178005, 178572, 180517, 180586, 180921, 181236, 192199, 196267, 198102, 200567, 201755, 218599, 223131, 233199, 237890, 251595, 252443, 256263, 256266, 256267, 261370, 261986, 264722, 290448, 293154, 315612, 319656, 326874, 449855, 530073, 659431, 703109, 2462848]
9665	[36628, 102333, 340215]
9666	[10343, 13911, 22757, 28795, 31750, 49624, 59246, 101028, 113673, 128395, 160130, 180586, 200567, 261370, 267854, 293154]
9667	[30979, 35611, 88700, 89598, 89599, 96408, 298294]
9669	[184010, 1616140, 5528101]
9676	[6702, 7939, 10429, 19761, 19766, 19767, 19768, 19774, 19777, 19778, 19797, 19798, 19800, 19802, 26640, 27206, 31759, 36197, 36214, 55502, 63219, 82822, 88630, 88803, 144881, 150766, 153810, 184037, 223797, 238284, 349232, 459446, 465997, 965792, 6800476]
9680	[56675, 73721, 302565, 356612, 386904, 423751, 423761, 621179, 621186, 621202, 627903, 789790, 948683, 992239, 1311788, 1334068, 2058652, 2973754, 2986413, 3418331, 5739099, 6001617]
9683	[5647, 9706, 15885, 19674, 47742, 69722, 81013, 178572, 237890]
9698	[47742, 69866, 145717]
9702	[117195, 135261, 141792]
9706	[2532, 3909, 6273, 6274, 7142, 8729, 8760, 10589, 11737, 14683, 15885, 15973, 16794, 16795, 16796, 17142, 19600, 19761, 28444, 30979, 31929, 32411, 33762, 35301, 35611, 36214, 37111, 37511, 42238, 42907, 46767, 47202, 47841, 47842, 51946, 52689, 54304, 58574, 60776, 62253, 62261, 64562, 66373, 79431, 80134, 82834, 87640, 88486, 88575, 88699, 88700, 89598, 89628, 98767, 102311, 107270, 112966, 114210, 116263, 133854, 141891, 145483, 161529, 196267, 196271, 198102, 218599, 233199, 237890, 261986, 290448, 326874, 440069, 449855, 2462848]
9711	[238907, 462215, 639933, 2611412, 2732402, 3691934]
9712	[16747, 30614, 1098776]
9715	[2532, 3909, 6273, 6274, 7142, 8729, 8760, 10589, 11737, 14683, 15885, 15973, 16794, 16795, 16796, 17142, 19600, 19761, 28444, 30979, 31929, 32411, 33762, 35301, 35611, 36214, 37111, 37511, 42238, 42907, 46767, 47202, 47841, 47842, 51946, 52689, 54304, 58574, 60776, 62253, 62261, 64562, 66373, 79431, 80134, 82834, 86070, 87640, 88486, 88575, 88699, 88700, 89598, 89628, 98767, 102311, 107270, 112966, 114210, 116263, 133854, 141891, 145483, 161529, 196267, 196271, 198102, 218599, 233199, 237890, 261986, 290448, 326874, 440069, 449855, 2462848]
9716	[1835, 2725, 3865, 3909, 4205, 4654, 8760, 10262, 15885, 17641, 17960, 24167, 28100, 50263, 58574, 68693, 82842, 86163, 88595, 98545, 112966, 170355, 237890]
9725	[2725, 16748, 16794, 18980, 20593, 23259, 44581, 49963, 66837, 66916, 79247, 111327, 112966, 133857, 177875, 256263, 885819, 1065899, 1739647]
9737	[1835, 3865, 3909, 4205, 6273, 7142, 7987, 8729, 8760, 9706, 10262, 10263, 10383, 10391, 10589, 10933, 13735, 13911, 14683, 15885, 16794, 17142, 19600, 20590, 22757, 22854, 24167, 24170, 28100, 28795, 30344, 31929, 32411, 35301, 36214, 37111, 39776, 40360, 42238, 45467, 47202, 47841, 47842, 58574, 62253, 63771, 66253, 66373, 67036, 69722, 79433, 80134, 82842, 86074, 87640, 88486, 88575, 88595, 89628, 94940, 95886, 96370, 98767, 107270, 112966, 113673, 113679, 114210, 128395, 132069, 137418, 141891, 148254, 149038, 155484, 160130, 178572, 180586, 180921, 196267, 198102, 200567, 218599, 223131, 233199, 237890, 252443, 256267, 261370, 261986, 264722, 290448, 293154, 326874, 440069, 449855, 2462848]
9741	[1659398, 1659399, 1659400, 1659401]
9744	[20124, 81857, 153524, 311576]
9747	[15971, 15979, 19761, 19770, 19794, 19799, 19803, 42090, 44955, 67247, 88701, 103693, 129315, 134149, 138093, 450729]
9748	[660, 76971, 130217]
9750	[240099, 240100, 589080, 2575105, 3171879, 6248779, 6248780, 6248781, 7151974]
9751	[352868, 496200, 4272392]
9753	[30007, 41232, 541025]
9759	[19761, 19767, 19774, 19777, 19800, 31759, 36197, 36214, 88630, 144881, 238284, 465997]
9767	[240099, 846450, 4329770, 6395595]
9768	[19761, 19774, 19777, 31759, 36197, 36214, 44955, 66843, 95501, 163892, 235754, 286815, 325155, 325156, 465997]
9770	[448487, 636998, 1175549]
9774	[16261, 996481, 2177180]
9775	[11419, 28365, 64601, 385807]
9780	[262940, 653095, 769508]
9789	[56675, 73721, 240099, 302565, 423751, 423761, 621179, 621186, 621202, 789790, 908132, 948683, 1311788, 1334068, 2057385, 2058652, 3418331, 5405859, 5991206, 6001617]
9793	[30977, 64837, 153810, 220615]
9799	[365767, 1065654, 1247497]
9803	[94940, 202252, 2934853]
9806	[3865, 4205, 5873, 10262, 10355, 10383, 10933, 12369, 13911, 17142, 20590, 20691, 21767, 22757, 22853, 24167, 24170, 28100, 40536, 47202, 48397, 48512, 82842, 83811, 88595, 112966, 113673, 132069, 149325, 164259, 236852, 250959, 264722, 273394, 659431]
9815	[1356212, 1749293, 3439249]
9826	[6456369, 6631566, 6631567]
9834	[2705, 4655, 5873, 7027, 10355, 11419, 12369, 15560, 18547, 21767, 22853, 40536, 42173, 47202, 48397, 51225, 58494, 83770, 83811, 92051, 92660, 95878, 109850, 136198, 144791, 149325, 167748, 193631, 217304, 220594, 236852, 250959, 256972, 261772, 266172, 317113, 332999, 590225, 659431, 727471, 859640, 1313782, 1545600, 1908791]
9837	[4097, 13151, 13880, 21712, 68219, 71449, 213798, 416073]
9840	[15885, 55583, 144193, 434487, 497369, 529854, 630532]
9845	[97419, 489530, 489590]
9849	[15559, 82598, 82600, 82602, 82612]
9850	[240099, 589080, 627903, 2219740, 3171879, 7151974, 7151975]
9857	[4098, 13881, 17015, 17743, 86694, 95886, 108068, 534348]
9877	[7939, 10429, 19761, 19766, 19778, 19798, 19802, 63219, 82822, 88803, 150766, 153810, 184037, 223797, 349232, 965792, 6800476]
9883	[7987, 9462, 10263, 10383, 10933, 12136, 12588, 15118, 24170, 28795, 33929, 39776, 45115, 100591, 126416, 132069, 148393, 177974, 200567, 239941, 261370, 262135, 262138, 263519, 264722, 293154]
9894	[3865, 3867, 7142, 8729, 9706, 10383, 13870, 15885, 20590, 24170, 68187, 141891, 178572, 198102, 237890, 264722]
9896	[3479, 12340, 47022, 148607]
9899	[2920, 3864, 3867, 11290, 13151, 16678, 17958, 17967, 29936, 32550, 74774, 153739, 169154, 213798, 213938, 295137, 416073]
9905	[3909, 6273, 8760, 10589, 14683, 15885, 16794, 17142, 18035, 19600, 19761, 30145, 31757, 31929, 32411, 35301, 36214, 37111, 42238, 47202, 47841, 47842, 51946, 58574, 62253, 66373, 69199, 79431, 79935, 80134, 86069, 87640, 88486, 88575, 89628, 92978, 98767, 107270, 108753, 112966, 114210, 131994, 148254, 149428, 160609, 196267, 218599, 220450, 220451, 225293, 233199, 237890, 261986, 290448, 440069, 703109, 2462848]
9909	[337659, 454198, 1546441, 4854956]
9910	[3867, 58494, 103132, 180119, 199785, 269105, 290448, 303048, 303627, 303636, 541643, 659677, 910816, 1296429, 2264974, 4977045]
9916	[6520, 28332, 38563]
9926	[565741, 1217431, 1313712]
9928	[5647, 12369, 13911, 19674, 21767, 47202, 81013, 136704, 145422, 192199, 659431]
9932	[3865, 7142, 15885, 60480, 198102]
9936	[831802, 1339752, 1339753]
9943	[39293, 71081, 96774, 465951]
9945	[2228, 5873, 8958, 10263, 11202, 17926, 21351, 22882, 23036, 38503, 142970, 147627, 240120, 277331, 420051, 629397, 738558, 1375451]
9947	[96037, 196606, 292670, 304821, 351846]
9959	[4205, 9706, 10262, 24167, 155484, 210705, 333987, 759478]
9961	[78003, 198937, 366111]
9962	[76938, 76939, 283310, 1233317]
9972	[1081570, 1081571, 1081573]
9973	[1835, 2266, 7987, 9706, 10263, 10383, 10391, 10933, 13735, 13870, 13911, 15885, 17035, 22757, 22854, 24170, 24221, 28795, 30344, 32411, 35301, 39776, 44581, 45467, 63771, 65855, 66253, 69722, 79091, 86074, 89628, 94940, 95886, 112966, 113673, 113679, 114210, 128395, 132069, 137418, 149038, 160130, 162670, 178572, 178732, 180586, 180921, 200567, 223131, 237890, 252443, 256263, 256267, 261370, 264722, 293154, 326874, 449855, 489841]
9978	[16678, 44969, 52240, 54650, 86092, 148254, 771069]
9981	[24221, 29718, 47841, 94066, 242415, 1079647]
9982	[3479, 11202, 23035, 30092, 46720, 100378, 176412, 234962]
9985	[225886, 1123026, 1361076, 3209253]
9987	[804034, 2531991, 3912297]
9994	[3865, 15885, 17960, 86163, 98545]
9998	[9271, 18552, 46481, 63771, 152685, 196421, 254761, 291653, 654094, 1477311, 2004541]
10005	[131085, 232595, 529854, 1214023]
10011	[3476, 119296, 241311]
10017	[214178, 486467, 2329853]
10023	[6702, 32434, 50568, 51946, 85154, 85166, 106303, 112933, 145611, 156811, 156814, 156816, 165396, 206483, 230195, 258974, 323925, 366856]
10028	[17971, 28100, 32411, 112966, 155852, 175556, 239453, 315612]
10030	[31759, 60480, 496148]
10034	[10262, 17957, 24046, 24221, 31726, 32501, 40346, 60480, 64791, 77701, 99929, 140868, 223819, 279640, 347413, 347414, 598186, 2492132]
10039	[51857, 96034, 96037, 152402, 240454, 280929, 468461, 780796]
10046	[1085557, 1912351, 4582061, 4721158, 4743246, 5119685, 6253499, 6505172, 6505174]
10052	[1835, 5647, 7987, 9706, 10263, 10383, 10391, 10933, 12369, 13735, 13870, 13911, 15885, 17142, 19674, 21767, 22757, 22854, 24170, 28795, 30344, 32411, 35301, 38563, 39776, 44581, 45467, 47202, 63771, 66253, 69722, 81013, 86074, 89628, 94940, 95886, 111936, 112966, 113673, 113679, 114210, 128395, 132069, 136704, 137418, 138093, 149038, 149428, 160130, 178005, 178572, 180586, 180921, 181236, 192199, 200567, 223131, 237890, 251595, 252443, 256263, 256267, 261370, 264722, 293154, 326874, 449855, 659431]
10054	[13890, 99776, 384880, 500247]
10065	[2705, 2725, 3682, 4655, 5873, 6273, 7027, 9706, 10355, 10552, 10933, 11419, 11737, 12369, 13911, 15560, 16794, 17142, 17413, 17967, 17971, 18035, 18547, 20560, 21703, 21767, 22853, 24167, 35301, 36197, 39776, 40536, 42173, 42238, 42360, 45467, 47010, 47202, 48397, 51225, 54305, 58494, 58574, 61671, 63617, 65066, 77019, 79156, 82842, 83770, 83811, 86163, 88595, 88624, 92051, 92660, 95878, 95886, 99929, 100118, 106084, 109850, 112359, 112966, 113673, 114210, 128395, 131994, 132069, 136198, 138093, 141873, 144791, 149038, 149325, 149428, 155484, 161328, 167748, 178572, 180517, 192199, 193631, 200567, 201755, 217304, 220594, 236852, 250959, 256972, 261772, 266172, 293154, 317113, 326874, 332999, 449855, 590225, 659431, 703109, 727471, 859640, 1313782, 1545600, 1908791]
10073	[15971, 19770, 19794, 19799, 19803, 42090, 44955, 88701, 103693, 134149]
10077	[6702, 19768, 19797, 19800, 26640, 41073, 55502, 58881, 69259, 106371, 129315, 129316, 138093, 164618]
10081	[201620, 201632, 201633, 224839, 225164, 225165, 297288, 441599, 568964, 590225, 590332, 918803]
10082	[13867, 21703, 21710, 65637, 75985, 78668, 126833, 133237, 154400, 197542, 198102]
10085	[2266, 2725, 3865, 3909, 4205, 8760, 10088, 10262, 11737, 12688, 15885, 17960, 24167, 28100, 45963, 47946, 58574, 68693, 82842, 86163, 88595, 98545, 112966, 237890]
10087	[829989, 3859646, 4497433]
10092	[2713, 2725, 4205, 5647, 7142, 7552, 8729, 10262, 11737, 15885, 17142, 18170, 19674, 24167, 27500, 28100, 28972, 35301, 47010, 47202, 70828, 71873, 73194, 80134, 82842, 83080, 88595, 112359, 112966, 114210, 141891, 151608, 198102, 237890, 258153, 267212, 335949]
10108	[274117, 1603013, 3474162]
10113	[56675, 73721, 302565, 423761, 621186, 621202, 948683, 1311788, 1334068, 2058652, 2973754, 3418331, 5739099]
10121	[1835, 2725, 4205, 5647, 6273, 7987, 9706, 10262, 10263, 10383, 10391, 10933, 13735, 13870, 13911, 15165, 15885, 17142, 17641, 17827, 17960, 17967, 19674, 22757, 22854, 24167, 24170, 24495, 26457, 28100, 28795, 29718, 30344, 32411, 35301, 39776, 44581, 45467, 47202, 47742, 48865, 61270, 63552, 63771, 66253, 69722, 73274, 81013, 86074, 86163, 89628, 94940, 95886, 97664, 98545, 112966, 113673, 113679, 114210, 124541, 128395, 132069, 136704, 137418, 146284, 149038, 149428, 151376, 153073, 155484, 160130, 170355, 178572, 180586, 180921, 200567, 223131, 237890, 245648, 247009, 252443, 256267, 261370, 264722, 291340, 293154, 326874, 449855, 4127331]
10124	[56675, 302565, 423761, 621179, 621186, 621202, 789790, 948683, 1311788, 1334068, 2058652, 6001617]
10127	[15979, 26571, 41265, 62261, 79431, 93243, 141129, 196271, 213692, 250095, 261986, 1374906, 2015147]
10129	[61486, 280934, 431503, 711613, 1621170, 2224038, 2224039]
10131	[15569, 26168, 49265]
10134	[133233, 167427, 643308, 643309]
10135	[1835, 2713, 3865, 3909, 4205, 6273, 7142, 7987, 8729, 8760, 9706, 10262, 10263, 10383, 10391, 10589, 10933, 13735, 13870, 13911, 14683, 15875, 15885, 16794, 17035, 17142, 17960, 17971, 19600, 20590, 22757, 22854, 24170, 24225, 24495, 26457, 28100, 28795, 29718, 30344, 31929, 32411, 35301, 36214, 37088, 37111, 39776, 42238, 44581, 45467, 46720, 47202, 47841, 47842, 48865, 58574, 62047, 62253, 63617, 63771, 66253, 66373, 69722, 73274, 80134, 86074, 86163, 87640, 88575, 89628, 94940, 95886, 96370, 98767, 107270, 112966, 113673, 113679, 114210, 120496, 128395, 132069, 136198, 136704, 137418, 140558, 141891, 149038, 149428, 155484, 160130, 160133, 161328, 178572, 180586, 180921, 196267, 198102, 200567, 218599, 223131, 233199, 237890, 252443, 256263, 256266, 256267, 261370, 261986, 264722, 274690, 290448, 293154, 297949, 315612, 319656, 320021, 326874, 449855, 530073, 1018666, 2462848]
10143	[618935, 816991, 1241335]
10144	[63158, 307020, 677919]
10152	[2725, 4205, 5647, 7552, 10262, 18170, 19674, 24167, 27500, 28972, 70828, 71873, 73194, 83080, 151608, 258153, 267212, 335949]
10154	[7939, 10429, 19761, 19766, 19778, 19802, 63219, 82822, 88803, 150766, 184037, 223797, 349232, 965792, 6800476]
10155	[723312, 1206200, 6936166]
10157	[388920, 1085803, 1652759]
10158	[2705, 2725, 3682, 4655, 5873, 7027, 9706, 10355, 11419, 12369, 13911, 15560, 18547, 21767, 22853, 40536, 42173, 42360, 47202, 48397, 51225, 58494, 83770, 83811, 92051, 92660, 95878, 109850, 113673, 136198, 144791, 149325, 155484, 167748, 178572, 192199, 193631, 217304, 220594, 236852, 250959, 256972, 261772, 266172, 317113, 332999, 590225, 659431, 727471, 859640, 1313782, 1545600, 1908791]
10161	[246510, 1062755, 5115999]
10162	[19761, 19774, 19777, 31759, 36197, 36214, 44955, 95501, 163892, 235754, 286815, 325155, 325156, 465997]
10163	[658383, 833270, 1338403]
10178	[32190, 606741, 606742]
10179	[765864, 1838744, 1838745]
10181	[224467, 600884, 606128]
10187	[2973864, 2973865, 2973866]
10189	[81951, 487253, 615913]
10191	[3865, 4205, 10262, 10383, 10933, 13911, 17546, 20590, 20691, 22757, 24167, 24170, 28100, 42237, 48397, 48512, 68693, 112966, 113673, 132069, 164259, 174890, 264722, 273394, 302675, 326478]
10192	[6273, 7142, 9706, 13911, 17641, 22757, 23035, 26457, 28795, 29718, 41949, 48865, 63617, 68929, 71081, 73274, 79433, 81599, 95886, 113673, 141891, 155484, 160130, 170355, 178572, 180586, 180764, 198102, 210577, 261370]
10196	[164421, 289943, 1265702]
10204	[17142, 30979, 35611, 52689, 82834, 88486, 88699, 88700, 89598, 116263, 167786, 440069]
10216	[10262, 17957, 24046, 24221, 32501, 40346, 64791, 77701, 140868, 223819, 279640, 347413, 347414, 598186, 2492132]
10219	[2264, 2532, 3288, 3865, 3867, 4205, 5647, 6273, 7142, 8729, 10262, 10383, 10391, 10552, 10933, 11737, 13151, 13870, 13911, 15885, 16794, 17142, 17413, 17958, 17967, 17971, 18035, 18982, 19674, 20560, 21703, 22757, 24167, 24170, 28100, 29936, 32411, 35055, 35301, 40301, 42238, 44581, 47010, 47202, 48245, 54305, 58574, 61270, 65066, 69199, 77019, 79156, 79935, 80134, 82842, 86163, 88486, 88595, 88624, 99929, 100118, 106084, 112359, 112966, 113673, 113679, 114210, 131994, 132069, 133854, 137418, 138093, 141873, 141891, 146284, 149428, 153739, 180517, 198102, 201755, 213938, 237890, 246232, 252443, 256263, 264722, 440068, 440069, 530073, 703109]
10221	[39874, 69873, 93775, 117687, 247013, 262940, 264675, 267648, 268733, 319618, 320629, 703959, 795180, 836196]
10227	[1835, 2532, 3477, 3682, 3865, 3909, 4205, 6273, 7142, 7987, 8760, 9706, 10262, 10263, 10383, 10391, 10933, 11737, 13151, 13735, 13870, 13911, 13999, 15885, 16748, 16996, 17142, 17640, 17958, 17960, 17967, 22757, 22854, 24170, 24495, 28100, 28795, 29718, 29936, 30344, 31929, 32166, 32411, 35301, 37106, 39776, 44581, 45467, 47202, 60479, 61270, 63771, 66253, 68929, 69722, 75922, 79433, 86074, 86163, 89628, 94940, 95886, 98545, 112966, 113673, 113679, 114210, 128395, 132069, 133854, 137418, 138093, 141891, 146284, 149038, 149428, 153739, 160130, 178572, 180586, 180921, 198102, 200567, 213938, 223131, 237890, 252443, 256263, 256267, 261370, 264722, 293154, 326874, 449855, 530073]
10228	[48275, 743480, 1219579]
10229	[3865, 267857, 397333]
10230	[2705, 4655, 7027, 11419, 12369, 15560, 18547, 42173, 48397, 51225, 109850, 144791, 217304, 250959, 261772, 266172, 317113, 659431, 859640, 1313782, 1545600]
10233	[1835, 4205, 5083, 7987, 9706, 10262, 10263, 10380, 10383, 10391, 10933, 13735, 13870, 13911, 15885, 22757, 22854, 24170, 28795, 30344, 32411, 35301, 39776, 45467, 48512, 63771, 66253, 69722, 79949, 86074, 89628, 94940, 95886, 112966, 113673, 113679, 114210, 125451, 128395, 132069, 137418, 149038, 160130, 160133, 164259, 178572, 180586, 180921, 200567, 223131, 237890, 252443, 256267, 261370, 264722, 293154, 326874, 449855]
10234	[14683, 66373, 86092, 89628, 107270, 133240, 196267, 196271, 359785, 366195]
10242	[1835, 4205, 6273, 7987, 9706, 10262, 10263, 10383, 10391, 10933, 13735, 13870, 13911, 15885, 17142, 17827, 17960, 22757, 22854, 24170, 24495, 26457, 28100, 28795, 29718, 30344, 32411, 35301, 39776, 45467, 47202, 48865, 63552, 63771, 66253, 69722, 73274, 86074, 86163, 89628, 94940, 95886, 97664, 112966, 113673, 113679, 114210, 124541, 128395, 132069, 137418, 149038, 151376, 153073, 160130, 178572, 180586, 180921, 200567, 223131, 237890, 245648, 247009, 252443, 256267, 261370, 264722, 291340, 293154, 326874, 449855]
10247	[3867, 14185, 16678, 35347, 42238, 94382]
10249	[10343, 28795, 49624, 59246, 101028, 267854]
10251	[1835, 2532, 2713, 2725, 3422, 3859, 3863, 3865, 3867, 3909, 4028, 4654, 6273, 7142, 8729, 8760, 9706, 10383, 10589, 11737, 13870, 13896, 13999, 14683, 15885, 16794, 17142, 17743, 17957, 17960, 19600, 20590, 23259, 24170, 24495, 29718, 31929, 32411, 35301, 36214, 37111, 41279, 42238, 47202, 47841, 47842, 48865, 50263, 56347, 58574, 62253, 66373, 68929, 80134, 84666, 86163, 87640, 88575, 89628, 98767, 107270, 112966, 114210, 124534, 133854, 141891, 142748, 178572, 191476, 196267, 198102, 218599, 219213, 233199, 237551, 237890, 261986, 264722, 290448, 416075, 978962, 2462848]
10258	[240099, 240100, 589080, 2575105, 3171879, 6248779, 6248780, 6248781]
10261	[15165, 25284, 79790, 106001, 125410, 126833, 169154]
10264	[13911, 65939, 410333]
10271	[18035, 43733, 66373, 83740, 95886, 191318, 307067, 408382]
10272	[8670, 10088, 10383, 11737, 12209, 12688, 20590, 41222, 45963, 52959, 64796, 78627, 168782, 168783]
10276	[30145, 47842, 69199, 79935, 92978, 149428, 160609, 225293]
10280	[48865, 292254, 1331279]
10281	[274800, 1072615, 1072616]
10287	[851819, 949064, 1056799]
10289	[4205, 6520, 7987, 10262, 10383, 13911, 24170, 34278, 40360, 82730, 91685, 112154, 113673, 264722]
10290	[2264, 2532, 3288, 3865, 3867, 6273, 10383, 10552, 11737, 13870, 15885, 16794, 17142, 17413, 17967, 17971, 18035, 18982, 20560, 21703, 24167, 24170, 28100, 32411, 35055, 35301, 40301, 42238, 47010, 47202, 48245, 54305, 58574, 61270, 65066, 77019, 79156, 82842, 86163, 88486, 88595, 88624, 99929, 100118, 106084, 112359, 112966, 114210, 131994, 133854, 138093, 141873, 146284, 149428, 180517, 201755, 237890, 246232, 264722, 440069, 530073, 703109]
10291	[26997, 52504, 115701, 214809, 214810, 214811, 214812, 214813]
10293	[10391, 15875, 32411, 45467, 63617, 63771, 112966, 113679, 120496, 136198, 149038, 252443, 274690, 297949, 319656, 1018666]
10295	[9773, 470932, 531286]
10302	[748512, 801429, 1129488]
10303	[1835, 3909, 4205, 6273, 7987, 9706, 10262, 10263, 10383, 10391, 10589, 10933, 13735, 13870, 13911, 14683, 15885, 16794, 17142, 17960, 17971, 19600, 22757, 22854, 24170, 24495, 28100, 28795, 29718, 30344, 31929, 32411, 35301, 36214, 37111, 39776, 42238, 45467, 47202, 47841, 47842, 58574, 62253, 63617, 63771, 66253, 66373, 69722, 73274, 80134, 86074, 86163, 87640, 88575, 89628, 94940, 95886, 98767, 107270, 112966, 113673, 113679, 114210, 120496, 128395, 132069, 137418, 149038, 149428, 160130, 160133, 178572, 180586, 180921, 196267, 200567, 218599, 223131, 233199, 237890, 252443, 256266, 256267, 261370, 261986, 264722, 290448, 293154, 319656, 326874, 449855, 530073, 2462848]
10304	[32411, 36868, 44581, 112966, 169574, 256263, 256266, 256267, 256268]
10305	[199591, 235979, 1338267]
10306	[6702, 19768, 19797, 19800, 26640, 41073, 55502, 58881, 106371, 129315, 129316, 164618]
10307	[16797, 17142, 20560, 47202, 61848, 77002, 77019, 88486, 100118, 133232, 133233, 133234, 440068, 440069]
10308	[15979, 19761, 67247, 103693]
10311	[157629, 176253, 221737]
10314	[196792, 269286, 788312]
10318	[7939, 10429, 19761, 19766, 19778, 19802, 63219, 82822, 150766, 184037, 223797, 349232, 965792, 6800476]
10323	[3422, 3478, 4158, 8670, 17957, 18201, 27330, 33528, 36214, 40360, 41266, 48245, 48863, 67036, 98767, 178790]
10325	[9081, 9706, 11737, 16748, 17032, 17640, 17960, 18980, 20956, 25260, 29224, 31929, 48680, 51979, 59804, 66837, 68187, 80129, 106084, 141181, 178572]
10331	[2266, 3470, 4205, 5647, 6271, 9081, 10262, 13151, 15165, 15885, 17958, 17967, 19674, 26641, 29936, 32434, 47742, 65637, 77031, 79790, 81013, 87622, 88606, 98545, 101113, 107597, 122287, 153739, 169154, 171594, 201497, 213938, 238213, 588603]
10332	[2264, 3288, 3867, 6273, 10383, 10552, 11737, 13870, 15885, 16794, 17142, 17413, 17967, 17971, 18035, 20560, 21703, 24167, 24170, 28100, 32411, 35055, 35301, 40301, 42238, 47010, 47202, 48245, 54305, 58574, 61270, 65066, 77019, 79156, 82842, 86163, 88595, 88624, 99929, 100118, 106084, 112359, 112966, 114210, 131994, 133854, 138093, 141873, 146284, 149428, 180517, 201755, 237890, 246232, 703109]
10336	[1835, 15885, 17827, 48865, 63552, 89628, 97664, 124541, 151376, 153073, 237890, 245648, 247009, 291340]
10338	[301265, 658985, 963376, 1055905, 1055907, 1961189, 2928163]
10341	[18200, 145432, 182286]
10342	[4205, 5647, 6271, 9081, 10262, 13151, 15165, 15885, 17958, 17967, 19674, 26641, 29936, 32434, 47742, 65637, 77031, 79790, 81013, 87622, 88606, 98545, 101113, 107597, 122287, 153739, 169154, 171594, 201497, 213938, 238213, 588603]
10343	[6273, 47742, 79934, 190493, 280490]
10344	[91570, 92242, 105469]
10345	[2725, 18170, 24167, 27500, 28972, 70828, 71873, 73194, 83080, 151608, 258153, 267212]
10346	[114086, 255642, 602654, 917663, 1666487, 2753325, 2777003, 2777022, 2777026]
10347	[214344, 251033, 385846, 395053, 423147, 433355, 447905, 1813100, 2856237, 2856577]
10351	[4205, 6520, 7987, 10262, 13911, 34278, 40360, 82730, 91685, 112154, 113673]
10354	[1835, 2532, 3422, 3859, 3863, 3865, 3867, 4028, 4654, 7142, 9706, 13870, 13896, 15885, 17957, 20590, 23259, 24495, 29718, 41279, 50263, 178572, 191476, 198102, 219213, 237890, 416075, 978962]
10357	[269211, 274896, 297269]
10360	[5873, 10355, 11419, 12369, 21767, 22853, 40536, 47202, 48397, 58494, 83770, 83811, 92051, 92660, 95878, 136198, 149325, 167748, 193631, 220594, 236852, 250959, 256972, 332999, 590225, 659431, 727471, 1908791]
10372	[2705, 4655, 7027, 12369, 15560, 18547, 42173, 51225, 109850, 144791, 217304, 250959, 261772, 266172, 317113, 859640, 1313782, 1545600]
10373	[5873, 10355, 11419, 12369, 21767, 22853, 40536, 47202, 48397, 58494, 83770, 83811, 92051, 92660, 95878, 136198, 167748, 193631, 220594, 236852, 250959, 256972, 332999, 590225, 659431, 727471, 1908791]
10375	[18200, 19701, 21715, 21918, 41239, 79233]
