1	[55080, 83904, 166320]
10	[32201, 179366, 228408]
17	[11696, 32190, 76028, 91504, 200821, 219565, 269868, 457732, 502814, 756840, 925138, 1378754, 1876974]
29	[76028, 177340, 207945, 899517]
30	[16406, 6181509, 6181511]
56	[184439, 184440, 184441, 184712]
59	[153980, 170355, 410038]
203	[26955, 646135, 646136]
345	[201571, 266348, 340642]
366	[76028, 110593, 732482]
524	[4654, 11012, 297533]
527	[10081, 5455066, 7262188]
528	[15900, 61499, 1736801]
540	[32181, 109661, 188810]
592	[130243, 368085, 1777178]
597	[22946, 253245, 312208]
676	[347276, 1059683, 2035499]
771	[154028, 1043775, 1132706]
819	[3865, 872312, 1421378]
820	[430553, 630957, 2360753]
842	[15807, 131046, 131048]
913	[18666, 84684, 153980]
1008	[56675, 386904, 5900084]
1010	[10360, 201571, 227461]
1020	[84643, 182998, 1728735]
1022	[10360, 256778, 256779, 256780]
1029	[37413, 97072, 427397]
1035	[393414, 528641, 765072, 1266524, 1413587, 1413588, 1413589, 1413590, 1595977, 1632777, 2126761, 2155427, 4846774]
1046	[235031, 235032, 235033]
1050	[191271, 926682, 1781229]
1053	[32191, 32192, 91511]
1069	[41408, 474083, 728829]
1083	[628737, 1113596, 1377315, 1668356, 2122600, 2452765]
1092	[13774, 830694, 894994]
1172	[10360, 256777, 256782]
1201	[4654, 5017, 12686, 82730, 86094, 125101, 136184, 163585, 170356, 175776, 219822, 264304, 279942, 281455, 311234, 420011, 424576, 468102, 519728, 526593, 703268, 711657, 833560, 834577, 837575, 837600, 852386, 912577, 1110350, 1677206, 1741193, 3722164]
1202	[157276, 199497, 935628, 1045179, 1589892, 2516293, 2729271, 2785954, 3514305]
1203	[45674, 258800, 456102, 541632, 619530, 762654, 1383482, 1383483, 1383484]
1204	[55140, 60916, 60917, 63150, 196022, 296495, 317156, 346505, 367237, 384410, 479265, 1003643, 1017173, 2734259, 3590210]
1205	[516431, 1355606, 1355620, 2117328, 2919560, 2919561, 2919563, 2919564, 2919565, 2919566, 2919567, 2919568, 3683284, 3756052, 4372291, 6151665]
1207	[2266, 41081, 86549, 172763, 174890, 453875, 1155779, 1156566, 1157394, 1157602, 1157603, 1157604, 1157605, 1157606, 1215915]
1208	[328798, 370432, 460925, 947279, 1166143, 1558112, 1587018]
1209	[115605, 691569, 1278118, 1522603, 1589140]
1210	[1140408, 1166174, 1362644, 2131607]
1211	[332764, 802631, 802633, 802634, 802635, 1671138, 1671139]
1212	[7154, 8816, 14898, 16127, 30721, 41249, 49530, 49609, 74210, 82735, 84795, 85762, 94538, 97073, 179059, 238359, 301280]
1214	[619083, 1371662, 1372828, 1372829]
1215	[543304, 2439200, 2439201, 2439203, 2439204, 2439205, 2439206, 2439207, 2439208, 2439209, 2439210, 2439211, 2439213]
1216	[184712, 193246, 684263, 951131, 1015193, 1397707, 1397708]
1217	[8571, 44313, 61486, 593880, 711613, 852242, 1198930, 1988760, 4850998]
1218	[11696, 32190, 76028, 91504, 200821, 269868, 457732, 502814, 756840, 925138, 1378754, 1876974]
1220	[354377, 371652, 407769, 940455, 940459, 940460, 1044052, 1044053, 1044055]
1222	[37420, 59556, 82738, 202924, 263824, 323172, 440817, 535043]
1226	[45102, 62643, 84643, 100039, 168903, 1089933, 2987434]
1230	[444354, 1095710, 1095711, 1954763]
1231	[32497, 84675, 424047, 492260, 6473204, 6599192, 6599193, 6599194, 6599195, 6599196, 7299839]
1236	[115467, 144321, 446295, 643100, 873334]
1244	[51852, 130588, 288238, 508959, 559060, 560240, 606315, 606319, 881363, 935769, 1178489, 1180452, 1180453, 2570473]
1246	[32190, 156896, 184430, 184712, 187048, 187051, 1057001]
1248	[124405, 164971, 280969, 409757, 874184, 1168035]
1251	[628737, 1377315, 1668356, 2122600, 2452765]
1258	[646883, 776857, 1245270]
1259	[326247, 436852, 651836, 676918, 800183, 800256, 1413106, 1691533]
1260	[6270, 110987, 112961]
1261	[1432230, 1439545, 1439546, 1439547, 2169627, 2228409, 2356255, 2647681]
1268	[26050, 32194, 32206, 216607, 244702, 244704, 900392]
1271	[10343, 15118, 42191, 64739, 219821, 243119, 388339, 470372]
1278	[184440, 875108, 4653238]
1280	[51852, 130588, 288238, 508959, 559060, 606315, 881363, 935769, 1178489, 1180452, 1180453, 2570473]
1283	[270795, 334509, 438870, 468108]
1289	[282208, 450203, 2226955]
1290	[65645, 119084, 368094, 843049, 1015193]
1292	[519629, 572502, 643026, 1242135]
1294	[29936, 115409, 323172, 950650]
1295	[135915, 715119, 813950, 813951]
1304	[29936, 37420, 59556, 82738, 115409, 202924, 263824, 323172, 440817, 535043, 950650]
1308	[232503, 1123702, 4675280]
1310	[56675, 342906, 423761, 621178, 3534492]
1315	[296745, 776701, 777413, 1882789]
1316	[48275, 57521, 253111]
1317	[1439547, 2356257, 4004626, 4591691]
1321	[29923, 48392, 48413, 84101, 84669]
1323	[1432230, 1435045, 1439547, 1622616, 2169627, 2228409, 2731854, 2736942, 2749693, 5833517, 7090273]
1325	[32199, 193936, 212000, 269999, 270000, 465884]
1327	[1435045, 2738304, 4591691, 4591692]
1334	[6270, 19502, 555295]
1338	[4205, 41081, 41085]
1344	[161272, 1065719, 1424613]
1345	[32192, 163993, 378105, 1519916]
1348	[199295, 458533, 458535]
1350	[252918, 350432, 886728]
1351	[7153, 18984, 47742, 191325]
1352	[646136, 784737, 3910523]
1361	[779278, 1440429, 4142974]
1362	[1439546, 2531567, 2792807, 2959019]
1365	[82730, 86094, 125101, 175776, 219822, 264304, 420011, 468102, 519728, 711657, 912577, 1110350, 1677206, 1741193, 3722164]
1367	[95537, 192325, 272275, 1143295]
1371	[751735, 752101, 829810, 2881812]
1379	[185689, 1362644, 2215953, 2215956]
1380	[526574, 1078170, 4469376]
1381	[2923672, 4145589, 5556006]
1384	[214233, 388830, 2063319]
1388	[11696, 76028, 91504, 200821, 269868, 457732, 502814, 756840, 925138, 1378754, 1876974]
1390	[51852, 288238, 508959, 559060, 606315, 881363, 1178489, 1180452, 1180453, 2570473]
1396	[4654, 5017, 12686, 136184, 163585, 170356, 279942, 281455, 311234, 420011, 424576, 526593, 703268, 833560, 834577, 837575, 837600, 852386]
1408	[17963, 1350756, 1350757]
1419	[1526298, 1526299, 1876041, 1876042]
1427	[270311, 311048, 1058932]
1430	[293022, 458045, 617230]
1431	[55140, 60916, 60917, 63150, 296495, 317156, 346505, 367237, 384410, 479265, 1003643, 1017173, 2734259, 3590210]
1439	[87011, 511480, 879788]
1441	[199497, 1045179, 1589892, 2516293, 2729271, 2785954, 3514305]
1442	[262358, 903854, 1930990]
1448	[26955, 32208, 205525, 619851, 4637417]
1465	[1847553, 1853252, 2690227, 2842090]
1481	[1432230, 1435045, 1439547, 2169627, 2228409, 2731854, 2736942, 2749693, 7090273]
1485	[1266524, 1413587, 1413588, 1413589, 1413590, 1595977, 1632777, 2126761, 2155427, 4846774]
1492	[1432230, 1435045, 1439547, 1622616, 2169627, 2228409, 5833517]
1494	[206096, 593645, 1963847]
1500	[10343, 15118, 42191, 64739, 243119, 388339, 470372]
1504	[110387, 999914, 1524329]
1508	[174249, 594422, 1504892]
1510	[59556, 1324637, 2458921]
1511	[8571, 44313, 61486, 593880, 711613, 852242, 1198930, 1988760]
1512	[1007492, 1245270, 1362492]
1525	[157276, 199497, 935628, 1045179, 2516293, 2785954, 3514305]
1526	[55140, 60916, 60917, 63150, 296495, 317156, 346505, 367237, 384410, 479265, 1003643, 1017173, 2734259]
1530	[4654, 5017, 136184, 163585, 170356, 279942, 281455, 311234, 420011, 424576, 526593, 703268, 833560, 834577, 837575, 837600, 852386]
