1	[55080, 83904, 166320]
10	[32201, 179366, 228408]
29	[76028, 177340, 207945, 899517]
30	[16406, 6181509, 6181511]
56	[184439, 184440, 184441, 184712]
59	[153980, 170355, 410038]
366	[76028, 110593, 732482]
527	[10081, 5455066, 7262188]
528	[15900, 61499, 1736801]
540	[32181, 109661, 188810]
592	[130243, 368085, 384776, 538197, 1777178, 4030039, 4052686]
676	[347276, 1059683, 2035499]
771	[154028, 1043775, 1132706]
819	[3865, 872312, 1421378]
820	[430553, 630957, 2360753]
1020	[84643, 182998, 1728735]
1022	[10360, 256779, 256780]
1046	[235031, 235032, 235033]
1050	[191271, 926682, 1781229]
1053	[32191, 32192, 91511]
1069	[41408, 474083, 728829]
1092	[13774, 830694, 894994]
1172	[10360, 256777, 256782]
1294	[29936, 323172, 950650]
1321	[48392, 48413, 84101]
1556	[10552, 17589, 107598, 1337172]
1580	[17546, 370971, 1211833]
1627	[7027, 60316, 274718]
1680	[26050, 211886, 1317839]
1728	[3476, 121607, 916708]
2272	[3474, 42180, 194498]
2394	[3898, 11201, 637432]
2867	[1835, 324987, 457786]
3181	[391, 187134, 190997]
5120	[2725, 30146, 421723]
5679	[2705, 59247, 4961642]
6787	[593, 608322, 710042, 710043, 833092, 1919103]
7371	[1425, 132714, 178941]
8596	[634, 105272, 363512]
8760	[2266, 97835, 386320]
8885	[634, 10363, 16388, 23858, 23859, 37749, 60149, 138238, 206441]
10849	[2725, 9772, 204965]
13480	[2704, 29001, 4053754]
13489	[391, 99731, 123904]
15047	[73721, 240099, 423743, 423751, 423761, 627903, 1788897, 1788904, 1910598, 2058551, 2154831, 2172796, 2311534, 2707883, 4750012, 6086097, 6086103, 6086209, 6149020, 6402299, 6970703, 7087362]
15465	[1458, 4093, 30915]
15485	[868, 1705, 17928, 47677]
15518	[56675, 73721, 302565, 342906, 423751, 423761, 490162, 627903, 707712, 908132, 1031007, 2058551, 2707882, 3962494, 4750012, 5968481]
15536	[83232, 201632, 224839, 590225]
15554	[7702, 19762, 26523, 26912, 28795, 30915, 32388, 36197, 46764, 71081, 201878, 357442, 503529]
15780	[78, 83723, 241833]
15987	[2604, 79579, 1411691]
16153	[2264, 52771, 56348]
16378	[593, 96037, 279922, 780796]
16411	[3474, 38258, 104664]
16432	[166778, 167315, 168042, 397599, 407609, 1805736, 1962407, 1962408]
16543	[796823, 948683, 2058551, 4122099]
16579	[402, 230534, 358880]
16711	[9762, 309897, 309898, 309903, 315187, 316265, 330168, 349208, 634327, 817516, 869211, 1036046, 1111497, 1276143, 1822436, 1843836, 2127763, 2486359, 2698212, 3498044, 3617756, 4203994]
16812	[868, 1409977, 1409978]
16848	[2689, 17960, 33281]
16954	[40346, 67070, 86163, 245159]
17032	[946, 2264, 3865, 4097, 20590, 24072, 26522, 26523, 30915, 31580, 36197, 46764, 59792, 61406, 63019, 92734, 106294, 121386, 145420, 219213, 227848, 275110, 314733, 349335, 696514, 808827, 998386, 1037518]
17135	[2967, 7262, 45843, 228032, 654575]
17489	[66837, 172760, 176185, 246232, 310137, 311510, 319960, 327416, 345918, 380856, 380859, 410333, 503126, 917490, 1137498]
17654	[1126, 32381, 113284]
17855	[7669, 48686, 78548, 135920, 197324]
17860	[2545387, 3009319, 3009513, 5850635, 5850636, 5850637, 5850638, 5850639, 5850640]
17878	[661, 63308, 65707, 99731, 111437, 115701, 198935, 198937, 210516, 225230, 230534, 257373, 314275, 343820, 488540]
17881	[15808, 131040, 131041, 131042, 131043, 131044]
17894	[10582, 32520, 47025, 73725, 87519, 89660, 111555, 151964, 253968, 363522, 645145]
17902	[289544, 439000, 635527, 925841, 1106837, 1106838, 1106839, 1106840, 1106842, 1605177]
17908	[3909, 6707, 13193, 14783, 77019, 106460]
17920	[1081570, 3809048, 3809050, 3809051, 3809052, 3809053, 3809054, 3809055, 3809056, 3809057, 3809058, 3809059, 3809060, 3809062, 3809063]
17921	[88821, 104613, 104615, 224081, 236511, 403950]
17933	[4653, 22497, 22498, 22500, 32605, 32606, 32607, 45200, 53010, 53014, 78495, 141736, 1687939]
17941	[141444, 148867, 241325, 246639, 267872, 277787, 1069507, 1085404]
17947	[22720, 106066, 145778]
17954	[75431, 1209222, 1498876, 1532391, 1993887, 2425941, 2707160, 3185942, 4774563, 5078653, 5779996, 5779997, 5779998, 5779999, 5780000, 5780001, 5780002, 5780003, 5780004, 5780005, 5780006, 5780007]
17955	[92671, 113572, 129985, 256531, 1184660, 5773909, 7700752, 7700753]
17967	[103010, 224893, 658660, 1483521, 1595134, 1615068, 1843070, 3652995, 3652997, 3652998, 3652999, 3653000, 3653003, 3653004, 3653011, 6321232]
17968	[57483, 595432, 603312, 696936, 727623, 2221661, 3971139, 6532218, 6532219, 6532229]
17971	[567446, 615371, 757979, 977722, 1002092, 1035086, 1038890, 1464982, 1566850, 1598578, 2372165, 2378365, 4210915, 4426433]
17973	[12088, 17800, 26165, 29932, 39598, 39599, 44030, 79641]
17983	[2426954, 2426966, 2673225, 3376535, 4631090, 4631091, 4631092]
17988	[2713, 3422, 3864, 8729, 16678, 32434, 46281, 49294, 76043, 143402, 254282, 349644, 364705]
17992	[98174, 244126, 382299, 650358, 791151, 791152, 1701154, 1992663, 2703934, 2703935, 2703936, 2703938, 2703939, 2703941, 2703942, 3631924, 3631925, 3631926, 4614018, 4614019, 4614020, 4614021, 6528973]
17993	[15885, 716101, 1209381, 1418787, 1694802, 2571543, 2719817, 3198294, 3657063, 3657065, 3657067, 3657069, 3657071, 3657074, 3657076]
17994	[12209, 32388, 66147, 83080, 123418, 257237]
17995	[365767, 434904, 538156, 637987, 1065654, 1247497, 1368463, 2283491, 3954847]
18003	[171153, 207260, 248669, 522797, 767834, 1370785, 2233995, 2874507, 2874509, 2874511, 2874513]
18012	[337204, 445815, 555128, 555129, 555130, 555131, 555133, 2585324]
18018	[6707, 13193, 14783, 77019]
18045	[958902, 1326912, 1326913, 1326914, 1326916, 1326917, 1326918, 1326919, 1326920, 1326921, 1326922, 1326923, 1326924, 1326925, 2322807, 2322809, 2705399]
18048	[39885, 95537, 96123, 108439, 115469, 151641, 239236, 261293, 268272, 294746, 335760, 833986, 1641629]
18051	[168680, 168681, 242462, 290202, 293774, 329853, 401300, 441544, 441600, 1621171, 1743838, 1754448]
18056	[1286233, 1286255, 1320968, 1654557, 1677003, 1677005, 1960875, 2139952, 2227025, 4114939]
18057	[484, 1781, 32915, 36663, 44599, 84704, 90451, 177115, 268344, 314868, 355125, 1041097]
18066	[24336, 26225, 29040, 32633, 45116, 61730, 66330, 100870, 285848, 304339, 308351]
18078	[2714, 10389, 19762, 28795, 30542, 32388]
18082	[36458, 78273, 124667, 137185, 147175, 155111, 298434, 400463, 869647, 1108763, 1363969, 1385018]
18089	[13259, 280517, 514774, 565040, 678411, 6227923, 6451385, 6451387, 6451388, 7257519]
18095	[11192, 12373, 14481, 21639, 30093, 36581, 74500, 81666, 106474, 114566, 116901, 124386, 125410, 139982, 139983, 140168, 143849, 152428, 156351, 204247, 214625, 264475, 494096, 500493, 2070947, 2312546]
18096	[2728, 76605, 126442, 247726, 270578, 275974, 309338, 328334, 343684, 345003]
18112	[224409, 373871, 373872, 441607, 503126, 787324, 2189139, 2659871, 2659872, 6460420]
18114	[593684, 692055, 1854912, 2773854, 2773856, 2822512, 7281864]
18115	[48275, 51857, 196606, 279922, 322000]
18119	[4710852, 4710853, 4710854, 4710855]
18126	[2266, 3288, 3470, 3682, 11649, 14185, 17046, 17047, 21560, 27330, 29819, 29937, 31929, 67930, 67959, 98192, 105587, 194787, 1659302]
18139	[60354, 119968, 169614, 169615, 169616, 169617, 169618]
18140	[7552, 7613, 7702, 10389, 13820, 30542, 32990, 63008, 72872, 81613, 111325, 148507, 192160, 292385]
18144	[218103, 377010, 516001, 727372, 1041052, 1242191, 1242271, 1242273, 1242274, 1242275]
18147	[847100, 3026252, 4851325, 4852397]
18149	[295152, 1152093, 1152094, 1152096, 1152097, 1152098, 1152099, 1152100, 1170764, 1170765, 3702748]
18151	[12007, 15560, 84452, 179117, 187776, 328969, 339071, 339072, 340562, 340563, 356176, 520199, 636065, 1243834, 2615377, 2920756]
18152	[17546, 20184, 45467, 107102, 137225, 257115, 375279, 626965, 645295, 696225, 789776, 837582, 1376152, 1933006]
18153	[18799, 18802, 120312, 335786, 339679, 375670, 389074, 625609, 889632, 1418152, 1491940]
18154	[408134, 4582525, 6625221, 6625222, 6625223, 6625224, 6625225, 6625226, 6625227, 6625228, 6625229]
18156	[2604, 8949, 11192, 19604, 21249, 27455, 72178, 267827, 286726, 378412]
18159	[3868, 3909, 5310, 7552, 10389, 13898, 17778, 26522, 30542, 32391, 48863, 81666, 106185, 148507]
18163	[3251345, 5280864, 5280865]
18167	[18677, 42191, 105361, 216449, 329652, 668355, 869647, 1031403, 1361963]
18171	[27178, 70152, 98365, 112052, 196724, 332291, 998399]
18178	[2976425, 3222891, 4462530, 4962580, 5007045, 5105477, 6786323, 6990945, 7044370, 7686022, 7700731, 7700739]
18180	[6274, 16794, 16797, 16799, 39709, 46767, 62261, 137813, 253612]
18183	[423481, 657815, 1022445, 2076036, 2629699, 2629709, 2629710, 2629711, 2629712]
18191	[324972, 492138, 492143, 1079491, 1985705, 7713355, 7713356, 7713357, 7713358]
18192	[1019269, 1019270, 1019271, 1019272]
18204	[36221, 36228, 87030, 105115, 105116, 118070]
18213	[7659, 7669, 9090, 10429, 16810, 19762, 19763, 19766, 28795, 32381, 36221, 78548, 101256, 134001, 135920, 154986, 466703]
18214	[891895, 891897, 891898, 891899, 891900, 891902, 891903]
18224	[2725, 11012, 63617]
18226	[255870, 289279, 361616, 381872, 497845, 525959, 1234278]
18230	[7702, 21032, 26523, 71081, 201571]
18233	[3165, 64135, 66025, 113275, 114566, 191040, 253969, 272445, 297948]
18247	[25893, 124506, 150930, 1373008]
18250	[217893, 457984, 1721447, 2797863, 6160808, 6160809, 6160810, 6160814, 6160816, 6160817, 6160820]
18252	[3898, 3909, 31753]
18263	[10389, 29691, 43956, 86163, 91777, 95705, 104102, 117026, 138315, 253612]
18268	[107945, 194154, 268325]
18283	[660, 5049, 8265, 49845, 57533, 60364, 76119, 199295]
18284	[7030, 7659, 7669, 17531, 19763, 23510, 36221, 37222, 68571, 118072, 134001, 135920, 204063, 253528, 429849, 466703]
18292	[2714, 3867, 4654, 6271, 8024, 11290, 21637, 26216, 69005]
18295	[249839, 261760, 379874, 392124, 603092]
18304	[3516285, 3768038, 3768039, 3768040, 3768041, 3768042, 3768043, 3768045, 3768046, 3768047, 5823422]
18310	[75585, 76934, 76974, 83228, 168427, 570956, 596452, 1095180]
18313	[94868, 141461, 424732]
18322	[212520, 290603, 293774, 341362, 377373, 453604, 811357, 989099, 989100, 989101, 989102]
18327	[1784378, 3681229, 3681231, 3681237, 3681241, 3681250, 3681257, 3681261, 3681267, 3681272]
18331	[25477, 26205, 44575, 99871, 287434, 1171743, 1171744, 1172022]
18337	[19783, 23510, 36228, 36230, 36232, 36233]
18338	[2967, 3018, 6090, 7262, 9269, 25165, 45841, 45842, 45843, 45845, 61225, 228032, 323143, 654575]
18339	[487726, 487727, 487728, 487729, 487730, 487731, 1315517]
18341	[11473, 295926, 1183866, 1615514]
18347	[69132, 69134, 76642, 233003, 1087975]
18355	[166778, 167315, 397599, 407609, 1805736, 1962407, 1962408]
18357	[2713, 2725, 10383, 46720, 48246, 56621, 143225]
18367	[4970, 17804, 525922]
18379	[17926, 50077, 88124, 97542, 912543]
18381	[361211, 483599, 483737, 486792, 487641, 680274, 1474480]
18388	[11879, 12710, 21715, 40978, 49845, 58774, 65707, 82730, 839224, 987684]
18394	[69012, 685161, 969879, 1159715, 1217243, 1721442, 1721444, 1721445, 1721447, 1721449, 1721450]
18395	[10431, 17640, 319493, 371807]
18397	[2714, 3867, 6271, 8024, 21637, 26216, 69005]
18399	[306617, 317393, 1226139, 1572391, 1572392, 1794728]
18400	[41105, 143885, 1029702]
18403	[19777, 19798, 36197, 41072, 66842, 159202, 176147, 232357]
18406	[2713, 2725, 4654, 8760, 12196, 13932, 22854, 39670, 48246, 56621, 211302]
18407	[65645, 153980, 502809, 793004]
18416	[26205, 33801, 38794, 44599, 139428, 2456214]
18420	[10389, 48245, 59556, 63077, 114126, 124680, 573804]
18421	[32434, 65629, 162108]
18428	[6270, 6518, 6520, 197435]
18435	[73721, 423743, 1788904, 2219740]
18439	[773052, 1227354, 5152661]
18441	[84862, 130333, 362722, 435667, 547004]
18445	[6692, 10429, 15529, 16810, 19766, 19768, 19771, 19777, 19792, 19799, 22291, 25955, 32434, 36213, 47835, 49963, 58773, 63008, 66842, 66843, 78548, 87680, 88630, 101256, 112758, 139971, 159202, 176147, 187085, 194909, 232357, 232595, 264151, 459446, 812902]
18446	[83242, 139985, 281158]
18448	[423740, 1311788, 1681635, 2065517, 2707883, 3723467, 4940633, 7240265]
18452	[659, 5099, 79109, 80657]
18454	[1343905, 4376170, 5861911]
18462	[17926, 18011, 22494, 22500]
18467	[348590, 533580, 885241, 988115, 1019291, 1019293, 1443041, 3264094]
18470	[96123, 252850, 382721, 494326, 1400395, 2198939]
18479	[412145, 1302605, 1751567]
18480	[339302, 562454, 921643, 1350163, 2222554, 2235267, 7141687]
18487	[3136, 29077, 36975, 133934, 133935, 133936]
18508	[434904, 593873, 602473, 707105, 828934, 1023690, 1344964, 2825332]
18509	[584, 75358, 91322, 94860, 101284]
18514	[163812, 269727, 271005, 314469, 377402, 832557, 832558, 832559]
18521	[15629, 354854, 822316, 822317]
18524	[40451, 130831, 225998, 277652, 479678, 715800, 1309395, 1329918, 1352634, 4907715]
18530	[61588, 92798, 95705, 348049, 391684]
18533	[16745, 16794, 48686, 56597, 80121, 90961, 106085, 118257, 133213, 402909, 1402641]
18543	[336363, 6224439, 6224440, 6224441, 6224442]
18545	[2713, 19777, 36197, 41072, 82832, 285635]
18550	[1458, 1740, 2532, 3421, 3860, 3863, 4096, 7261, 11287, 13873, 13896, 22783, 35344, 39239, 39241, 41057, 43315, 43744, 62132, 64229, 64613, 65292, 65395, 66294, 67526, 68737, 68747, 75187, 76043, 76348, 78586, 82333, 84626, 90640, 93067, 96954, 102293, 108068, 112786, 142954, 142955, 156011, 162283, 169706, 219582, 237784, 359019, 627825, 1861971]
18558	[2482, 10543, 12217, 116604, 257371, 257377, 282754, 288814, 339700]
18565	[4079, 5099, 10389, 14482, 26522, 26523, 26912, 30542, 32391, 36314, 66373, 71081, 83931, 150767, 201878, 240898, 261834]
18566	[5873, 6273, 7035, 7259, 7552, 9462, 17926, 38379, 38973, 72168, 72169]
18567	[92724, 108068, 165318]
18572	[65292, 69122, 69578, 1184772]
18584	[361211, 1315517, 1490628, 7760635]
18587	[25404, 27419, 61156, 328369]
18592	[89836, 99848, 174510, 449508]
18598	[27045, 80092, 97320, 105921]
18609	[73721, 240099, 423743, 423751, 423761, 627903, 846450, 1788897, 1788904, 1910598, 2058551, 2154831, 2172796, 2219740, 2311534, 2707883, 4750012, 4951168, 5319710, 6051874, 6086097, 6086103, 6086209, 6149020, 6402299, 6970703, 7087362]
18612	[2713, 17033, 32434, 49294]
18617	[7247, 7702, 10389, 13608, 15842, 15885, 16745, 17827, 19762, 20942, 22334, 26522, 26523, 26912, 28795, 30542, 31961, 32388, 32391, 34829, 38379, 43733, 47841, 57103, 66268, 72872, 72881, 76370, 77019, 77837, 82033, 84342, 86093, 88722, 98361, 103010, 103064, 115771, 116790, 118255, 124860, 127272, 139979, 148507, 150767, 158694, 171123, 177603, 201878, 208842, 214380, 214625, 228032, 240898, 245159, 261834, 352088, 357442, 391420, 503529, 1127897]
18618	[4098, 92133, 101610, 217385, 280782]
18622	[7613, 62132, 65292, 66839, 67526, 67964, 84626, 104723]
18626	[2532, 3421, 3860, 4096, 7261, 13873, 22783, 39241, 43315, 64613, 76043, 96954, 156009, 156010, 156011, 162283, 219582, 237784, 627825, 1861971]
18629	[3165, 66025, 113275, 114566, 191040, 253969, 272445, 297948]
18631	[1561, 26453, 29020]
18632	[13, 946, 1104, 1139, 1781, 2692, 2714, 2725, 3130, 3868, 3909, 4033, 4079, 4096, 5310, 5362, 5873, 6689, 7035, 7142, 7247, 7256, 7257, 7363, 7552, 7613, 7702, 8600, 9074, 10389, 10429, 10431, 10584, 10589, 11050, 11136, 12409, 12581, 12582, 12596, 12686, 12693, 13193, 13608, 13783, 13820, 13880, 13911, 14481, 15842, 15885, 16745, 16794, 16810, 17637, 17783, 17827, 19762, 20942, 21373, 21633, 21637, 21639, 22195, 23446, 25052, 25261, 26522, 26523, 26912, 28795, 29230, 29237, 29549, 30093, 30542, 30915, 30918, 31017, 31080, 31121, 31260, 31961, 31987, 32381, 32388, 32391, 32990, 34829, 34890, 36220, 37222, 38379, 38403, 38563, 40360, 42991, 43745, 46281, 46764, 47841, 49530, 49784, 53539, 53637, 54650, 57103, 58773, 59967, 63008, 64791, 64801, 66373, 69007, 72695, 72872, 72881, 73722, 75163, 76370, 77019, 77837, 78548, 81013, 81613, 83143, 84342, 86093, 86412, 88722, 90591, 91890, 92764, 97664, 98361, 101028, 101256, 103064, 106185, 106460, 109509, 110089, 111325, 112925, 113779, 114042, 115228, 124497, 124506, 124860, 128021, 128718, 139979, 139982, 139983, 139984, 139985, 139986, 147175, 148507, 150767, 158694, 178574, 192160, 194667, 195810, 195836, 201878, 204063, 214625, 215404, 225276, 227848, 236897, 240898, 256789, 261834, 290702, 292385, 323858, 335255, 352088, 357442, 500759, 503529, 605570, 812902, 1232899, 1746676, 2055868, 2114419, 3385341]
18633	[816517, 1587559, 1798551, 2077325, 2639921]
18634	[17971, 30542, 64489, 112470]
18639	[101649, 118257, 133213, 298191, 318836, 428441]
18640	[5829, 15169, 17399, 31145]
18644	[15803, 228551, 7304428]
18649	[343069, 393072, 703723, 808386, 920017, 936168, 1549657, 3651088]
18655	[3909, 17961, 180586, 566678]
18661	[198679, 548472, 609846, 617340, 972763, 4482896]
18669	[95380, 348846, 1190275]
18673	[9762, 309897, 309903, 315187, 316265, 634327, 817516, 1036046, 1111497, 1276143, 1822436, 2127763, 2698212, 3498044, 3617756, 4203994]
18674	[2266, 2714, 3867, 6271, 8024, 21637, 26216, 69005]
18677	[297510, 297511, 355859, 410747]
18691	[28972, 41767, 63486, 286331]
18693	[458096, 6904594, 6904595, 6904596]
18696	[946, 4091, 30093, 43745, 44125, 49530, 65292, 76042, 83143, 361267]
18697	[237653, 252664, 306530, 508876, 2000663]
18705	[28365, 254335, 264594, 292847]
18713	[20691, 250037, 253092, 446473, 481490, 4060660]
18714	[19763, 19766, 19768, 78548, 154986, 466703]
18721	[14654, 117195, 160609, 161104]
18732	[2266, 111936, 357960]
18734	[138239, 1157725, 2970362, 6384142]
18735	[74213, 83232, 201633, 218421, 224839, 225164, 225165, 441599, 590225, 918803, 1343876]
18736	[6714, 11287, 30318, 31989]
18738	[12596, 47333, 71081]
18740	[41189, 110599, 132019]
18742	[807182, 920016, 936168, 1349836, 1349837]
18744	[23755, 185751, 258119, 328195]
18745	[398133, 1477046, 2920812, 2920813]
18746	[804034, 2531991, 3912297]
18752	[7544, 10431, 24338, 25725, 32388, 37949, 47025, 49267, 53413, 63139, 68337, 71373, 111187, 118928]
18756	[4033, 16745, 30093, 34829, 64601, 72872, 77837, 98361, 139982]
18765	[30088, 67526, 81666, 113018]
18767	[27959, 137912, 246575, 1511106, 1667396]
18775	[55325, 83224, 458652]
18776	[868, 30901, 106545]
18781	[1740, 7613, 11287, 62132, 65292, 66839, 67526, 67964, 84626, 104723]
18784	[23345, 293292, 7725783, 7725802]
18785	[2003, 2692, 46179]
18786	[14974, 18553, 228869, 228870, 359803]
18788	[324252, 543441, 1717825]
18789	[17997, 142545, 493341]
18791	[728837, 728840, 966189, 966190]
18808	[7544, 10431, 19762, 24338, 25725, 28795, 32388, 37949, 47025, 49267, 53413, 63139, 68337, 71373, 111187, 118928]
18823	[174652, 185154, 185155]
18825	[2753, 2967, 29926, 248339]
18826	[15529, 36197, 47835, 49963, 459446]
18828	[9762, 309897, 309903, 315187, 316265, 634327, 817516, 1036046, 1111497, 1276143, 1822436, 2127763, 2698212, 3194969, 3498044, 3617756, 4203994]
18830	[3684459, 4891372, 5847836, 6286650, 7663732]
18831	[21032, 51229, 67126, 201571, 256245, 333987]
18839	[56935, 88486, 118256]
18844	[7702, 490245, 1173479]
18847	[3909, 4205, 10497, 12686, 42172, 48425, 49530, 81013]
18856	[255052, 3161242, 3161243, 3161244]
18879	[22980, 240327, 1330829, 1330830]
18882	[163539, 283562, 436283, 438269, 463925]
18884	[4079, 14482, 26522, 31992, 32391, 36314]
18887	[309738, 351520, 552927, 837412, 838104, 863251, 4485712]
18890	[156120, 314634, 314635]
18893	[207103, 651294, 651298, 651299, 2121978, 2787464]
18900	[842940, 843053, 3347063, 4000578]
18907	[127402, 454293, 833092, 862979]
18908	[12834, 98385, 274070, 377441, 457974]
18912	[8405, 30996, 54879, 137912]
18923	[5083, 19731, 31802, 67331, 73725]
18932	[556181, 879584, 1147050, 3472723]
18936	[6274, 13811, 26160, 79963]
18942	[2713, 3422, 8729, 16678, 32434, 46281, 49294, 76043, 143402, 254282, 349644, 364705]
18947	[46764, 137418, 140385, 156023]
18948	[529348, 4338790, 5417669, 5541732]
18957	[25052, 54720, 86317, 149044, 165328, 421717]
18958	[132317, 670238, 720547, 737061]
18963	[11192, 12373, 13608, 14481, 15842, 21639, 30093, 31987, 32915, 34829, 36581, 74500, 83077, 86093, 106047, 112925, 114566, 116901, 124386, 125410, 139979, 139982, 139983, 140168, 143849, 152428, 156351, 190358, 204247, 214625, 241755, 264475, 494096, 500493, 605570, 738151, 2070947, 2312546, 5674853]
18964	[12686, 17638, 194667, 207982]
18966	[28444, 63427, 90961, 118257, 133213, 298191, 352589, 359027]
18967	[164091, 5465773, 5465774]
18970	[1818922, 3455863, 3641055, 3641056, 3641057, 3641058]
18973	[3470, 8402, 15165, 17413]
18978	[204430, 374646, 698820]
18979	[48275, 51857, 279922]
18995	[535231, 579575, 830260, 1313904]
18999	[20571, 95379, 370805, 455893]
19001	[1524702, 2026590, 2060515, 2060520, 2060522]
19011	[4969, 19111, 23183, 40520, 86246]
19013	[2266, 3288, 3470, 11649, 14185, 17046, 17047, 21560, 27330, 29819, 29937, 31929, 67930, 67959, 98192, 105587, 194787, 1659302]
19017	[24167, 64452, 112562]
19022	[19803, 36242, 69005, 69465, 80091, 127064, 154497, 247186, 346707, 451579, 469605, 479982, 572134, 1088230, 1121420, 1146570, 1290131, 1291902, 1795673, 4701952]
19023	[23528, 130926, 200837]
19026	[145077, 271548, 314045, 325081, 1148028]
19031	[36220, 310551, 7627354]
19033	[2264, 3288, 16963, 22757, 28209]
19039	[2300245, 7469232, 7469233]
19049	[26912, 66837, 80018, 2201480]
19052	[179111, 179113, 815333, 3536976]
19054	[224574, 719097, 4039561]
19056	[154858, 570333, 570334]
19061	[946, 34316, 38776]
19070	[3130, 3865, 4033, 4096, 7247, 9074, 10389, 10584, 12409, 12596, 12803, 13193, 13608, 14481, 15842, 15885, 16745, 17637, 18978, 19762, 20942, 21633, 21639, 22334, 22856, 28795, 29230, 29237, 29990, 30093, 30542, 31961, 31987, 32388, 34829, 38379, 38563, 47841, 57103, 64791, 64801, 72695, 72872, 74481, 76370, 77019, 77837, 82735, 86093, 87814, 90591, 91890, 92764, 98361, 103064, 104723, 109509, 112925, 115228, 139979, 139982, 139983, 139984, 139985, 139986, 148507, 174958, 195810, 206215, 214625, 219822, 228032, 357307, 369619, 605570]
19073	[1542085, 1945509, 2515282, 2533485]
19092	[37029, 370784, 528680]
19111	[3470, 3682, 108907, 169574]
19114	[2713, 30681, 46720, 48246, 56621, 209684]
19125	[2713, 8760, 12716, 32411, 46720, 48246, 56621]
19135	[161260, 2706326, 4092610]
19137	[1310826, 2839175, 5901999]
19141	[18980, 51224, 52509, 170575]
19148	[1022305, 2370694, 4015296]
19150	[2660, 7613, 10429, 15529, 16810, 19771, 19799, 22291, 22367, 23510, 34155, 36216, 36230, 36233, 37222, 40754, 58773, 73973, 76927, 78548, 88821, 98360, 98608, 101256, 139969, 139971, 152503, 154989, 160119, 176147, 178037, 194909, 253528, 313740, 361721, 481858, 481859, 518807, 812902, 1125970, 2959167]
19171	[3288, 3470, 11649, 14185, 17046, 21560, 27330, 29937, 31929, 67930, 67959, 98192, 105587, 194787, 1659302]
19178	[95537, 3123572, 3123575]
19189	[19768, 41072, 82832, 285635]
19193	[51398, 1113477, 1236151, 3851560]
19204	[388815, 1835702, 2449026, 2750795]
19206	[30249, 34551, 69330]
19216	[82730, 98767, 141880]
19222	[4975, 7262, 28328, 36236]
19224	[2714, 9452, 11192, 12218, 12373, 14481, 21639, 30093, 31580, 32915, 36581, 50714, 74500, 80501, 83077, 86417, 106047, 113184, 114566, 116901, 124386, 125410, 139982, 139983, 140168, 143849, 145420, 151755, 152428, 156351, 190358, 204247, 214625, 241755, 251941, 264475, 268200, 289622, 289943, 297959, 306088, 313910, 323298, 442868, 468959, 494096, 500493, 696514, 738151, 1061655, 1137995, 1434157, 1449065, 1707183, 2070947, 2312546, 5674853]
19225	[946, 2714, 3865, 4097, 5310, 7613, 9452, 10389, 12218, 12594, 12693, 13783, 14481, 17783, 18839, 20590, 21639, 24046, 24072, 26216, 26522, 26523, 26912, 29022, 30092, 30093, 30542, 30915, 31260, 31580, 31961, 32391, 38563, 44125, 46764, 50714, 50855, 54650, 58773, 59792, 61406, 63008, 63019, 63486, 66373, 69007, 71081, 79314, 80501, 81613, 83146, 86417, 90559, 92734, 96129, 113184, 114042, 117470, 121386, 131497, 139982, 143849, 145420, 146954, 150767, 151755, 152428, 161091, 191798, 192160, 201878, 204247, 214625, 219213, 219292, 227848, 240898, 249758, 251941, 261834, 268200, 272985, 275110, 289622, 292385, 297959, 306088, 313910, 314733, 323298, 349335, 366441, 442868, 468959, 607054, 696514, 723499, 808827, 812902, 870972, 998386, 1061655, 1137995, 1434157, 1449065, 1707183, 3898280]
19226	[4033, 37729, 702101]
19228	[101159, 140630, 279596]
19235	[1835, 3130, 7142, 10584, 12590, 13193, 15885, 16745, 20942, 38379, 103064, 1901457]
19239	[4205, 7987, 132066, 223196, 501175]
19240	[1104, 2967, 57254]
19241	[27202, 36216, 269524, 1475101]
19243	[37730, 37735, 104664, 299585, 333367]
19247	[946, 1139, 3868, 3909, 5310, 7257, 7702, 8024, 10389, 13608, 13898, 21571, 26522, 28209, 28876, 30542, 30915, 32391, 33281, 40399, 41949, 45779, 46764, 52918, 62376, 64452, 66263, 67070, 67260, 86069, 86093, 89612, 91890, 106294, 106460, 114850, 128373, 240898, 256789, 334909, 426668, 770798, 1037518, 1067477]
19252	[253133, 986018, 1133519]
19255	[1458, 2532, 3421, 3860, 3863, 4096, 4098, 7261, 13873, 13896, 22783, 35344, 39239, 39241, 41057, 43315, 62132, 64229, 64613, 65292, 65395, 66294, 67526, 68737, 68747, 75187, 76043, 76348, 78586, 82333, 84626, 90640, 93067, 96954, 108068, 112786, 142954, 142955, 156011, 162283, 169706, 219582, 237784, 359019, 627825, 1861971]
19263	[2264, 2713, 22164, 41266, 48863, 86163, 106467, 132066, 264558, 267857, 273130, 628731]
19265	[467651, 476633, 936241, 3028738]
19267	[9762, 309897, 309903, 315187, 316265, 817516, 1036046, 1111497, 1276143, 1822436, 2127763, 2698212, 3498044, 3617756, 4203994]
19268	[2355424, 3058888, 4180389, 4186329, 4990964]
19270	[99876, 300949, 315101]
19277	[3132, 4978, 6716]
19285	[18982, 83143, 90883]
19287	[24167, 73142, 87721]
19289	[12834, 19814, 111605, 144439]
19294	[368085, 384776, 538197, 4030039, 4052686]
19296	[38838, 726639, 726640, 726641]
19299	[7035, 71081, 2993996]
19300	[13, 946, 1104, 1139, 1781, 2692, 2714, 2725, 3130, 3868, 3909, 4033, 4079, 4096, 5310, 5362, 5873, 6689, 7035, 7142, 7247, 7256, 7257, 7363, 7552, 7613, 7702, 8600, 9074, 10389, 10429, 10431, 10584, 10589, 11050, 11136, 12409, 12581, 12582, 12596, 12686, 12693, 13193, 13608, 13783, 13820, 13880, 13911, 14481, 15842, 15885, 16745, 16794, 16810, 17637, 17783, 17827, 19762, 20942, 21373, 21633, 21637, 21639, 22195, 23446, 25052, 25261, 26522, 26523, 26912, 28795, 29230, 29237, 29549, 30093, 30542, 30915, 30918, 31017, 31080, 31121, 31260, 31961, 31987, 32381, 32388, 32391, 32990, 34829, 34890, 36220, 37222, 38379, 38403, 38563, 40360, 42991, 43745, 46281, 46764, 47841, 49530, 49784, 53539, 53637, 54650, 57103, 59967, 63008, 64791, 64801, 66373, 69007, 72695, 72872, 72881, 73722, 75163, 76370, 77019, 77837, 78548, 81013, 81613, 83143, 84342, 86093, 86412, 88722, 90591, 91890, 92764, 97664, 98361, 101028, 101256, 103064, 106185, 106460, 109509, 110089, 111325, 112925, 113779, 114042, 115228, 124497, 124506, 124860, 128021, 128718, 139979, 139982, 139983, 139984, 139985, 139986, 147175, 148507, 150767, 158694, 178574, 192160, 194667, 195810, 195836, 201878, 204063, 214625, 215404, 225276, 227848, 236897, 240898, 256789, 261834, 290702, 292385, 323858, 335255, 352088, 357442, 500759, 503529, 605570, 1232899, 1746676, 2055868, 2114419, 3385341]
19305	[23861, 33511, 73403]
19307	[7253, 125518, 797983]
19308	[32192, 153304, 345566, 1759907]
19309	[1835, 4079, 7142, 7702, 12590, 18948, 31080, 51039, 73205, 74391, 79949, 145532, 253133, 253412, 276274, 290615, 1107778, 1901457]
19311	[4654, 13151, 19796, 31961, 39727]
19317	[137964, 174968, 362504]
19322	[1756291, 1756292, 1756293]
19324	[2713, 3111, 10262, 365678]
19325	[3865, 3868, 3909, 4205, 4654, 4878, 6021, 6270, 7259, 7543, 9090, 11012, 12686, 13932, 14898, 15977, 16655, 16794, 17962, 18978, 19762, 20590, 20942, 21633, 22856, 23259, 24225, 26571, 27937, 28795, 29786, 30117, 30915, 32156, 32381, 32388, 33196, 33202, 36197, 36214, 37983, 39670, 39775, 41511, 42977, 46764, 48407, 48440, 48686, 56597, 59556, 60910, 62837, 63158, 64481, 64836, 70829, 71423, 72695, 74481, 75999, 76656, 80091, 80116, 80119, 80121, 80123, 81013, 81138, 82735, 82844, 83170, 85762, 87814, 89854, 94078, 98365, 98385, 106085, 106294, 110252, 112154, 118255, 118257, 122287, 125101, 134054, 140575, 146954, 152369, 170575, 174958, 175760, 179731, 180708, 180924, 180930, 185741, 203739, 204948, 206215, 206325, 218602, 219822, 227473, 227475, 229866, 235979, 250581, 253219, 253929, 253945, 255047, 260190, 263045, 263846, 268138, 269102, 292126, 298191, 301428, 318037, 325865, 338055, 357307, 384080, 402909, 464850, 1037518, 1363223, 1402641, 1413149]
19328	[49877, 209218, 2781403]
19332	[471931, 1115735, 3627443]
19333	[8760, 48424, 152882, 174904]
19340	[66328, 68076, 69005, 106433, 239369, 239370, 811461]
19346	[177201, 1140577, 1140582]
19347	[12007, 15560, 84452, 179117, 187776, 339071, 340562, 340563, 356176, 520199, 636065, 1243834, 2615377, 2920756]
19348	[66373, 90963, 142076]
19356	[9762, 309897, 309898, 309903, 315187, 330168, 349208, 869211, 1036046, 1111497, 1276143, 1822436, 1843836, 2486359, 3498044]
19358	[1139, 2604, 2692, 22196, 25262, 29718, 40899, 42977, 45132, 59883, 62376, 79935, 104682, 155466, 177651, 193299, 208761, 666825]
19359	[2714, 9452, 11192, 12218, 12373, 14481, 21639, 30093, 31580, 36581, 50714, 74500, 80501, 86417, 113184, 114566, 116901, 124386, 125410, 139982, 139983, 140168, 143849, 145420, 151755, 152428, 156351, 204247, 214625, 251941, 264475, 268200, 289622, 289943, 297959, 306088, 313910, 323298, 442868, 468959, 494096, 500493, 696514, 738151, 1061655, 1137995, 1434157, 1449065, 1707183, 2070947, 2312546]
19364	[28164, 176920, 314167]
19365	[946, 7035, 7552, 10389, 30542]
19368	[799873, 799884, 799886, 799887]
19371	[543600, 1072849, 5925531]
19373	[125890, 226966, 273591]
19381	[946, 3865, 4097, 20590, 24072, 26522, 26523, 30915, 31580, 36197, 46764, 59792, 61406, 63019, 92734, 106294, 121386, 145420, 219213, 227848, 275110, 314733, 349335, 696514, 808827, 998386, 1037518]
19389	[277388, 842791, 1006729]
19395	[6274, 7543, 10429, 15977, 16810, 22856, 36197, 46764, 72695, 75999, 1350973]
19402	[14898, 17035, 97073, 97916]
19405	[536, 54053, 63956, 500025]
19407	[7544, 24338, 25725, 32388, 47025, 49267, 53413, 63139, 68337, 111187, 118928]
19409	[271117, 549403, 6549049]
19416	[4969, 23183, 40520, 86246]
19418	[17531, 23510, 26522, 26523, 29936, 37222, 60525, 98364, 98603, 111795, 144274, 150767, 155505, 204063, 253528, 401173, 402360, 1039680, 1039681]
19422	[33801, 39344, 49848]
19431	[425326, 3661379, 5653595]
19432	[5064, 14661, 30542, 61822, 214380]
19436	[59249, 76370, 143883]
19438	[3130, 3865, 4033, 4096, 7247, 9074, 10389, 10584, 12409, 12596, 13193, 13608, 14481, 15842, 15885, 16745, 17637, 18978, 19762, 20942, 21633, 21639, 22334, 22856, 28795, 29230, 29237, 29990, 30093, 30542, 31961, 31987, 32388, 34829, 38379, 38563, 47841, 49624, 57103, 64791, 64801, 72695, 72872, 74481, 75187, 76370, 77019, 77837, 82735, 86093, 87814, 90591, 91890, 92764, 98361, 103064, 104723, 109509, 112925, 115228, 139979, 139982, 139983, 139984, 139985, 139986, 148507, 157277, 174958, 195810, 206215, 214625, 219822, 223473, 228032, 249839, 256186, 256187, 339721, 357307, 359475, 364793, 369619, 605570, 2627053]
19440	[48404, 91685, 124541, 260740]
19443	[19490, 257786, 257788, 413034]
19446	[1458, 2532, 3421, 3860, 3863, 4096, 4098, 7261, 13873, 13896, 22783, 35344, 39239, 39241, 41057, 43315, 62132, 64229, 64613, 65395, 66294, 68737, 68747, 75187, 76043, 76348, 78586, 90640, 93067, 96954, 108068, 112786, 142954, 142955, 156011, 162283, 169706, 219582, 237784, 359019, 627825, 1861971]
19447	[13608, 15842, 24046, 31759, 31987, 34829, 86093, 95516, 97463, 112925, 139979, 190358, 371808, 605570]
19450	[3616, 421927, 6835384]
19457	[336830, 4884988, 4884989]
19460	[37137, 483450, 754105]
19463	[2066638, 3177522, 3251345]
19485	[240099, 423743, 2219740, 5363786, 6086209, 6088599]
19494	[13608, 4696042, 5982934]
19495	[4096, 17594, 20957]
19496	[2264, 8760, 26912]
19505	[10589, 24778, 100553]
19506	[3288, 11649, 14185, 17046, 21560, 27330, 29937, 31929, 67930, 67959, 105587, 194787, 1659302]
19513	[877195, 1380723, 7426009]
19529	[1139, 1705, 2692, 7256, 7262, 7426, 7659, 11050, 12581, 12693, 17783, 19763, 19799, 21373, 21624, 21639, 23510, 34162, 34890, 36221, 37222, 40754, 42991, 53637, 68571, 75163, 118072, 134001, 214625, 215404, 429849, 466703, 2959167]
19540	[2108, 10290, 222158]
19544	[3864, 7613, 16807]
19547	[17799, 33522, 297408]
19549	[13, 1104, 1139, 1781, 2692, 2713, 3130, 3868, 4033, 4096, 5310, 5362, 6707, 7142, 7247, 7257, 7363, 9074, 10584, 12341, 12409, 12582, 12596, 12693, 13193, 13898, 14481, 14783, 15842, 15885, 16745, 17637, 17783, 20942, 21633, 21639, 22195, 22856, 23446, 26522, 29230, 29237, 30093, 30918, 31961, 31987, 32388, 32391, 32915, 34829, 38379, 38563, 46281, 47841, 49784, 57103, 64791, 64801, 66373, 69007, 69201, 72695, 72872, 76370, 77019, 77837, 81613, 86093, 87637, 90591, 91890, 92764, 98361, 103064, 105122, 109509, 112925, 115228, 128021, 139979, 139982, 139983, 139984, 139985, 139986, 140581, 148507, 214625, 290702, 605570]
19552	[2714, 9452, 11192, 12218, 12373, 14481, 21639, 30093, 31580, 36581, 50714, 74500, 80501, 86417, 113184, 114566, 116901, 124386, 125410, 139982, 139983, 140168, 143849, 145420, 151755, 152428, 156351, 204247, 214625, 251941, 264475, 268200, 289622, 289943, 297959, 306088, 313910, 323298, 442868, 468959, 494096, 500493, 696514, 1061655, 1137995, 1434157, 1449065, 1707183, 2070947, 2312546]
19555	[10290, 38794, 67041]
19560	[13, 2604, 2692, 11737, 23446, 29806, 32990, 42977, 57927, 59883, 62376, 67214, 72695, 666825]
19565	[3608, 5087, 12596, 31987, 42895, 71081, 86093, 96956, 112925, 139979, 149350, 176410, 218897]
19566	[22720, 106066, 145778, 145779, 448718, 491596, 910684]
19570	[946, 3868, 3909, 4079, 5310, 7543, 10383, 12582, 13898, 22193, 22856, 26522, 31080, 32391, 45779, 52918, 57613, 64452, 67260, 67498, 72695, 75999, 76642, 89612, 106294, 158608, 193278, 200261, 308867, 770798, 1037518]
19573	[7247, 12686, 61264, 81013]
19576	[74213, 201633, 218421, 224839, 225164, 225165, 441599, 590225, 918803, 1343876]
19582	[19731, 31580, 573804]
19589	[9074, 48404, 104361]
19592	[593, 710042, 710043, 833092]
19595	[221972, 644042, 1791306]
19598	[19768, 82033, 201878, 227402, 230234]
19609	[3909, 4205, 208267, 279629, 285049, 400257]
19610	[87235, 214643, 827323]
19616	[2714, 9452, 12594, 18839, 20590, 24046, 26216, 29022, 50855, 54650, 63486, 79314, 80501, 83146, 90559, 96129, 131497, 161091, 191798, 219292, 249758, 251941, 272985, 297959, 313910, 323298, 366441, 442868, 468959, 607054, 696514, 723499, 870972, 1061655, 1434157, 1707183, 3898280]
19618	[6273, 13961, 16745, 32990, 63462]
19623	[7552, 8024, 30915, 31964, 36197, 46764, 106294, 118554]
19624	[946, 2755, 4079, 7035, 21637, 21639, 31080, 31961, 68076, 68571, 69150, 93202, 111165, 124860, 194667, 214625, 1117542]
19627	[19771, 23510, 34155, 36209, 37222, 40754, 58773, 73973, 139971, 171123, 253528, 280122, 360489, 812902]
19631	[625719, 1200765, 1738675]
19634	[60465, 82753, 147829]
19635	[104786, 125222, 125223]
19646	[92671, 129985, 256531, 1184660, 5773909, 7700752, 7700753]
19652	[11192, 12373, 14481, 21639, 30093, 31580, 36581, 74500, 114566, 116901, 124386, 125410, 139982, 139983, 140168, 143849, 152428, 156351, 204247, 214625, 264475, 306088, 494096, 500493, 738151, 2070947, 2312546]
19655	[19594, 254601, 1518498, 1518499]
19659	[946, 2660, 6692, 7256, 7426, 7659, 7669, 10429, 11050, 15529, 16810, 17405, 19771, 19799, 21940, 22291, 22367, 23510, 29227, 34155, 36207, 36209, 36213, 36216, 36221, 36228, 36230, 36232, 36233, 36235, 37222, 39727, 40754, 41650, 58773, 63008, 66838, 68571, 73973, 73975, 75163, 76927, 78548, 81613, 88821, 89795, 95518, 98606, 98608, 101256, 114042, 127064, 134001, 135920, 137174, 139969, 139971, 154989, 155110, 176147, 192160, 194909, 197324, 215404, 241017, 253528, 292385, 313740, 429849, 518807, 792543, 812902, 2959167]
19675	[29807, 49223, 61402, 298810]
19679	[95988, 161258, 904939]
19682	[2488915, 7182412, 7182413]
19684	[28876, 49085, 71081, 75671]
19686	[632169, 1201457, 1201460]
19690	[593, 48275, 196606, 246639, 279922, 304821, 322000, 982187, 982188]
19691	[9762, 309897, 309898, 315187, 330168, 349208, 869211, 1036046, 1111497, 1276143, 1822436, 1843836, 2486359, 3498044]
19694	[12368, 92579, 211771]
19695	[13, 946, 1781, 2692, 2725, 5310, 5362, 7257, 7363, 7552, 10389, 12409, 12582, 12693, 15885, 17783, 21633, 22195, 23446, 26522, 26523, 26912, 30135, 30542, 30918, 31260, 32388, 33762, 36229, 37222, 38379, 38403, 43745, 46281, 48863, 49530, 49784, 54650, 58773, 59792, 63008, 63213, 69007, 71081, 72695, 81613, 81645, 83143, 87637, 106185, 114042, 124860, 128021, 155505, 192160, 201878, 204063, 214625, 240898, 290702, 412975, 513955, 562056, 812902, 1268579]
19696	[10383, 12341, 15885, 26168]
19702	[45260, 51338, 51417, 76814, 76815, 76816, 76817, 76819, 76822, 76824, 364920]
19715	[56675, 302565, 423761, 490162, 621186, 707712, 707717, 787202, 789790, 846443, 1031007, 1273697, 1394436, 2058551, 2707882, 3126452, 3962494, 5906307, 5963118, 5968481]
19724	[593952, 788312, 1019184]
19733	[19762, 28795, 30542, 32388]
19735	[9462, 13608, 35197, 58359, 61660, 117225, 151304, 225164, 255469, 269036]
19738	[25052, 86317, 149044, 165328, 421717]
19739	[7552, 29990, 32915, 211302]
19748	[29887, 40152, 44558]
19752	[56675, 73721, 302565, 342906, 423751, 423761, 490162, 627903, 707712, 707717, 908132, 1031007, 1273697, 2058551, 2707882, 3962494, 4750012, 5963118, 5968481]
19756	[2714, 9452, 12594, 18839, 20590, 24046, 26216, 29022, 50855, 54650, 63486, 80501, 83146, 90559, 96129, 131497, 161091, 191798, 219292, 249758, 251941, 272985, 297959, 313910, 366441, 442868, 468959, 723499, 1434157, 1707183, 3898280]
19757	[26523, 29936, 60525, 98364, 98603, 111795, 144274, 155505, 401173, 402360, 1039680, 1039681]
19762	[343069, 393072, 703723, 920017, 936168, 1549657, 3651088]
19766	[13, 946, 1781, 2692, 5310, 5362, 7257, 7363, 7552, 10389, 12409, 12582, 12693, 15885, 17783, 21633, 22195, 23446, 26522, 30542, 30918, 32388, 33762, 38379, 38403, 43745, 46281, 49530, 49784, 58773, 63008, 63213, 69007, 72695, 81613, 81645, 83143, 87637, 114042, 124860, 128021, 192160, 214625, 240898, 290702, 412975, 513955, 562056, 812902]
19767	[4834, 25262, 28876, 82705, 137277, 155602, 155603, 155604]
19768	[3865, 3868, 3909, 4205, 4654, 4878, 6021, 6270, 7259, 7543, 9090, 11012, 12686, 13932, 14898, 15977, 16655, 17962, 18978, 19762, 20590, 20942, 21633, 22856, 23259, 24225, 27937, 28795, 29786, 30117, 30915, 32156, 32381, 32388, 33196, 33202, 36197, 39670, 39775, 41511, 42977, 46764, 48407, 48440, 59556, 60910, 62837, 63158, 64481, 64836, 70829, 71423, 72695, 74481, 75999, 76656, 80091, 80116, 80119, 80121, 80123, 81013, 81138, 82735, 82844, 83170, 85762, 87814, 89854, 94078, 106085, 106294, 110252, 112154, 122287, 125101, 134054, 140575, 146954, 152369, 170575, 174958, 175760, 179731, 180708, 180924, 180930, 185741, 203739, 204948, 206215, 206325, 218602, 219822, 227473, 227475, 229866, 235979, 250581, 253219, 253929, 253945, 255047, 260190, 263045, 263846, 268138, 269102, 292126, 301428, 318037, 325865, 338055, 357307, 384080, 464850, 1037518]
19774	[4079, 6707, 7142, 7702, 18948, 30918, 31080, 51039, 58034, 140810, 234914, 253133, 290615, 1107778, 1901457]
19775	[5064, 10389, 28795, 30542, 32990]
19779	[11192, 12373, 14481, 21639, 30093, 31580, 36581, 74500, 114566, 116901, 124386, 125410, 139982, 139983, 140168, 143849, 152428, 156351, 204247, 214625, 264475, 494096, 500493, 738151, 2070947, 2312546]
19782	[3865, 136712, 550890]
19784	[277857, 1453433, 1945509]
19786	[3865, 4205, 4654, 4878, 6021, 6270, 7259, 7543, 9090, 11012, 12686, 13932, 14898, 15977, 16655, 17962, 18978, 19762, 20590, 20942, 21633, 22856, 23259, 24225, 27937, 28795, 29786, 30117, 30915, 32156, 32381, 32388, 33196, 33202, 36197, 39670, 39775, 41511, 46764, 48407, 48440, 59556, 60910, 62837, 63158, 64481, 64836, 70829, 71423, 72695, 74481, 75999, 76656, 80091, 80116, 80119, 80121, 80123, 81013, 81138, 82735, 82844, 83170, 85762, 87814, 89854, 94078, 106294, 110252, 112154, 122287, 125101, 134054, 140575, 146954, 152369, 170575, 174958, 175760, 179731, 180708, 180924, 180930, 185741, 203739, 204948, 206215, 206325, 218602, 219822, 227473, 227475, 229866, 235979, 250581, 253219, 253929, 253945, 255047, 260190, 263045, 263846, 268138, 269102, 292126, 301428, 318037, 325865, 338055, 357307, 384080, 464850]
19790	[348831, 348832, 827746]
19793	[3422, 8729, 16678, 32434, 46281, 49294, 76043, 143402, 254282, 349644, 364705]
19797	[75336, 378105, 754507, 2555208, 2555209]
19803	[13, 946, 1104, 1139, 1781, 2692, 2714, 2725, 3130, 3868, 3909, 4033, 4079, 4096, 5310, 5362, 5873, 6689, 7035, 7142, 7247, 7256, 7257, 7363, 7552, 7613, 7702, 9074, 10389, 10429, 10431, 10584, 11050, 11136, 12409, 12581, 12582, 12596, 12686, 12693, 13193, 13608, 13783, 13820, 13880, 13911, 14481, 15842, 15885, 16745, 16810, 17637, 17783, 17827, 19762, 20942, 21373, 21633, 21637, 21639, 22195, 23446, 25052, 25261, 26522, 26523, 26912, 28795, 29230, 29237, 30093, 30542, 30915, 30918, 31017, 31080, 31121, 31260, 31961, 31987, 32381, 32388, 32391, 32990, 34829, 34890, 36220, 36581, 37222, 38379, 38403, 38563, 40360, 42488, 42991, 43418, 43745, 46281, 46764, 47841, 49530, 49784, 53539, 53637, 54650, 57103, 59967, 63008, 64791, 64801, 66373, 68571, 69007, 72695, 72872, 72881, 73722, 75163, 76370, 77019, 77837, 78548, 81013, 81613, 83143, 84342, 86093, 86412, 88722, 90591, 91890, 92764, 97664, 98361, 101028, 101256, 103064, 106185, 106460, 108338, 109509, 110089, 111325, 112925, 113779, 114042, 115228, 118072, 124497, 124506, 124860, 128021, 139979, 139982, 139983, 139984, 139985, 139986, 148507, 150767, 156351, 158694, 178574, 192160, 194667, 195810, 195836, 201878, 204063, 214625, 215404, 225276, 227848, 236897, 240898, 256789, 261834, 290702, 292385, 323858, 335255, 352088, 357442, 422805, 429849, 503529, 605570, 1232899, 2055868, 2114419, 3385341]
19804	[8600, 9461, 39772]
19805	[19766, 19783, 36228, 189074, 280785, 487235]
19806	[91596, 94868, 242949]
19808	[1458, 2532, 3421, 3860, 4096, 7261, 13873, 13896, 22783, 39239, 39241, 41057, 43315, 62132, 64613, 65395, 66294, 68737, 68747, 75187, 76043, 76348, 78586, 90640, 93067, 96954, 108068, 112786, 142954, 142955, 156011, 162283, 219582, 237784, 359019, 627825, 1861971]
19809	[9762, 309897, 309903, 316265, 817516, 1036046, 1111497, 1276143, 1822436, 2127763, 2698212, 3498044, 3617756, 4203994]
19810	[2660, 7613, 15529, 22291, 22367, 23510, 36216, 73973, 76927, 88821, 98360, 98608, 152503, 160119, 176147, 178037, 194909, 253528, 361721, 481858, 481859, 1125970]
19815	[946, 6692, 7030, 7659, 7669, 10429, 12590, 16810, 17405, 19763, 19766, 19771, 19799, 19800, 21940, 22291, 23510, 29227, 32381, 34155, 36207, 36209, 36213, 36216, 36221, 37222, 39727, 40754, 48686, 58773, 63008, 66838, 68571, 73973, 73975, 75163, 76927, 78548, 81217, 88821, 89795, 95518, 98606, 98608, 101256, 104102, 106997, 118072, 127064, 134001, 135920, 139971, 147175, 151151, 154986, 155110, 192160, 194909, 197324, 204063, 215404, 253528, 303801, 303974, 313740, 429849, 466703, 527609, 792543, 812902, 2959167]
19818	[4205, 4654, 6021, 6270, 11012, 12686, 13932, 14898, 16655, 17962, 18978, 24225, 27937, 29786, 30117, 32156, 33196, 33202, 39670, 39775, 48407, 59556, 60910, 62837, 63158, 64481, 64836, 70829, 76656, 80091, 80116, 80119, 80121, 80123, 81013, 81138, 82735, 82844, 83170, 85762, 89854, 94078, 110252, 112154, 122287, 125101, 134054, 140575, 152369, 175760, 179731, 180708, 180924, 180930, 185741, 203739, 204948, 206325, 218602, 219822, 227473, 227475, 229866, 235979, 250581, 253219, 253929, 253945, 255047, 260190, 263045, 263846, 268138, 269102, 292126, 301428, 318037, 325865, 357307, 384080, 464850]
19825	[4205, 6021, 6270, 11012, 12686, 14898, 16655, 17962, 18978, 24225, 27937, 29786, 30117, 32156, 33196, 33202, 39775, 48407, 59556, 60910, 62837, 63158, 64481, 64836, 70829, 76656, 80091, 80116, 80119, 80121, 80123, 81138, 82735, 82844, 83170, 85762, 89854, 94078, 110252, 112154, 122287, 125101, 134054, 140575, 152369, 175760, 179731, 180708, 180924, 180930, 185741, 203739, 204948, 206325, 218602, 219822, 227473, 227475, 229866, 235979, 250581, 253219, 253929, 253945, 255047, 260190, 263045, 263846, 268138, 269102, 292126, 301428, 318037, 325865, 357307, 384080, 464850]
19832	[2967, 3608, 4059, 4878, 6704, 7117, 7246, 7252, 7259, 7534, 7535, 7537, 7543, 22196, 22856, 25942, 25995, 25996, 26568, 30907, 30971, 31106, 31110, 31112, 31118, 31119, 31121, 31125, 34537, 34539, 71423, 72695, 75999, 214759, 245574]
19838	[75163, 410783, 1653013]
19839	[41513, 43744, 72881, 1946754]
19843	[3682, 17960, 61269]
19848	[6707, 13193, 14783, 16745]
19849	[451845, 1070064, 2488194]
19852	[9452, 12594, 18839, 20590, 24046, 26216, 29022, 50855, 63486, 80501, 83146, 90559, 96129, 131497, 161091, 191798, 219292, 249758, 272985, 297959, 366441, 442868, 468959, 723499, 3898280]
19854	[3909, 16794, 26571, 36214, 37983, 48686, 56597, 80121, 98365, 98385, 106085, 118255, 118257, 133213, 298191, 402909, 1363223, 1402641, 1413149]
19859	[19763, 19766, 19768, 78548, 154986]
19860	[3865, 29990, 49624, 75187, 82735, 104723, 157277, 206215, 223473, 249839, 256186, 256187, 339721, 359475, 364793, 369619, 2627053]
19868	[946, 2604, 2692, 4973, 5099, 12582, 21917, 22193, 30024, 40399, 42977, 45779, 47742, 52918, 57927, 59883, 62376, 64452, 67214, 67260, 80019, 89612, 155852, 158608, 170399, 431664, 573804, 666825, 770798]
19869	[168680, 168681, 242462, 290202, 293774, 401300, 441544, 441600, 1621171, 1743838, 1754448]
19872	[67928, 80093, 101256]
19873	[12007, 15560, 84452, 179117, 339071, 340562, 340563, 520199, 636065, 1243834, 2615377, 2920756]
19894	[1781, 32915, 36663, 44599, 84704, 90451, 177115, 268344, 314868, 355125, 1041097]
19898	[2265, 3865, 4033, 4097, 5064, 10783, 13151, 13880, 14661, 17550, 20590, 20593, 35746, 40399, 42657, 219213]
19899	[3288, 11649, 14185, 17046, 21560, 27330, 29937, 31929, 67930, 67959, 105587, 1659302]
19906	[56675, 302565, 423761, 621186, 707717, 787202, 789790, 846443, 1031007, 1273697, 1394436, 2058551, 2707882, 5963118]
19907	[36208, 36244, 51830, 66268, 78548, 87001, 87030, 185197, 314397]
19908	[29936, 60525, 98364, 98603, 111795, 144274, 155505, 401173, 402360, 1039680, 1039681]
19920	[1458, 3421, 4096, 7261, 13896, 39239, 39241, 41057, 43315, 62132, 64613, 65395, 66294, 68737, 68747, 75187, 76043, 76348, 78586, 90640, 93067, 96954, 108068, 112786, 142954, 142955, 162283, 219582, 237784, 359019, 627825]
19921	[51946, 65628, 66373, 66842]
19929	[9452, 11192, 12218, 12373, 31580, 36581, 50714, 80501, 86417, 113184, 114566, 139983, 143849, 145420, 151755, 152428, 156351, 204247, 268200, 289622, 297959, 306088, 323298, 442868, 468959, 696514, 1061655, 1137995, 1449065, 2312546]
19933	[240099, 423743, 627903, 4951168, 5319710, 6086097, 6086103, 6086209, 6402299]
19944	[11192, 12373, 14481, 21639, 30093, 36581, 74500, 114566, 116901, 124386, 125410, 139982, 139983, 140168, 143849, 152428, 156351, 204247, 214625, 264475, 494096, 500493, 738151, 2070947, 2312546]
19946	[137912, 246575, 1511106, 1667396]
19949	[754974, 832989, 855072, 888854]
19950	[22164, 41266, 86163, 106467, 132066, 264558, 267857, 273130, 628731]
19954	[63628, 68337, 702101]
19955	[1949096, 1949097, 1949112]
19958	[946, 2714, 3868, 3909, 4033, 4079, 5310, 5873, 6689, 7035, 7552, 7613, 7702, 10389, 10431, 11136, 12409, 12693, 13608, 13880, 13911, 15885, 17783, 17827, 19762, 21633, 21639, 21753, 25052, 25261, 26522, 26523, 28795, 30542, 31017, 31080, 31121, 31961, 32388, 32391, 32990, 36220, 37222, 38379, 38403, 40360, 43745, 49530, 53637, 57103, 59967, 63008, 64801, 69007, 72872, 72881, 73722, 75163, 81613, 83143, 86412, 97664, 101028, 111325, 113779, 114042, 124497, 124860, 139985, 148507, 150767, 178574, 192160, 195836, 204063, 214625, 225276, 227848, 236897, 240898, 261834, 292385, 323858, 335255, 1232899, 2055868, 2114419, 3385341]
19970	[56675, 73721, 302565, 342906, 423751, 423761, 707712, 1031007, 1788904, 2058551, 2707882, 2707883, 2707884, 4750012, 5968481]
19971	[7142, 51039, 74391, 79949, 145532, 253133, 1901457]
19974	[279629, 355254, 355257, 377945]
19975	[9452, 12218, 31580, 50714, 80501, 86417, 113184, 143849, 151755, 152428, 204247, 268200, 289622, 306088, 442868, 468959, 1137995, 1449065]
19977	[1458, 3421, 4096, 7261, 13896, 39239, 39241, 41057, 43315, 62132, 64613, 65395, 66294, 68737, 68747, 75187, 76043, 78586, 90640, 96954, 108068, 112786, 142954, 142955, 162283, 219582, 237784, 359019, 627825]
19982	[2967, 3608, 4059, 4878, 6704, 7117, 7246, 7252, 7259, 7534, 7535, 7537, 7543, 22196, 22856, 25942, 25995, 25996, 26568, 30907, 30971, 31106, 31110, 31112, 31118, 31119, 31121, 31125, 34537, 34539, 71423, 72695, 214759, 245574]
19983	[5362, 7030, 7165, 21910, 37413, 40405, 53637, 54905, 198604, 551560, 551561, 551562, 6472533]
19985	[1139, 2604, 2692, 22196, 25262, 29718, 42977, 45132, 59883, 62376, 79935, 104682, 155466, 177651, 193299, 208761, 666825]
19986	[71633, 71634, 71635]
19988	[4205, 6021, 6270, 11012, 12686, 14898, 16655, 17962, 18978, 24225, 27937, 29786, 30117, 32156, 33196, 33202, 39775, 48407, 59556, 60910, 62837, 63158, 64481, 64836, 70829, 76656, 80091, 80116, 80119, 80121, 80123, 81138, 82844, 83170, 85762, 89854, 94078, 110252, 112154, 122287, 125101, 134054, 140575, 152369, 175760, 179731, 180708, 180924, 180930, 185741, 203739, 204948, 206325, 218602, 227473, 227475, 229866, 235979, 250581, 253219, 253929, 253945, 255047, 260190, 263045, 263846, 268138, 269102, 292126, 301428, 318037, 325865, 384080, 464850]
19989	[2713, 2725, 3479, 4654, 10383, 12196, 12588, 22854, 23036, 48245, 48246, 56621, 70735, 143225, 151304, 211302]
19996	[12686, 194667, 207982]
20004	[5873, 10389, 38379, 39771, 120883, 151755, 260406, 1192948]
20005	[12551, 12888, 91866]
20018	[4033, 4097, 10783, 13151, 13880, 17550, 20590, 20593, 35746, 40399, 42657, 219213]
20026	[9762, 309903, 316265, 817516, 1036046, 1111497, 1276143, 1822436, 2127763, 2698212, 3498044, 3617756, 4203994]
20028	[823072, 3186743, 4991189]
20030	[26225, 29040, 32633, 45116, 61730, 66330, 100870, 285848, 304339, 308351]
20032	[76425, 935394, 935395]
20035	[4205, 6021, 6270, 11012, 12686, 14898, 16655, 17962, 18978, 24225, 27937, 29786, 30117, 32156, 33202, 39775, 48407, 59556, 60910, 62837, 63158, 64481, 64836, 70829, 76656, 80091, 80116, 80119, 80121, 80123, 81138, 82844, 83170, 85762, 89854, 94078, 110252, 112154, 122287, 125101, 134054, 140575, 152369, 175760, 179731, 180708, 180924, 180930, 185741, 203739, 204948, 206325, 218602, 227473, 227475, 229866, 235979, 250581, 253219, 253929, 253945, 255047, 260190, 263045, 263846, 268138, 269102, 292126, 301428, 318037, 325865, 384080, 464850]
20037	[63308, 65707, 99731, 111437, 115701, 198935, 198937, 210516, 225230, 230534, 257373, 314275, 343820, 488540]
20041	[6692, 10429, 16810, 19771, 19777, 19792, 19799, 22291, 25955, 36213, 58773, 63008, 66842, 78548, 87680, 88630, 101256, 139971, 159202, 176147, 232357, 232595, 812902]
20042	[2604, 4973, 5099, 12582, 21917, 30024, 57927, 67214, 67260, 80019, 89612, 155852, 170399, 431664, 573804, 770798]
20044	[4205, 6021, 6270, 11012, 14898, 16655, 17962, 18978, 24225, 27937, 29786, 30117, 32156, 33202, 39775, 48407, 59556, 60910, 62837, 63158, 64481, 64836, 70829, 76656, 80091, 80116, 80119, 80121, 80123, 81138, 82844, 83170, 85762, 89854, 94078, 110252, 112154, 122287, 125101, 134054, 140575, 152369, 175760, 179731, 180708, 180924, 180930, 185741, 203739, 204948, 206325, 218602, 227473, 227475, 229866, 235979, 250581, 253219, 253929, 253945, 255047, 260190, 263045, 263846, 268138, 269102, 292126, 301428, 318037, 325865, 384080, 464850]
20053	[9762, 309897, 309898, 315187, 330168, 349208, 869211, 1036046, 1276143, 1843836, 2486359, 3498044]
20056	[10584, 13608, 13898, 15885, 20942, 28876, 29230, 33281, 37806, 40399, 41949, 47742, 62376, 64791, 67070, 67260, 86093, 90591, 94928, 98755, 103064, 106294, 139979, 248778, 421694]
20058	[6021, 6270, 11012, 14898, 16655, 17962, 18978, 24225, 27937, 29786, 30117, 32156, 33202, 39775, 48407, 59556, 60910, 62837, 63158, 64481, 64836, 70829, 76656, 80091, 80116, 80119, 80121, 80123, 81138, 82844, 83170, 85762, 89854, 94078, 110252, 112154, 122287, 125101, 134054, 140575, 152369, 175760, 179731, 180708, 180924, 180930, 185741, 203739, 204948, 206325, 218602, 227473, 227475, 229866, 235979, 250581, 253219, 253929, 253945, 255047, 260190, 263045, 263846, 268138, 269102, 292126, 301428, 318037, 325865, 384080, 464850]
20060	[11192, 12373, 13608, 15842, 31987, 32915, 34829, 83077, 86093, 106047, 112925, 139979, 139983, 156351, 190358, 241755, 605570, 738151, 2312546, 5674853]
20068	[1555269, 1555270, 1555272]
20072	[36628, 45183, 197027]
20086	[1458, 3421, 13896, 39239, 39241, 41057, 62132, 64613, 65395, 66294, 68737, 68747, 75187, 76043, 78586, 90640, 112786, 142954, 142955, 162283, 219582, 237784, 359019, 627825]
20091	[3175, 28312, 43523]
20094	[8760, 12716, 32411, 46720]
20097	[13, 1104, 1139, 1781, 2692, 3130, 3868, 3909, 5310, 5362, 5873, 6707, 7142, 7257, 7363, 9074, 10584, 12409, 12582, 12693, 14783, 15885, 17637, 17783, 20942, 21633, 21639, 21753, 22195, 22856, 23446, 26522, 30093, 30918, 31961, 32388, 32391, 38379, 46281, 49784, 64791, 64801, 66373, 69007, 72695, 73722, 81613, 87637, 90591, 92764, 103064, 105122, 128021, 150767, 214625, 290702, 2055868]
20101	[119006, 560854, 707101]
20104	[50301, 71988, 364045]
20105	[3909, 16794, 26571, 36214, 37983, 48686, 56597, 80121, 98365, 98385, 106085, 118255, 118257, 298191, 402909, 1363223, 1402641, 1413149]
20106	[11649, 14185, 17046, 21560, 27330, 29937, 31929, 67930, 67959, 105587, 1659302]
20109	[6021, 11012, 14898, 16655, 17962, 18978, 24225, 27937, 29786, 30117, 32156, 33202, 39775, 48407, 59556, 60910, 62837, 63158, 64481, 64836, 70829, 76656, 80091, 80116, 80119, 80121, 80123, 81138, 82844, 83170, 85762, 89854, 94078, 110252, 112154, 122287, 125101, 134054, 140575, 152369, 175760, 179731, 180708, 180924, 180930, 185741, 203739, 204948, 206325, 218602, 227473, 227475, 229866, 235979, 250581, 253219, 253929, 253945, 255047, 260190, 263045, 263846, 268138, 269102, 292126, 301428, 318037, 325865, 384080, 464850]
20112	[10389, 30542, 56631, 66268, 72872, 89629, 89643, 118255, 135866, 788485, 814534]
20114	[3909, 12596, 12834, 41513, 148394, 149347, 149350, 676748]
20117	[11192, 12373, 36581, 74500, 114566, 116901, 124386, 125410, 139983, 140168, 143849, 152428, 156351, 204247, 264475, 494096, 500493, 2070947, 2312546]
20122	[302565, 621186, 707717, 787202, 789790, 846443, 1273697, 1394436, 5963118]
20123	[12686, 13608, 15842, 24221, 31987, 34829, 47841, 57103, 63552, 72872, 81013, 86093, 88722, 92577, 97463, 105802, 112925, 124497, 139979, 190358, 260760, 313367, 605570]
20125	[6692, 7669, 17405, 19799, 21940, 29227, 34155, 36209, 36213, 36216, 58773, 63008, 73975, 78548, 89795, 98912, 155110, 197324, 215404, 574888, 595522, 595523, 812902, 4103077]
20127	[2967, 3018, 6090, 7262, 9269, 25165, 45841, 45842, 45843, 61225, 228032, 654575]
20134	[6274, 10429, 10552, 16810, 19762, 24444, 28795, 32388, 75999, 78548, 100118, 101256, 105794, 145136, 145697, 146954, 395374, 1115619, 1350973, 1350974]
20135	[10497, 42172, 48425, 49530]
20138	[10389, 30542, 36214, 38403, 144160]
20143	[7669, 23510, 36209, 39727, 40754, 81217, 106997, 135920, 147175, 151151, 303801, 303974, 792543]
20144	[10543, 12217, 116604, 257371, 257377, 282754, 288814, 339700]
20145	[7256, 7262, 7426, 7659, 12693, 21624, 34162]
20146	[5064, 10389, 11070, 11136, 13880, 13911, 13961, 14661, 17827, 18547, 18956, 20700, 21767, 25261, 30542, 32990, 63008, 76040, 91314, 103687, 161091, 192160, 214380, 233933, 273817, 310388, 523196]
20149	[4033, 5064, 7142, 8760, 10584, 14661, 15885, 19762, 20942, 21073, 28795, 32990, 34074, 38379, 47202, 61822, 75718, 94079, 103064, 110406, 139081, 208266, 323283]
20150	[314165, 935016, 1129486]
20158	[5873, 6689, 10431, 15885, 19762, 21633, 21639, 25052, 28795, 31017, 31121, 32388, 36220, 38379, 53637, 57103, 59967, 72872, 86412, 113779, 195836, 214625, 225276, 323858, 2055868, 3385341]
20163	[6271, 6707, 7030, 8728, 12596, 12834, 22720, 41513, 71081, 98385, 127760, 148394, 149347, 149350, 297550]
20164	[3867, 6271, 8024, 21637, 26216, 69005]
20171	[43733, 72872, 82033, 103010, 115771, 116790, 127272, 171123, 177603, 208842, 245159, 391420, 1127897]
20173	[567446, 615371, 757979, 1002092, 1035086, 1038890, 1464982, 1566850, 1598578, 2372165, 2378365, 4210915, 4426433]
20176	[2967, 3608, 4059, 4878, 6704, 7117, 7246, 7252, 7259, 7534, 7535, 7537, 7543, 22196, 25942, 25995, 25996, 26568, 30907, 30971, 31106, 31110, 31112, 31118, 31119, 31121, 31125, 34537, 34539, 71423, 214759, 245574]
20184	[958902, 1326912, 1326913, 1326914, 1326916, 1326917, 1326918, 1326919, 1326920, 1326921, 1326922, 1326923, 1326924, 1326925, 2322809, 2705399]
20187	[12373, 36581, 74500, 114566, 124386, 125410, 139983, 140168, 143849, 152428, 156351, 204247, 264475, 494096, 500493, 2070947, 2312546]
20191	[66837, 172760, 176185, 246232, 310137, 319960, 327416, 345918, 380856, 380859, 410333, 503126, 917490, 1137498]
20192	[45670, 1170870, 2098322]
20194	[2967, 3608, 4059, 6704, 7117, 7246, 7252, 7543, 22196, 25942, 25995, 25996, 26568, 30907, 30971, 31110, 31118, 31119, 31121, 31125, 245574]
20205	[94868, 165492, 844925]
20206	[56675, 73721, 423751, 423761, 490162, 908132, 2058551, 4750012]
20207	[9452, 24046, 26216, 29022, 50855, 54650, 83146, 96129, 131497, 161091, 191798, 219292, 249758, 297959, 366441]
20209	[1781, 32915, 36663, 44599, 84704, 90451, 177115, 314868, 355125, 1041097]
20210	[1100, 1104, 2447, 2751, 2753, 2755, 2963, 2964, 2977, 3177, 3593, 13183, 14002, 17413, 28327, 28733, 31985, 37143, 52120, 56771, 56772, 93202, 194667, 228032, 683052, 2993996]
20211	[5064, 10389, 11070, 11136, 13880, 13911, 13961, 14661, 17827, 18547, 18956, 20700, 21767, 25261, 30542, 32990, 76040, 91314, 103687, 161091, 192160, 214380, 233933, 273817, 310388, 523196]
20214	[17546, 20184, 107102, 137225, 257115, 375279, 626965, 645295, 696225, 789776, 837582, 1376152, 1933006]
20215	[212718, 1756619, 4884866]
20223	[6021, 11012, 14898, 16655, 17962, 18978, 24225, 27937, 29786, 30117, 32156, 33202, 48407, 59556, 60910, 62837, 63158, 64481, 64836, 70829, 80091, 80116, 80119, 80121, 80123, 81138, 82844, 83170, 85762, 89854, 94078, 110252, 112154, 122287, 125101, 152369, 175760, 179731, 180708, 180924, 180930, 185741, 203739, 204948, 206325, 218602, 227473, 227475, 229866, 235979, 250581, 253219, 253929, 253945, 255047, 260190, 263045, 263846, 268138, 269102, 292126, 301428, 318037, 325865, 384080, 464850]
20224	[6274, 10429, 10552, 16810, 19762, 24444, 28795, 75999, 100118, 101256, 105794, 145136, 145697, 146954, 395374, 1115619, 1350973, 1350974]
20225	[4653, 22498, 22500, 32605, 32606, 32607, 45200, 53010, 53014, 78495, 141736, 1687939]
20231	[75431, 1209222, 1498876, 1532391, 1993887, 2425941, 2707160, 3185942, 4774563, 5078653, 5779996, 5779997, 5779998, 5780000, 5780001, 5780002, 5780003, 5780004, 5780005, 5780006, 5780007]
20232	[1286233, 1286255, 1320968, 1654557, 1677003, 1677005, 2139952, 2227025, 4114939]
