1	[48284, 55080, 83904, 90541, 166320, 256156, 384185, 411946, 413568]
2	[56052, 96037, 177078, 202191, 246536, 259769, 272121, 279922, 281474, 281986, 312278, 321044, 359632, 368787, 548225, 603179, 644142, 736768, 820900, 910913, 933279, 1054895, 1786015, 2213246]
4	[211158, 262357, 273520, 317620, 419422, 449204, 833768, 899061, 899063, 899066, 899070, 1006206, 1036828, 1234493, 1353108, 1353114, 1353166, 1353204, 1354230, 1491379]
5	[120312, 254976, 256558, 423099]
10	[32201, 51671, 179366, 228407, 228408, 228415]
13	[60492, 308465, 369747, 540714, 653554]
15	[32202, 166793, 328853, 621480, 621483, 621485, 863751, 1016358, 1246568, 1496904, 1817820, 1984367, 1984378, 1984696]
17	[32190, 32199, 76028, 119084, 190370, 208633, 219565, 318052, 457732, 600884, 603338, 880083]
24	[26955, 32197, 32208, 97544, 205525, 784747, 4637417]
29	[76028, 177340, 207945, 899517]
30	[16406, 111201, 266349, 289231, 958911, 6181506, 6181509, 6181511]
33	[26952, 251877, 370499, 508876, 704840, 1045202, 4742346]
37	[278654, 278656, 656335, 1252006]
41	[227871, 748512, 1056554]
44	[200817, 1100649, 2045354]
45	[32198, 329931, 552944]
47	[95539, 347268, 1256099]
49	[32190, 41715, 469216, 1576367]
56	[184439, 184440, 184441, 184712, 211154]
57	[32195, 119484, 227874, 234890, 1673569]
59	[153980, 170355, 410038]
74	[836362, 1996948, 1996949]
75	[32190, 456210, 456211]
76	[220622, 240765, 1045364, 1208816]
82	[1259038, 5448673, 5448674]
84	[144051, 144052, 144053]
105	[32190, 776244, 1089116]
112	[305848, 776777, 784709]
115	[462489, 939357, 939358]
117	[56052, 96037, 177078, 202191, 246536, 259769, 272121, 279922, 281474, 281986, 321044, 368787, 548225, 603179, 644142, 820900, 910913, 933279, 1054895, 1786015, 2213246]
123	[32204, 154028, 154029]
129	[90541, 281341, 1889434]
131	[184430, 184712, 193246]
133	[56052, 96037, 177078, 202191, 246536, 259769, 279922, 281474, 281986, 321044, 368787, 603179, 644142, 910913, 933279, 1054895, 1786015, 2213246]
136	[32202, 115467, 119484]
137	[519766, 1631446, 3318464]
142	[32190, 32199, 119084, 190370, 208633, 219565, 318052, 457732, 600884, 603338, 880083]
153	[373346, 384972, 465884]
