1	[55080, 83904, 166320]
10	[32201, 179366, 228408]
29	[76028, 177340, 207945, 899517]
30	[16406, 6181509, 6181511]
56	[184439, 184440, 184441, 184712]
59	[153980, 170355, 410038]
345	[2751, 5647, 7247, 7552, 8760, 9051, 10262, 11136, 13932, 13999, 14185, 14484, 16755, 16805, 16992, 17015, 17640, 17743, 17960, 17967, 18547, 18677, 19584, 19768, 19792, 19849, 21073, 21910, 23394, 24444, 28295, 29812, 30542, 30897, 30972, 31961, 32381, 32497, 36080, 36628, 36807, 38563, 38863, 39727, 40346, 40409, 41266, 42238, 42488, 44581, 46304, 48245, 48417, 51979, 52272, 53539, 56487, 56746, 57619, 58574, 64135, 65939, 66261, 66838, 67070, 67856, 68674, 71785, 73689, 77019, 80091, 80121, 82730, 85929, 86163, 90591, 96114, 96147, 96893, 99929, 102333, 102419, 103010, 105392, 106694, 106870, 127760, 133988, 143894, 148391, 152965, 169574, 194667, 202853, 219213, 245159, 250902, 264151, 271192, 290587, 518518, 1068350]
366	[76028, 110593, 732482]
527	[10081, 5455066, 7262188]
528	[15900, 61499, 1736801]
540	[32181, 109661, 188810]
592	[130243, 368085, 1777178]
597	[22946, 253245, 312208]
676	[347276, 1059683, 2035499]
771	[154028, 1043775, 1132706]
819	[3865, 872312, 1421378]
820	[430553, 630957, 2360753]
1020	[84643, 182998, 1728735]
1022	[10360, 256779, 256780]
1046	[235031, 235032, 235033]
1050	[191271, 926682, 1781229]
1053	[32191, 32192, 91511]
1069	[41408, 474083, 728829]
1092	[13774, 830694, 894994]
1172	[10360, 256777, 256782]
1294	[29936, 323172, 950650]
1321	[48392, 48413, 84101]
1556	[10552, 17589, 107598, 1337172]
1580	[17546, 370971, 1211833]
1627	[7027, 60316, 274718]
1680	[26050, 211886, 1317839]
1728	[3476, 121607, 916708]
2272	[3474, 42180, 194498]
2394	[3898, 11201, 637432]
2867	[1835, 324987, 457786]
3181	[391, 187134, 190997]
5120	[2725, 30146, 421723]
5679	[2705, 59247, 4961642]
6787	[593, 608322, 710043, 1919103]
7371	[1425, 132714, 178941]
8596	[634, 105272, 363512]
8760	[2266, 97835, 386320]
8838	[661, 10293, 65707, 78003, 94860, 99731, 108566, 124429, 144927, 198937, 210516, 216604, 218806, 249687, 256182, 272701, 275460, 275461, 292033, 296710, 314275, 506362, 523006, 787140]
8885	[634, 16388, 23858]
10593	[593, 246639, 351845, 351846, 1263904]
10612	[789790, 1031007, 1311788]
10679	[60236, 66843, 84643, 112933, 182833, 280728, 372209, 393313, 398576, 434487, 1243643]
10790	[593, 351845, 351846, 636695, 1263904]
10849	[2725, 9772, 204965]
10990	[168680, 168681, 244519, 290202, 290603, 352355, 377370, 441600, 558916, 1743838, 3574248]
11025	[225167, 280756, 309767, 362190, 423913, 461872, 654082, 673546, 1095901, 1587852, 3725154]
11844	[537192, 1194428, 1927545]
12172	[1458, 78668, 86697]
12272	[302709, 326036, 431503, 711612, 711613, 754862, 987449, 1204642, 1413646, 1455567, 1461693, 1621170, 1621171, 1824940, 2139944, 2223785, 2223791, 2224039]
12535	[17035, 17641, 18547, 19814, 47742, 56449, 66261, 98684, 105453, 157990]
12854	[65784, 98887, 98888, 105680, 112847, 127828, 208740, 267766, 275311, 294731, 304701, 351913, 381872, 382275, 441042, 461229, 495535, 544422, 578524, 595993, 707625, 710584, 754391, 847100, 942804, 1011467, 1121668, 1121670, 1219579, 1806415, 3137089, 3141755, 3141756, 3149913, 3154896, 4851325]
12863	[75355, 75585, 76934, 76967, 76969, 76974, 76978, 83229, 84413, 90993, 91384, 94864, 94868, 99098, 139428, 152038, 165492, 173432, 179117, 182636, 216008, 224574, 229790, 233571, 241139, 277861, 281316, 282058, 329635, 346054, 352366, 356062, 460734, 526556, 555618, 570956, 570961, 619475, 628450, 695688, 906079, 957315, 998326, 1047642, 1048131, 1051743, 1063579, 1095167, 1095168, 1095178, 1095288, 1102403, 1102404, 1391138, 4014362]
12870	[130417, 142970, 163374, 180812, 312782, 383941, 651033, 680416, 735270, 741564, 803646, 803648, 850121, 1213035, 1357802, 1520795, 2130153, 2673975, 3200327, 3467458, 3585172, 6118975, 6118976, 6118977, 6118978, 6118979, 6118980, 6222382]
12895	[252077, 277388, 279119, 519751, 528696, 598328, 725248, 763802, 763846, 842791, 1253000, 1365351, 2543767, 2576280, 2576288, 2576289, 4117038]
12903	[1128279, 1689535, 3490881, 3490883, 3490886, 3490887, 3490888, 3490889, 3490891, 3490893, 3490895, 3490896]
12917	[286059, 319445, 345934, 471030, 471032, 489783, 567141, 611912, 753727, 764888, 795922, 845839, 845841, 873279, 892383, 920657, 1035902, 1107681, 1121314, 1138815, 1139830, 1151060, 1162554, 1162559, 1162789, 1162791, 1162794, 1170558, 1171360, 1223907, 1307221, 1319161, 1612032, 2920738, 2920739, 2920740, 3153937, 3553050, 3784689, 3846561, 3847620, 3909295, 4231334, 4231336, 4231338, 4231341, 4231347, 4700808, 7497922, 7506300]
12925	[74213, 201620, 201632, 201633, 201641, 218421, 224839, 225164, 225165, 225168, 297288, 316798, 375660, 375662, 441599, 494377, 568964, 590225, 590347, 590348, 918803, 1343876, 7488162]
12930	[1086459, 2600480, 2983194, 2983195, 2983197, 3057632, 3057633, 3057634, 4080082, 4336936, 4866219, 4866220, 4866221, 4866222, 4866223, 4866224, 4866225, 4866226, 4866227, 4866228, 4866229, 4866230, 4866231, 4866232, 5294086]
12939	[8402, 51980, 54906, 62495, 93775, 181033, 218897, 263667, 528104, 842929]
12954	[75431, 148030, 283642, 301172, 471690, 675853, 675856, 726337, 754088, 1727754, 1727755, 1798846, 1833705, 1948545, 1994049, 5781628, 5781629, 5781630, 5781631, 5781632, 5781633, 6955707]
12994	[372210, 564139, 604060, 669860, 689305, 689306, 692557, 692563, 924504, 924524]
13001	[211999, 220337, 287066, 928380, 976378, 1165636, 1356121, 1356122, 1356126]
13002	[805718, 1100712, 1239338, 1239339, 1780811, 1973714, 1973715, 1973716, 1973717, 1973718]
13004	[1954307, 2076036, 4442671, 4442672, 4442673, 4442674, 4442676, 4442677, 4442678, 4442679]
13006	[32199, 166793, 177342, 199202, 206009, 290995, 748939, 748940, 748942, 1405088, 1969420]
13009	[142962, 254917, 280161, 292451, 457931, 493934, 584907, 733486, 791716, 791720, 791723, 1250582, 1397855, 1411143, 1411145, 1432701, 4236887, 4236888, 4236889, 4236890]
13011	[3474, 4654, 6274, 6518, 8024, 8760, 10262, 10582, 11012, 13880, 16794, 16797, 16798, 16799, 17743, 19802, 21715, 23510, 24336, 27211, 27213, 28795, 31961, 36628, 37224, 41215, 42238, 47841, 62261, 66330, 85929, 86070, 86074, 88486, 89103, 92980, 96147, 96893, 100118, 104664, 124506, 138748, 147695, 153823, 156829, 188561, 201571, 255473, 266422, 268911, 352202, 462642, 518518, 608919, 986453, 1068350]
13012	[3918, 52786, 211886, 245341, 611364, 611371, 611374, 708467]
13022	[925171, 2598733, 3005593, 3480751, 5568689, 7223363, 7223364, 7223365, 7223366, 7223367, 7223368, 7223369, 7223370, 7223371]
13023	[162989, 648964, 648965, 651294, 857257, 1484827, 1760384, 1760465, 1760466, 1760467]
13024	[44599, 130874, 229368, 318490, 738262, 742729, 1523935, 1523936, 1523937, 1523939]
13032	[4406508, 6382895, 6382897, 6382900, 6382901, 6382902, 6382903, 6382905, 6382906, 6382907]
13033	[423743, 627903, 1788904, 2219740, 2575099, 4517158, 4693679, 6311347]
13038	[266246, 380104, 925697, 2347707, 5381477, 5381478, 5381479, 5381480, 5381481, 5381482, 5381483, 5381484]
13054	[20560, 103010, 614915, 716005, 1040930, 1253222, 1474941, 2976587, 3595837]
13059	[927309, 1526265, 4616318, 4637597, 4637599, 4637600]
13063	[912362, 1441458, 1731951, 1789906, 2100958, 2814547, 3143121]
13067	[226809, 3968970, 4274836, 4459200, 5311140, 5311148, 5666831, 5666832, 5666833, 5666834, 5666835]
13068	[75343, 715136, 750087, 1153578, 6439654]
13071	[661, 65707, 78003, 94860, 99731, 124429, 144927, 198937, 210516, 216604, 218806, 249687, 256182, 272701, 275460, 275461, 296710, 314275]
13074	[62495, 64452, 318277, 415552, 1088320]
13077	[36245, 48686, 58033, 87012, 88729, 160119, 168418, 180517, 183593, 257286, 324688, 366026, 479660, 931434, 1347021]
13080	[1276137, 6625303, 6715411, 6805648, 7207871, 7207874, 7207875, 7207876, 7207877, 7207879]
13086	[15562, 84056, 97671, 236669, 277722, 290980, 293149, 573220, 1554086, 1890466, 1927421, 2069635, 3493520, 3493521, 3493522]
13092	[82378, 84452, 328969, 330222, 339071, 368060, 487970, 636065, 1177045, 1177046, 1754171, 1876696, 2653989]
13099	[176275, 515491, 582002, 682779, 740585, 1018296, 1237406, 1237407, 1237408, 2455513]
13101	[112668, 387729, 1361722, 5170330, 5377041, 6997539, 7191974]
13132	[3682, 26912, 27213, 60480, 91809, 101113, 197347, 249852, 1056614]
13145	[2725, 3682, 16655, 18666, 22035, 23165, 154434, 257304, 316442]
13147	[76934, 76967, 76974, 76978, 83229, 173432, 216008, 282058, 346054, 695688, 906079, 957315, 1095288, 1391138]
13150	[32194, 32197, 97544, 4637417]
13151	[2725, 3682, 4205, 6271, 16655, 18666, 22035, 23165, 154434, 257304, 316442]
13158	[91941, 182630, 256732, 851153, 862751, 964455, 964456, 964458, 1054254]
13167	[13193, 16765, 17399, 67964, 76017, 79266, 79267, 306288, 548143, 767488, 1456546, 1456551]
13170	[105034, 274693, 356229, 465993, 479536, 646715, 1746983, 1884215, 1968430, 1968431, 1968432, 1968433, 1968434]
13174	[593, 264556, 351845, 351846, 593952, 743480, 788312, 1263904, 1902889, 2009778, 2012295]
13175	[145612, 393397, 2205278, 2773417, 2773418, 2773419, 2773420, 2773421, 2773422]
13181	[70573, 302689, 1086302, 1308676, 1308677, 1308678, 1930653]
13182	[2751, 5647, 7247, 7552, 8760, 9051, 10262, 11136, 13932, 13999, 14185, 14484, 16755, 16805, 16992, 17015, 17640, 17743, 17960, 17967, 18547, 18677, 19584, 19768, 19792, 19849, 21073, 21910, 23394, 24444, 28295, 29812, 30542, 30897, 30972, 31961, 32381, 32497, 36080, 36628, 36807, 38563, 38863, 39727, 39769, 40346, 40409, 41266, 42238, 42488, 44581, 46304, 48245, 48417, 51979, 52272, 53539, 56487, 56746, 57619, 58574, 64135, 65939, 66261, 66838, 67070, 67856, 68674, 71785, 73689, 77019, 80091, 80121, 82730, 85929, 86163, 90591, 96114, 96147, 96893, 99929, 102333, 102419, 103010, 105392, 106694, 106870, 127760, 133988, 143894, 148391, 152965, 169574, 194667, 202853, 219213, 245159, 250902, 264151, 271192, 290587, 518518, 1068350]
13183	[1777451, 1777452, 1777453, 1777454, 1777455, 1777456, 1777457, 1777458, 1777459, 1777460, 1777461]
13186	[3763635, 3763636, 3763637, 3763638, 3763639, 3763645, 3763646, 3763647]
13187	[2892782, 3735424, 3862689, 4669080, 4669081, 4669082, 4669083, 4669084, 4669085, 4669086, 4669088, 4669089]
13199	[2805300, 4098225, 4226239, 4387120, 4387121, 4387122, 6345535]
13201	[423746, 423761, 534485, 971723, 1394436, 2068742, 2707882, 4747059]
13210	[61588, 69387, 157277, 361690]
13234	[1253221, 1573441, 1618001, 1656589, 1822768, 2070693, 2348177, 3321974, 3321976, 3321978, 3321979, 3323173]
13238	[76043, 99864, 190634]
13244	[3197425, 4216054, 4216055]
13245	[40336, 139003, 260740, 707038]
13250	[51398, 423761, 621178, 1236151, 2381207, 2707883, 2739980, 2810034, 2810035, 2986413]
13256	[51672, 231413, 304970, 1011917, 2026005, 3609187]
13259	[212626, 458551, 555727, 1033294, 1033295, 1033296, 1068060, 1068061, 1821160]
13261	[65807, 212266, 212301, 833768, 1013597, 1203238]
13264	[1982344, 2753696, 6163824]
13267	[79687, 618114, 907532, 907533, 907534, 907535, 907536, 907537]
13298	[5115, 84675, 98744, 155978, 209740, 209801, 227700, 232192]
13299	[75355, 75585, 76934, 76967, 76969, 76974, 76978, 83229, 84413, 90993, 91384, 94868, 99098, 139428, 152038, 165492, 173432, 179117, 216008, 224574, 229790, 233571, 241139, 277861, 281316, 282058, 329635, 346054, 352366, 356062, 460734, 526556, 555618, 570961, 619475, 628450, 695688, 906079, 957315, 1047642, 1048131, 1051743, 1063579, 1095167, 1095168, 1095178, 1095288, 1102403, 1102404, 1391138, 4014362]
13300	[1835, 2713, 2725, 3288, 10388, 23035, 29807, 31351, 40301, 100591]
13316	[13193, 14648, 17743, 19700, 28521, 57586, 88747, 116267, 153956, 180886, 183962]
13334	[6236932, 6236933, 6236934, 6236935]
13335	[48275, 51857, 66943, 302709, 377359, 1542596, 4446510]
13342	[2413155, 2413156, 2413161, 2413163, 2413164, 2413166, 2413167, 2413169]
13348	[14974, 18802, 183514, 228751, 229008, 229009]
13353	[98168, 254706, 722170, 1289323, 1517794, 1700194, 4280374, 5989845, 5989846, 5989847]
13364	[98882, 256973, 257187, 304216, 444712]
13370	[1607480, 2152333, 2452452, 2452453, 2452455, 2452456, 2452457, 2452458, 2452461, 3568436]
13372	[98291, 99601, 149420, 193987, 388722, 477638, 534104]
13373	[36868, 98528, 264481, 362349]
13374	[5049, 152072, 180267, 196578, 210568, 231760, 231761, 580362]
13376	[1609880, 1609882, 2110241, 2110242, 2110243, 2110244, 2110245, 2110246]
13379	[176502, 221998, 868013, 1193574, 1255072, 1701026]
13386	[860273, 951719, 3347484, 3347485, 3347489, 3347492]
13391	[21277, 239297, 532353, 581383, 613083, 619463, 2805556, 3349629]
13392	[651199, 658985, 709269, 1353114, 3303282]
13401	[1892941, 2308421, 2679683, 2679685, 2679686, 4300950]
13403	[423751, 423761, 490162, 789790, 1311788, 6494210, 6953732]
13415	[361658, 593647, 853538, 1205282, 3591915]
13429	[593166, 603448, 907147, 1385186, 1387625]
13437	[6271, 12716, 106460, 131485, 303933, 307708, 1517706]
13438	[61486, 95543, 95544, 121755, 149282, 256395, 262304, 273343, 283425, 300696, 302709, 311585, 326036, 346896, 431503, 441361, 441362, 461169, 493755, 498183, 526636, 649000, 711612, 711613, 754862, 836509, 843352, 960483, 987449, 987450, 987451, 1198930, 1204642, 1272723, 1378290, 1413646, 1461693, 1621141, 1621170, 1621171, 1659928, 1659929, 1659931, 1659932, 1660134, 1660139, 1660140, 1661143, 1661162, 1661163, 1661165, 1824940, 1845457, 1894910, 1965195, 2139944, 2157458, 2157459, 2223785, 2223791, 2224039, 2917080]
13439	[33203, 103139, 142615, 510502, 900479, 1327211, 1912708, 2740080, 5000636, 5000637, 5000638, 5000639]
13440	[1223373, 5783884, 6652258, 7420634, 7420636, 7420637, 7420638]
13444	[431628, 1129723, 1129724, 1129725]
13451	[2056591, 2902470, 4523202, 4791637, 5171296, 5196946]
13452	[218653, 1412406, 1569815, 1648722, 6066537, 6066538, 6066539, 6066540]
13453	[37749, 65181, 86533, 102834]
13458	[2751, 5647, 6692, 7142, 7247, 8024, 8760, 9051, 10262, 11136, 13932, 14185, 14484, 16755, 16805, 16992, 17015, 17640, 17743, 17960, 17967, 18547, 18677, 19584, 19761, 19770, 19776, 19781, 19796, 19801, 19849, 21073, 21910, 23394, 24444, 26640, 26912, 27211, 27213, 28295, 29812, 30897, 30972, 31757, 31961, 31963, 32381, 32497, 36080, 36628, 36807, 38563, 38863, 39727, 40346, 40409, 42238, 44581, 46304, 48245, 48417, 51979, 52272, 53259, 53539, 55502, 56487, 56746, 57619, 58574, 63347, 64135, 65939, 66261, 67070, 67856, 71785, 77019, 80091, 80121, 81013, 82730, 85929, 86163, 88828, 88835, 89557, 90591, 91803, 92980, 96114, 96147, 96893, 99929, 102333, 102419, 105392, 106294, 106694, 106870, 116266, 125040, 127760, 133988, 137813, 140160, 143894, 146286, 148391, 150767, 152965, 157572, 159573, 169574, 194667, 201880, 202853, 219213, 223797, 223799, 226297, 241246, 245159, 250902, 251257, 253528, 265150, 271192, 272202, 290587, 386013, 573804, 757710, 905257, 1068350]
13473	[207574, 309767, 425689, 2536561]
13475	[30144, 32512, 33200, 100702]
13480	[2704, 7972, 17819, 29001, 4053754]
13489	[391, 99731, 123904, 700504]
13492	[76974, 94864, 165492, 182636, 329635, 352366, 555618, 570956, 998326]
13505	[75585, 76934, 76967, 76969, 76974, 76978, 83229, 84413, 90993, 91384, 94868, 99098, 165492, 173432, 179117, 216008, 224574, 233571, 281316, 282058, 329635, 346054, 352366, 356062, 555618, 570961, 619475, 628450, 695688, 906079, 957315, 1048131, 1095167, 1095168, 1095288, 1102403, 1102404, 1391138, 4014362]
13515	[44585, 243278, 262155, 306184, 538147, 750542, 1084647, 1410990]
13539	[95878, 166320, 174904, 223473, 293304, 2995963]
13551	[106870, 808776, 1354374, 1354375]
13552	[3470, 6021, 65331, 75920, 79095]
13554	[10293, 99731, 108566, 506362, 523006, 787140]
13564	[2725, 3682, 6271, 16655, 18666, 22035, 23165, 154434, 257304, 316442]
13565	[1951494, 2190682, 3803607, 3803611, 3803612]
13574	[568884, 819252, 922787, 973437, 1535548]
13590	[511674, 970047, 1353610, 1728724, 3270364, 4809357]
13592	[393859, 711612, 871144, 1438344, 2453428]
13593	[15158, 126442, 593795, 1058874, 3552965]
13594	[84839, 415720, 580166, 2773261]
13597	[25654, 66617, 82822, 162230, 167730]
13605	[311865, 583710, 1299095, 6429064, 6429066]
13606	[15875, 19502, 44808, 52312, 114977, 264853, 284531, 299585, 507458]
13613	[546337, 810431, 2647812, 2647813]
13615	[4347, 16430, 30998, 81252, 353059, 452996]
13621	[2713, 12340, 27500, 118545, 201658]
13625	[606128, 630797, 1264644, 3751383]
13630	[54600, 163835, 610877, 638832, 667017, 1025884, 1382085]
13634	[86075, 89618, 105450]
13636	[2843295, 4840903, 4840904, 4840905, 4840906]
13640	[57497, 198103, 246735, 246736, 956884]
13641	[48686, 58033, 88729, 160119, 168418, 183593, 257286, 324688, 479660, 931434, 1347021]
13647	[19502, 272426, 282991, 312044, 711723, 1591272]
13651	[25869, 38746, 128119]
13659	[4097, 8024, 16765, 19762, 23259, 23510, 41266, 42090, 43733, 47841, 48686, 88486, 89604, 90961, 98625, 100713, 102318, 104723, 138748, 139918, 152598, 171123, 180517, 311787, 353525, 359019, 559619, 693883, 1989060]
13664	[32819, 339934, 360863, 603433, 1157480, 1291080]
13667	[715274, 871139, 1914852]
13672	[12596, 22757, 29718, 44969, 132066, 170791, 217628, 259648, 271388]
13673	[207103, 651295, 651298, 651299, 2121978, 2788892]
13679	[21979, 66915, 88606, 92361, 307126, 314911, 401391]
13700	[10429, 17035, 17641, 18547, 19814, 47742, 56449, 66261, 98684, 105453, 157990]
13703	[455942, 522486, 531497, 534062, 534063, 534064]
13712	[526624, 5498025, 5498026, 5498027, 5498028, 5498029]
13718	[361545, 365767, 538156, 1814567, 3992326]
13729	[170187, 297755, 383479, 447781]
13744	[346035, 362937, 362938]
13746	[4115, 13999, 73194, 83146]
13748	[977404, 1238683, 1729367, 2163689, 2163691, 2163692]
13755	[273971, 1340860, 1446821]
13757	[36231, 112758, 180764, 206096, 440601]
13765	[82378, 84452, 328969, 330222, 368060, 487970, 636065, 1177045, 1177046, 1754171, 2653989]
13766	[61486, 95543, 95544, 121755, 149282, 256395, 262304, 273343, 283425, 300696, 302709, 311585, 326036, 431503, 441361, 441362, 461169, 493755, 498183, 526636, 649000, 711612, 711613, 754862, 836509, 843352, 960483, 987449, 987450, 987451, 1198930, 1204642, 1272723, 1413646, 1461693, 1621170, 1621171, 1659928, 1659929, 1659931, 1659932, 1660134, 1660139, 1660140, 1661143, 1661162, 1661163, 1824940, 1845457, 1894910, 2139944, 2157458, 2157459, 2223785, 2223791, 2224039]
13773	[99328, 321196, 532805, 2003596, 2003597, 2003598]
13776	[1387632, 2545346, 5103092, 6383730]
13780	[92244, 212301, 339754, 1150479, 1617037]
13785	[10543, 225168, 317421]
13786	[157873, 550799, 2553668, 4341757, 4341758]
13788	[3682, 82831, 274689, 540971, 1443354, 2166635, 2760819]
13792	[187135, 293022, 317923, 775797]
13797	[50077, 65320, 88124, 97542, 224506]
13798	[325543, 3032084, 3047130, 4644641, 5298555]
13799	[3682, 26912, 27213, 60480, 82831, 101113, 540971, 1443354, 2166635, 2760819]
13812	[274957, 281270, 306774, 532414]
13814	[202139, 897580, 897581]
13821	[147695, 160008, 222891, 383482]
13823	[263722, 567488, 671327, 850540]
13844	[62484, 152039, 820316]
13846	[125410, 251950, 434388, 540260, 2949461]
13848	[746506, 2084467, 3111894, 3111895]
13850	[10263, 19731, 28875, 54906, 58132, 74481, 91314, 93282, 169787, 211101, 251950, 255137, 257745, 278726, 279941, 1140202, 1327511]
13852	[112897, 139003, 254552, 664145]
13870	[246639, 269289, 581758]
13890	[75355, 75585, 76934, 76969, 76974, 94868, 99098, 139428, 152038, 216008, 224574, 229790, 233571, 241139, 277861, 281316, 356062, 526556, 555618, 570961, 619475, 1047642, 1051743, 1063579, 1095178, 1102403, 1102404, 4014362]
13892	[15266, 21032, 234142, 278800]
13895	[135082, 192818, 246974, 293500]
13900	[35602, 136917, 5977462]
13902	[5064, 111519, 485047]
13905	[456102, 752599, 810431, 1383483]
13909	[516571, 914016, 1432070, 1569062, 1600410, 2348177, 3607149, 3607178]
13911	[4402044, 4402045, 4402046]
13917	[164803, 242528, 921837]
13926	[1732248, 6412251, 6412252]
13928	[62643, 126919, 130317]
13933	[3474, 6518, 13187, 13820, 13880, 18547, 21704, 28795, 30542, 39771, 41215, 45227, 47333, 49904, 59776, 66261, 66838, 66839, 75718, 88835, 106294, 112966, 2326644]
13937	[112668, 387729, 1361722, 5170330, 6997539, 7191974]
13941	[24495, 42488, 295035, 759478]
13942	[1721190, 3011703, 3398228]
13943	[177899, 1215685, 1215846]
13953	[21266, 90598, 5996541]
13955	[6021, 10584, 26641, 31001, 38563, 80116]
13956	[159350, 300880, 3119068]
13958	[603306, 603307, 603312]
13970	[2751, 5647, 6706, 7247, 8760, 9051, 10262, 13932, 14185, 14484, 16755, 16805, 16992, 17015, 17743, 17960, 17967, 18547, 18677, 19584, 19849, 21073, 21910, 23394, 24444, 28295, 29812, 30972, 31961, 32381, 32497, 36080, 36628, 36807, 38563, 38863, 39727, 40346, 40409, 42238, 44581, 44955, 46304, 48417, 50570, 51979, 52272, 53539, 56487, 56746, 57619, 58574, 64135, 65939, 66261, 67070, 67856, 71785, 77019, 80091, 80121, 85929, 86163, 90591, 96114, 96147, 96893, 99929, 102333, 102419, 105392, 106694, 106870, 127760, 133988, 143894, 148391, 152965, 169574, 194667, 202853, 219213, 245159, 250902, 271192, 290587, 689016, 1068350]
13982	[1835, 2264, 3288, 3909, 4097, 5873, 6351, 8024, 10429, 11287, 12136, 16765, 17015, 19768, 19779, 19783, 19784, 19792, 19799, 19849, 23259, 23510, 25955, 26571, 28444, 33762, 36214, 36245, 39055, 41266, 42488, 43733, 44559, 46304, 46720, 47022, 47841, 48686, 48863, 53259, 54879, 56347, 56348, 56487, 57496, 64135, 66263, 68674, 69303, 69364, 81440, 82356, 82834, 86853, 88486, 89604, 90961, 96897, 98625, 100713, 101256, 102318, 102419, 103387, 104663, 104723, 106085, 118257, 127272, 138075, 138748, 139918, 149428, 151151, 152598, 152965, 157277, 162896, 171123, 180517, 232595, 242808, 253528, 290080, 353525, 359019, 366026, 398975, 415001, 620382, 693883, 875283, 1016496, 1987790, 1989060, 5549342]
13983	[3682, 12716, 106460, 131485, 307708]
13987	[2714, 6273, 114566, 1043467]
13990	[264556, 351845, 351846, 593952, 743480, 788312, 1263904, 1902889, 2009778, 2012295]
13994	[223579, 280161, 391491, 1395978]
13995	[95543, 95544, 121755, 149282, 256395, 262304, 273343, 283425, 300696, 302709, 311585, 326036, 346896, 431503, 441361, 441362, 461169, 493755, 498183, 526636, 649000, 711612, 711613, 754862, 836509, 843352, 960483, 987449, 987450, 987451, 1198930, 1204642, 1272723, 1378290, 1461693, 1621141, 1621170, 1621171, 1659928, 1659929, 1659931, 1659932, 1660134, 1660139, 1660140, 1661143, 1661162, 1661163, 1661165, 1824940, 1894910, 1965195, 2139944, 2157458, 2157459, 2223785, 2223791, 2224039, 2917080]
14014	[62491, 2050589, 2050590]
14019	[1169115, 3102052, 6156199, 6156200]
14025	[6292543, 6292544, 6292545, 6292546]
14040	[68671, 76967, 2007180, 6872501, 6872502]
14061	[10389, 35301, 53648, 55029, 67224, 74185, 172408, 362586, 1830626]
14064	[92244, 187066, 502814, 826708, 1617040]
14071	[537192, 1194428, 1927545, 1927546]
14077	[17827, 37729, 40409, 90154, 166684, 236897, 249597, 255137, 273411]
14079	[150274, 472057, 1202904, 1274267, 1565072]
14088	[166327, 190790, 571786]
14091	[12217, 48417, 106460, 381535]
14092	[11879, 12596, 55738, 76425, 88740, 142459, 253929]
14112	[56675, 302565, 621203, 627903, 948683, 4785456, 7252258]
14113	[48606, 60916, 60917]
14122	[22627, 22630, 3290860, 3758234]
14133	[79684, 173720, 344181, 1947418]
14137	[292140, 687804, 687805]
14140	[702287, 1448595, 1659141, 1740158]
14157	[1140478, 1472363, 3366976]
14160	[509133, 621482, 658545, 2620574]
14165	[4291054, 4631090, 4631091, 4631122]
14168	[191285, 345176, 1014192]
14169	[75733, 347864, 347865]
14186	[5083, 10343, 18666, 87721]
14197	[33296, 1695470, 1695471, 2966189]
14198	[6518, 18509, 101349, 243280]
14207	[13911, 63318, 269534, 291650]
14217	[56621, 87721, 209415]
14225	[305136, 2279247, 3260299, 4342272]
14228	[6274, 16794, 16797, 16798, 16799, 46767, 62261, 86070, 253612]
14230	[24221, 28795, 96774]
14233	[75585, 76934, 76967, 76969, 76974, 84413, 90993, 91384, 94868, 99098, 165492, 173432, 179117, 216008, 281316, 282058, 329635, 352366, 460734, 555618, 628450, 1048131, 1095167, 1095168, 1102404, 4014362]
14248	[510834, 528956, 639926, 2936781]
14250	[75355, 75585, 76934, 76967, 76969, 76974, 76978, 83229, 84413, 90993, 94868, 99098, 139428, 152038, 165492, 173432, 179117, 216008, 224574, 229790, 233571, 241139, 277861, 281316, 282058, 346054, 356062, 526556, 555618, 570961, 619475, 628450, 695688, 906079, 957315, 1047642, 1048131, 1051743, 1063579, 1095167, 1095168, 1095178, 1095288, 1102403, 1102404, 1391138, 4014362]
14252	[75585, 76934, 76967, 76969, 76974, 76978, 83229, 84413, 90993, 94868, 99098, 165492, 173432, 179117, 216008, 224574, 233571, 281316, 282058, 329635, 346054, 356062, 555618, 570961, 619475, 628450, 695688, 906079, 957315, 1048131, 1095167, 1095168, 1095288, 1102403, 1102404, 1391138, 4014362]
14254	[1129486, 1476497, 2000402]
14259	[280449, 529900, 533357]
14264	[98228, 159186, 196606, 316760]
14269	[240099, 846450, 5374823, 6629640, 6629641]
14272	[2713, 10263, 19731, 28875, 54906, 58132, 74481, 91314, 93282, 169787, 211101, 255137, 257745, 278726, 279941, 1140202, 1327511]
14275	[2751, 5647, 7247, 7552, 8760, 9051, 10262, 11136, 13932, 14185, 14484, 16755, 16805, 16992, 17015, 17640, 17743, 17960, 17967, 17971, 18547, 18677, 19584, 19768, 19792, 19849, 21073, 21910, 22853, 23394, 24444, 28295, 29812, 30542, 30897, 30972, 31961, 32381, 32497, 36080, 36628, 36807, 38563, 38863, 39727, 40346, 40409, 41266, 42238, 42488, 43733, 44581, 46304, 48245, 48417, 48865, 51979, 52272, 53539, 56487, 56746, 57619, 58574, 64135, 64601, 65939, 66261, 66838, 67070, 67856, 68674, 71785, 73689, 77019, 80019, 80091, 80121, 82730, 85929, 86163, 90591, 91803, 96114, 96147, 96893, 99929, 100118, 101751, 102333, 102419, 103010, 105392, 106467, 106694, 106870, 127760, 133988, 143894, 148391, 152965, 169574, 178572, 194667, 202853, 219213, 226967, 245159, 250902, 254127, 264151, 271192, 290587, 300880, 518518, 615725, 1068350]
14288	[3479, 55594, 100039, 185662]
14297	[55143, 779111, 3153250, 5768311]
14301	[185719, 197671, 224244]
14321	[95543, 95544, 121755, 149282, 256395, 262304, 273343, 283425, 300696, 302709, 311585, 326036, 346896, 441361, 441362, 461169, 493755, 498183, 526636, 649000, 754862, 836509, 843352, 960483, 987449, 987450, 987451, 1204642, 1272723, 1378290, 1461693, 1621141, 1621171, 1659928, 1659929, 1659931, 1659932, 1660134, 1660139, 1660140, 1661143, 1661162, 1661163, 1661165, 1824940, 1894910, 1965195, 2157458, 2157459, 2223791, 2917080]
14323	[3682, 9051, 16748, 16755, 16805, 18677, 21910, 24444, 40346, 40409, 42238, 51979, 56746, 58574, 67856, 90591, 106694, 245159, 1068350]
14324	[39241, 553248, 1017534]
14326	[65784, 98887, 98888, 105680, 112847, 127828, 208740, 267766, 275311, 294731, 304701, 351913, 382275, 441042, 461229, 495535, 544422, 595993, 707625, 710584, 754391, 847100, 942804, 1011467, 1121668, 1121670, 1219579, 1806415, 3137089, 3141755, 3141756, 3149913, 3154896, 4851325]
14332	[12974, 197325, 198788, 228868]
14337	[2751, 5647, 7247, 8760, 9051, 10262, 13932, 14185, 14484, 16755, 16805, 16992, 17015, 17743, 17960, 17967, 18547, 18677, 19584, 19849, 21073, 21910, 23394, 24444, 28295, 29812, 30972, 31961, 32381, 32497, 36080, 36628, 36807, 38563, 38863, 39727, 40346, 40409, 42238, 44581, 44955, 46304, 48417, 50570, 51979, 52272, 53539, 56487, 56746, 57619, 58574, 64135, 65939, 66261, 67070, 67856, 71785, 77019, 80091, 80121, 85929, 86163, 90591, 96114, 96147, 96893, 99929, 102333, 102419, 105392, 106694, 106870, 127760, 133988, 143894, 148391, 152965, 169574, 194667, 202853, 219213, 245159, 250902, 271192, 290587, 689016, 1068350]
14343	[36245, 48686, 58033, 87012, 88729, 180517, 183593, 324688, 366026, 479660, 931434, 1347021]
14347	[1394277, 1615388, 2676971]
14350	[178189, 5550085, 5550086]
14362	[2065816, 2088910, 6133627]
14365	[604779, 1757140, 1757142]
14368	[1594745, 2266827, 2295382]
14399	[31580, 91506, 112154, 166093]
14417	[94864, 182636, 352366, 555618, 570956, 998326]
14420	[12716, 31010, 36807, 586400]
14421	[1835, 3909, 4097, 8024, 10429, 11287, 16765, 19779, 19783, 19784, 19792, 19799, 23259, 23510, 26457, 26571, 27210, 28444, 32990, 33762, 36214, 36245, 37983, 39055, 41266, 42488, 43733, 44559, 46720, 47841, 48686, 48863, 49897, 53259, 56347, 56348, 56487, 66263, 69303, 69364, 82356, 82834, 86853, 88486, 89431, 89604, 90961, 92660, 100713, 102318, 103010, 103387, 104723, 118257, 127272, 138748, 139918, 149428, 152598, 157853, 162896, 171123, 177603, 180517, 232595, 242808, 253528, 290080, 323099, 353525, 359019, 366026, 398975, 416971, 479660, 693883, 875283, 1687939, 1987790, 1989060, 5549342]
14426	[26912, 27213, 60480, 91809, 101113, 197347, 249852, 1056614]
14457	[375675, 1040285, 1040286]
14460	[262940, 412519, 443257]
14480	[2725, 2751, 5647, 7247, 7552, 8024, 8760, 9051, 10262, 11136, 13932, 14185, 14484, 16755, 16805, 16992, 17015, 17640, 17743, 17960, 17967, 18547, 18677, 18978, 19584, 19768, 19792, 19849, 21073, 21910, 22853, 23394, 24444, 28295, 29812, 30542, 30897, 30972, 31961, 32381, 32497, 36080, 36628, 36807, 38563, 38863, 39727, 40346, 40409, 41266, 42238, 42488, 44581, 46304, 48245, 48417, 48512, 51979, 52272, 53539, 56487, 56746, 57619, 58574, 64135, 65939, 66261, 66838, 67070, 67856, 68674, 71785, 73689, 77019, 80027, 80091, 80121, 82730, 85929, 86163, 90591, 91803, 91815, 96114, 96147, 96893, 98545, 99929, 100118, 102333, 102419, 103010, 105392, 106694, 106870, 127760, 133988, 143894, 148391, 152965, 169574, 194667, 202853, 219213, 245159, 250902, 264151, 271192, 290587, 518518, 1068350, 1106348]
14482	[31950, 31951, 31952]
14487	[2846453, 4859165, 4859166]
14490	[3165, 23755, 83242, 254761]
14492	[137779, 199424, 293515, 503464]
14502	[193410, 264038, 1754490]
14504	[10263, 19731, 28875, 54906, 58132, 74481, 91314, 93282, 169787, 211101, 255137, 257745, 278726, 279941, 1140202, 1327511]
14529	[695776, 1114173, 1248253]
14560	[2725, 16655, 18666, 22035, 23165, 154434, 257304, 316442]
14563	[75355, 75585, 76934, 76969, 94868, 99098, 139428, 152038, 216008, 224574, 229790, 233571, 241139, 277861, 281316, 356062, 526556, 570961, 619475, 1047642, 1051743, 1063579, 1095178]
14574	[822962, 2445257, 2445258]
14583	[2751, 5647, 7247, 8760, 9051, 10262, 12596, 13932, 14185, 14484, 16745, 16755, 16805, 16992, 17015, 17743, 17960, 17967, 18547, 18677, 19584, 19802, 19849, 21073, 21910, 23394, 23446, 23510, 24444, 28295, 29812, 30972, 31757, 31961, 32381, 32411, 32497, 36080, 36628, 36807, 38563, 38863, 39727, 40346, 40409, 42238, 42907, 46304, 46720, 48417, 51979, 52272, 53485, 53539, 56487, 56746, 57619, 58574, 64135, 65939, 66261, 67070, 67856, 69364, 71785, 77019, 80091, 80121, 82730, 82834, 85929, 86163, 90591, 96114, 96147, 96893, 99929, 100118, 102333, 102419, 105392, 106694, 106870, 127760, 133988, 138748, 143894, 148391, 149428, 152965, 162896, 169574, 194667, 202853, 219213, 245159, 250902, 271192, 290587, 518518, 1068350]
14593	[39294, 47835, 443737, 1484555]
14595	[2264, 2751, 5647, 5873, 7247, 7552, 8024, 8646, 8760, 9051, 9081, 10262, 10429, 11136, 11737, 12136, 13876, 13932, 13961, 13999, 14185, 14484, 16747, 16755, 16805, 16992, 17015, 17035, 17552, 17640, 17743, 17960, 17967, 17971, 18547, 18677, 19584, 19761, 19768, 19792, 19801, 19814, 19849, 21073, 21910, 22853, 23394, 23510, 24444, 28295, 28795, 29812, 30542, 30897, 30972, 31961, 32381, 32411, 32497, 35130, 36080, 36214, 36628, 36807, 38563, 38863, 39727, 40346, 40409, 41266, 42238, 42488, 44559, 44581, 45227, 46304, 46720, 47742, 48245, 48417, 49897, 51979, 52272, 53259, 53539, 56487, 56746, 57496, 57619, 58574, 63214, 64135, 65939, 66261, 66373, 66838, 67070, 67209, 67856, 68674, 71785, 73689, 77019, 79433, 80091, 80121, 80124, 82730, 85929, 86163, 88835, 90591, 91803, 96114, 96147, 96893, 98545, 98684, 99929, 100118, 102126, 102293, 102333, 102419, 103010, 105392, 105453, 106294, 106694, 106870, 107276, 107839, 124506, 127760, 133988, 138748, 143894, 148391, 151151, 152965, 157277, 157572, 157990, 169574, 175760, 193603, 194667, 202853, 214625, 219213, 245159, 250902, 253528, 256053, 264151, 271192, 290587, 518518, 1068350]
14596	[5647, 30738, 37757, 143225]
14598	[14490, 19767, 22209, 41949, 103438, 263826, 306492, 651012, 878982, 1002636]
14606	[95543, 95544, 121755, 149282, 256395, 262304, 273343, 283425, 300696, 302709, 311585, 326036, 346896, 441361, 441362, 461169, 493755, 498183, 526636, 649000, 836509, 843352, 960483, 987449, 987450, 987451, 1204642, 1272723, 1378290, 1621141, 1659928, 1659929, 1659931, 1659932, 1660134, 1660139, 1660140, 1661143, 1661162, 1661163, 1661165, 1894910, 1965195, 2157458, 2157459, 2917080]
14607	[328969, 339071, 368060, 487970, 1177045, 1177046, 1754171, 1876696, 2653989]
14613	[16794, 21350, 24334, 44969, 100031, 102310, 147069, 369584]
14622	[2265, 5873, 7142, 8024, 8760, 9051, 10262, 11737, 13961, 17015, 17035, 17550, 17640, 17743, 18677, 18982, 19849, 26912, 29262, 29812, 30542, 31961, 36628, 39727, 39771, 40346, 40409, 51979, 57496, 67856, 73205, 82730, 85929, 90591, 96147, 96893, 100118, 105033, 106694, 108700, 124506, 132814, 151151, 226967, 245159, 265150, 462642, 518518, 986453, 2657178]
14624	[230534, 256182, 268350]
14629	[4800, 262943, 1874766, 1874768]
14632	[12596, 84795, 287209]
14643	[76934, 76967, 76969, 76974, 84413, 90993, 165492, 173432, 179117, 216008, 282058, 329635, 555618, 628450, 1048131, 1095167, 1095168, 1102404, 4014362]
14647	[1452707, 3586084, 4770238, 4770241]
14651	[57488, 362504, 1214465]
14652	[16794, 35611, 86069, 161534]
14654	[3909, 10262, 19784, 43733, 48865, 64601, 102318]
14669	[2266, 2713, 2725, 3165, 3909, 8760, 10262, 11419, 12588, 12596, 12830, 13911, 16406, 17035, 17640, 17641, 18984, 23031, 30135, 30552, 31753, 31961, 38205, 41266, 44559, 56449, 56935, 63617, 77811, 80124, 82730, 86094, 88828, 97664, 102293, 139984, 155787, 164571, 174890, 175760, 177697, 255672, 260744, 262731, 267648, 269081, 303627, 317696, 325082, 406281, 1942373, 3139104, 3139105]
14670	[15583, 234130, 276064]
14671	[65707, 78003, 94860, 99731, 124429, 144927, 198937, 210516, 216604, 218806, 249687, 256182, 272701, 275460, 275461, 296710, 314275]
14677	[13193, 14648, 19700, 28521, 88747, 116267, 153956, 180886, 183962]
14683	[10355, 177974, 488720]
14698	[2751, 5647, 7247, 8024, 8760, 9051, 9081, 10262, 13932, 14185, 14484, 16755, 16805, 16992, 17015, 17550, 17743, 17960, 17967, 18547, 18677, 19584, 19849, 21073, 21910, 22853, 23394, 24444, 28295, 29812, 30972, 31961, 32381, 32497, 36080, 36628, 36807, 37413, 38563, 38863, 39727, 40346, 40409, 42238, 44581, 46304, 48417, 51979, 52272, 53539, 56487, 56746, 57619, 58574, 64135, 65939, 66261, 67070, 67856, 71785, 77019, 79156, 80091, 80121, 85929, 86163, 90591, 96114, 96147, 96893, 99929, 102333, 102419, 105392, 106694, 106870, 127760, 133988, 143894, 148391, 152965, 169574, 194667, 202853, 219213, 245159, 250902, 271192, 290587, 1068350]
14699	[18677, 36233, 41266, 43733, 49897, 56487, 102318, 127272, 143024, 152965, 171123, 204063, 224669, 359019]
14707	[54440, 77019, 100713, 108129]
14722	[2751, 4654, 5647, 7247, 8024, 8760, 9051, 10262, 10389, 10582, 11012, 12217, 12830, 13932, 14185, 14484, 16755, 16805, 16992, 17015, 17743, 17960, 17967, 18547, 18677, 19584, 19849, 21073, 21910, 23394, 24444, 28295, 29812, 30093, 30972, 31961, 32381, 32497, 36080, 36245, 36628, 36807, 38563, 38863, 39727, 40346, 40409, 42238, 44581, 46304, 47841, 48417, 51979, 52272, 53539, 56487, 56746, 57619, 58574, 64135, 64601, 65939, 66261, 67070, 67856, 71785, 77019, 80091, 80121, 85929, 86163, 87151, 88486, 90591, 96114, 96147, 96893, 99929, 102333, 102419, 105392, 106694, 106870, 124506, 127760, 133988, 139003, 143894, 148391, 151304, 152965, 169574, 194667, 202853, 219213, 223797, 245159, 250902, 266422, 271192, 290587, 462642, 986453, 1068350]
14723	[65145, 424645, 571513]
14733	[131041, 131044, 195498]
14734	[12388, 1279813, 1279814]
14746	[988118, 1031114, 1090013]
14752	[6170, 8646, 41305, 107843]
14757	[12340, 27500, 118545, 201658]
14774	[48686, 88729, 160119, 168418, 257286, 324688, 479660, 1347021]
14775	[12834, 13911, 85729, 87721, 89608, 90540, 124497, 126442, 134285, 135847, 174743, 279640, 325232, 407485]
14780	[15266, 62495, 67224]
14785	[5873, 6271, 10429, 12136, 15875, 17035, 19792, 19849, 23035, 28754, 30542, 42488, 47022, 57496, 59776, 96897, 151151, 232457, 571457, 1016496]
14787	[75355, 75585, 94868, 139428, 216008, 224574, 229790, 233571, 241139, 281316, 356062, 526556, 1051743, 1063579, 1095178]
14792	[95878, 166320, 174904, 223473, 2995963]
14796	[1949096, 1949097, 1949112]
14805	[2056591, 4523202, 4791637, 5171296, 5196946]
14811	[10775, 245124, 278395]
14821	[535835, 965792, 2368185]
14822	[3474, 6518, 7552, 8024, 8760, 10262, 10389, 11012, 11136, 11419, 13961, 17640, 17641, 18057, 19731, 30897, 31961, 37224, 38258, 39771, 40360, 40409, 41949, 44969, 45227, 48865, 49904, 56449, 56631, 57103, 64135, 66261, 67224, 69722, 73205, 74185, 77019, 80019, 82730, 86074, 86694, 89103, 91749, 91803, 94066, 96774, 104664, 105033, 105453, 106294, 106467, 106694, 112805, 124506, 128395, 129862, 132814, 137418, 178572, 194667, 201571, 255473, 256185, 266348, 266422, 268911, 272487, 272984, 282064, 317696, 376491, 380587, 449855, 608919]
14828	[1269765, 2057012, 4866834]
14832	[17827, 37729, 90154, 166684, 236897, 249597, 255137, 273411]
14834	[383987, 463166, 467258]
14837	[500172, 1932925, 2232307, 2232308]
14838	[286059, 319445, 345934, 471030, 471032, 489783, 567141, 611912, 753727, 764888, 795922, 845839, 1035902, 1107681, 1121314, 1138815, 1151060, 1162554, 1162559, 1162789, 1162794, 1171360, 1307221, 2920738, 2920739, 2920740, 3153937, 4231336, 4700808, 7506300]
14844	[10429, 19761, 19779, 19792, 19801, 36233, 42488, 140160]
14846	[17035, 17641, 18547, 19814, 47742, 66261, 98684, 157990]
14853	[8760, 13932, 42907, 82033, 82822]
14855	[76934, 76967, 76969, 84413, 94868, 165492, 173432, 282058, 329635, 352366, 460734]
14856	[3763635, 3763636, 3763637, 3763638, 3763645, 3763646, 3763647]
14859	[205901, 543688, 1811308]
14863	[2728, 7247, 13932, 39727, 40346, 67856, 80027, 133988, 245159, 254409, 307020, 366450, 370970, 399346]
14866	[19800, 27212, 29691, 88803, 155849, 165428, 185118, 236396, 676252, 875836, 2021460]
14872	[2265, 5647, 5873, 7142, 8024, 9051, 16755, 17015, 18677, 19849, 21910, 22853, 23510, 26912, 29262, 33708, 36080, 39055, 51979, 52272, 57496, 64135, 65939, 90591, 102419, 136198, 138748, 151151, 151458, 169574, 235979, 307067]
14876	[17962, 159463, 231604]
14879	[6274, 6520, 16794, 16795, 79963, 4292720]
14882	[936109, 936162, 1598746]
14885	[2751, 4098, 5647, 5873, 7247, 7552, 8024, 8646, 8760, 9051, 9081, 10262, 10429, 11136, 11737, 12136, 13187, 13876, 13879, 13932, 13961, 13999, 14185, 14484, 16755, 16805, 16992, 17015, 17035, 17552, 17640, 17743, 17960, 17967, 18547, 18677, 19584, 19761, 19765, 19768, 19771, 19777, 19778, 19786, 19792, 19800, 19801, 19814, 19849, 21073, 21910, 23394, 24444, 26640, 27212, 28295, 29812, 30542, 30897, 30972, 31961, 32381, 32411, 32497, 35130, 36080, 36214, 36233, 36628, 36807, 38563, 38863, 39727, 40346, 40409, 41266, 41650, 41949, 42238, 42488, 44559, 44581, 44956, 45227, 46304, 46720, 47010, 47742, 48245, 48417, 49897, 49904, 51979, 52272, 53259, 53539, 56487, 56746, 57496, 57619, 58574, 63214, 63347, 64135, 65939, 66261, 66373, 66838, 67070, 67209, 67856, 68674, 71785, 73689, 77019, 78162, 80091, 80121, 80799, 82730, 85929, 86163, 88678, 88679, 88683, 88803, 90591, 90863, 91803, 95914, 95915, 96114, 96147, 96893, 98545, 98606, 98684, 99929, 100118, 102126, 102333, 102419, 103010, 103858, 105033, 105392, 105453, 106294, 106694, 106870, 107276, 107839, 127760, 133988, 141880, 143894, 148391, 151151, 152965, 157990, 162108, 169574, 185118, 193603, 194667, 202853, 214625, 219213, 220052, 232595, 245159, 250902, 253528, 256053, 256789, 264151, 271192, 290587, 330324, 494613, 494615, 511132, 518518, 573804, 1068350]
14888	[3909, 4097, 8024, 11287, 16765, 19774, 19783, 19784, 23259, 23510, 26571, 27210, 28444, 33762, 36245, 37983, 39055, 41266, 43733, 44559, 47841, 48686, 48863, 56347, 56348, 56487, 66263, 82356, 87026, 88486, 89431, 89638, 92660, 98625, 102318, 103387, 104723, 114123, 127272, 138748, 139918, 152598, 157853, 171123, 180517, 242808, 353525, 359019, 366026, 416971, 479660, 693883, 5549342]
14890	[37413, 93445, 197347, 534027]
14892	[489783, 611912, 845841, 873279, 892383, 920657, 1035902, 1107681, 1121314, 1139830, 1151060, 1162559, 1162791, 1162794, 1170558, 1171360, 1223907, 1319161, 1612032, 2920740, 3153937, 3553050, 3784689, 3846561, 3847620, 3909295, 4231334, 4231336, 4231338, 4231341, 4231347, 4700808, 7497922]
14905	[1749292, 2035988, 2499475]
14916	[868493, 868494, 868496]
14929	[6692, 7247, 7552, 8024, 10429, 13932, 19761, 19769, 19770, 19776, 19777, 19778, 19779, 19780, 19781, 19782, 19783, 19784, 19789, 19801, 19802, 23510, 31757, 37983, 42488, 44559, 48245, 64135, 68674, 102419, 123698, 137179, 138748, 140160, 251257, 257879, 332359]
14930	[2264, 2751, 4097, 5647, 5873, 7247, 7552, 8024, 8646, 8760, 9051, 9081, 10262, 10429, 11136, 11737, 12136, 12596, 13876, 13932, 13961, 13999, 14185, 14484, 16747, 16755, 16805, 16992, 17015, 17035, 17531, 17552, 17640, 17743, 17960, 17967, 18547, 18677, 19584, 19761, 19763, 19765, 19768, 19771, 19777, 19779, 19781, 19786, 19787, 19788, 19789, 19790, 19791, 19792, 19793, 19794, 19795, 19796, 19801, 19802, 19814, 19849, 21073, 21910, 22853, 23259, 23394, 23510, 24444, 26640, 28295, 28795, 29812, 30542, 30897, 30972, 31757, 31961, 32381, 32411, 32497, 35130, 36080, 36214, 36628, 36807, 38563, 38863, 39727, 40346, 40409, 41266, 41650, 42238, 42488, 44559, 44581, 45227, 46304, 46720, 47742, 47841, 48245, 48417, 49897, 51979, 52272, 53259, 53539, 56487, 56746, 57496, 57619, 58574, 63214, 63347, 64135, 65939, 66261, 66373, 66838, 67070, 67209, 67856, 68674, 70377, 71785, 73689, 77019, 78162, 79433, 80091, 80121, 80124, 82730, 85929, 86163, 88486, 88835, 90591, 91803, 96114, 96147, 96893, 98545, 98684, 99929, 100118, 102126, 102293, 102333, 102419, 103010, 105392, 105453, 106694, 106870, 107276, 123698, 127760, 133988, 137179, 138748, 138852, 140160, 143894, 145902, 148391, 151151, 152965, 157990, 169574, 175760, 188561, 193603, 194667, 201880, 202853, 214625, 219213, 220052, 232595, 245159, 250902, 253528, 256053, 264151, 271192, 284858, 287143, 290587, 518518, 1068350]
14936	[8760, 10262, 17035, 17641, 18547, 19814, 31961, 47742, 56449, 63214, 66261, 66373, 80124, 82730, 157990, 175760]
14938	[76461, 107444, 277179]
14941	[475838, 1334065, 4914976]
14942	[74213, 201620, 201632, 201633, 224839, 225165, 225168, 297288, 316798, 375660, 375662, 441599, 494377, 568964, 590225, 918803, 7488162]
14943	[2714, 4654, 8024, 13932, 16794, 42754, 42907, 47841, 88486, 107843, 109033, 176409]
14944	[240099, 423743, 589080, 627903, 1788904, 1910598, 1986498, 2154831, 2172796, 2219738, 2311534, 2575099, 4697402, 6311347, 7334685]
14945	[195995, 221184, 5469817]
14950	[19761, 41266, 43733, 49897, 56487, 102318, 116361, 117503, 127272, 171123, 189700, 318836, 359019, 383508, 481859, 969002]
14951	[3474, 6518, 28795, 44808, 45227, 49904, 59776, 66261, 113655]
14952	[13820, 28795, 47333, 66839, 75718, 112966]
14954	[17035, 17641, 98684, 157990]
14955	[17743, 26640, 33281, 49904, 63347, 66838, 81599, 85929, 96147, 96893, 141880, 226122, 573804]
14958	[6021, 47842, 53539]
14959	[7552, 117195, 135261]
14963	[19767, 22209, 41949, 263826, 306492, 651012, 878982, 1002636]
14970	[286059, 319445, 345934, 471030, 471032, 489783, 567141, 611912, 753727, 764888, 795922, 845839, 1035902, 1107681, 1121314, 1138815, 1151060, 1162554, 1162559, 1162789, 1162794, 1171360, 1307221, 2920738, 2920739, 2920740, 3153937, 7506300]
14972	[17971, 23446, 32411, 63319, 77019, 113678, 265178, 267854, 364529, 377342, 379742, 457974]
14977	[197375, 297234, 297235]
14979	[158759, 191580, 279087]
14982	[3474, 4654, 6274, 6518, 8024, 13880, 21715, 23510, 24336, 27213, 42238, 47841, 66330, 88486, 92980, 124506, 138748, 147695, 156829, 201571, 1068350]
14986	[65784, 98887, 98888, 105680, 112847, 127828, 208740, 267766, 275311, 294731, 304701, 351913, 382275, 441042, 461229, 495535, 544422, 595993, 707625, 710584, 754391, 847100, 942804, 1011467, 1121668, 1121670, 1219579, 3137089, 3141755, 3141756, 3149913, 3154896, 4851325]
14988	[51398, 423761, 621178, 1236151, 2381207, 2707883, 2739980, 2810034, 2810035]
14999	[349284, 349286, 463152]
15000	[251128, 1478545, 7483222]
15002	[65784, 98887, 98888, 105680, 112847, 275311, 294731, 304701, 351913, 382275, 495535, 544422, 595993, 707625, 754391, 847100, 1011467, 1121668, 1121670, 3141756, 3149913, 3154896, 4851325]
15003	[67070, 176435, 319978]
15008	[2751, 5647, 7247, 7552, 8024, 8760, 9051, 10262, 10429, 13932, 14185, 14484, 16747, 16755, 16805, 16992, 17015, 17640, 17743, 17960, 17967, 18547, 18677, 19584, 19763, 19768, 19771, 19786, 19787, 19788, 19789, 19790, 19791, 19792, 19793, 19794, 19795, 19796, 19802, 19849, 21073, 21910, 23394, 24444, 26640, 28295, 29812, 30542, 30972, 31961, 32381, 32497, 36080, 36628, 36807, 38563, 38863, 39727, 40346, 40409, 41266, 41650, 42238, 42488, 44559, 44581, 46304, 48245, 48417, 49897, 51979, 52272, 53539, 56487, 56746, 57619, 58574, 63347, 64135, 65939, 66261, 66838, 67070, 67856, 68674, 71785, 73689, 77019, 78162, 79433, 80091, 80121, 82730, 85929, 86163, 90591, 91803, 96114, 96147, 96893, 98545, 99929, 100118, 102333, 102419, 103010, 105392, 106694, 106870, 127760, 133988, 143894, 148391, 152965, 169574, 188561, 194667, 202853, 219213, 220052, 245159, 250902, 264151, 271192, 290587, 518518, 1068350]
15010	[8760, 10262, 10582, 11012, 17743, 19802, 24336, 28795, 31961, 36628, 41215, 85929, 96147, 100118, 113655, 178037, 188561, 266422, 352202, 518518]
15011	[2751, 5647, 7247, 7552, 8760, 9051, 10262, 11136, 13932, 13999, 14185, 14484, 16755, 16805, 16992, 17015, 17640, 17743, 17960, 17967, 18547, 18677, 19584, 19768, 19792, 19849, 21073, 21910, 23394, 24444, 28295, 29812, 30542, 30897, 30972, 31961, 32381, 32497, 36080, 36628, 36807, 38258, 38563, 38863, 39727, 40346, 40409, 41266, 42238, 42488, 44581, 46304, 48245, 48417, 51979, 52272, 53539, 56487, 56746, 57619, 58574, 64135, 65939, 66261, 66838, 67070, 67856, 68674, 71785, 73689, 77019, 80091, 80121, 82730, 85929, 86163, 90591, 96114, 96147, 96893, 99929, 102333, 102419, 103010, 105392, 105453, 106694, 106870, 127760, 133988, 143894, 148391, 152965, 169574, 194667, 202853, 214625, 219213, 245159, 250902, 264151, 271192, 290587, 518518, 1068350]
15012	[7552, 11012, 16992, 36603, 40360, 48865, 80019, 86720, 95886, 104664, 106467, 149347, 160130, 164259, 178572, 255473, 266422, 266740, 449855, 526889, 531074]
15016	[1258296, 2207677, 3482902]
15019	[489783, 611912, 845841, 873279, 892383, 920657, 1035902, 1107681, 1139830, 1162559, 1162791, 1162794, 1170558, 1171360, 1223907, 1319161, 1612032, 2920740, 3153937, 3553050, 3784689, 3846561, 3847620, 3909295, 4231334, 4231336, 4231338, 4231341, 4231347, 4700808, 7497922]
15021	[19767, 22209, 41949, 263826, 306492, 651012, 878982]
15026	[131093, 134693, 324688]
15029	[7552, 11419, 17640, 18057, 19731, 41949, 57103, 67224, 74185, 91749, 105033, 129862, 256185, 266348, 272487, 282064, 376491]
15031	[15875, 19502, 44808, 52312, 114977, 264853, 284531, 299585]
15039	[16655, 18666, 22035, 23165, 154434, 257304, 316442]
15047	[846450, 4329770, 6936418]
15048	[3909, 11287, 13999, 16765, 18547, 19784, 19799, 26571, 27179, 28444, 36233, 39055, 39544, 41266, 43733, 44559, 44953, 48863, 53259, 56347, 56348, 56487, 63214, 66261, 66263, 66373, 73973, 82356, 86853, 102318, 103010, 103387, 104723, 127272, 152598, 162108, 171123, 177603, 214625, 232595, 242808, 253528, 353525, 359019, 398975, 552031, 620269, 693883, 1239658, 1687939, 5549342]
15051	[7247, 13932, 19774, 19776, 89557, 125040, 137179, 264151, 343107, 573804, 757710, 822064, 905255, 905257, 905259, 1581891, 6748851]
15054	[3316172, 3316173, 3316174]
15062	[2714, 4654, 8024, 13932, 16794, 42754, 47841, 88486, 107843, 109033, 176409]
15069	[65784, 98888, 112847, 127828, 208740, 267766, 304701, 382275, 441042, 461229, 495535, 707625, 710584, 847100, 942804, 1011467, 1121668, 1121670, 1219579, 3137089, 3141755, 3141756]
15070	[17971, 23446, 32411, 63319, 113678, 265178, 267854, 364529, 377342, 379742, 457974]
15076	[6514, 8024, 10389, 10582, 10933, 11012, 13911, 16992, 17035, 17641, 17743, 17960, 18547, 18956, 19814, 21073, 25767, 28521, 29812, 30344, 30542, 32411, 32520, 35301, 36628, 37757, 38563, 38863, 39727, 39769, 40346, 40360, 47742, 48865, 53648, 55029, 56449, 63617, 64695, 67224, 67856, 70377, 71081, 77019, 85929, 95886, 96147, 96221, 96893, 100118, 101028, 102333, 103687, 114483, 124506, 134285, 134825, 148391, 149347, 150891, 151313, 157277, 157990, 160130, 172408, 174890, 176187, 178572, 220763, 245159, 253972, 254406, 255376, 259352, 263589, 266422, 268904, 293151, 317696, 325232, 352726, 352727, 352728, 352729, 352730, 352731, 362586, 449855, 518518, 1830626]
15078	[286059, 319445, 345934, 471030, 471032, 489783, 567141, 611912, 753727, 764888, 795922, 845839, 1035902, 1107681, 1121314, 1138815, 1151060, 1162554, 1162559, 1162789, 1171360, 1307221, 2920738, 2920739, 2920740, 3153937, 7506300]
15080	[7142, 11012, 13961, 40409, 81013, 106909, 108700, 228862, 245780, 253110, 265150, 266422, 312789, 2657178]
15082	[19502, 24046, 163772]
15088	[5873, 8024, 8760, 10262, 10389, 10582, 11012, 12136, 12217, 13961, 17015, 19802, 19849, 23510, 25767, 31961, 57496, 64601, 100707, 124506, 124541, 138748, 139003, 151151, 151304, 194667, 219213, 223797, 266422, 462642, 703921, 986453]
15097	[36603, 38863, 44581, 48512, 62409, 94078, 111936, 132026, 268131, 500475]
15100	[10584, 26641, 31001, 38563, 80116]
15101	[2266, 2713, 3165, 3909, 8760, 10262, 12596, 13911, 16406, 17035, 17640, 17641, 17743, 17960, 18984, 29812, 30135, 30552, 31753, 31961, 36628, 38205, 39727, 40346, 41266, 44559, 48865, 56449, 56935, 63617, 67856, 77811, 80124, 82730, 85929, 86094, 96147, 97664, 100118, 102293, 102333, 134825, 139984, 148391, 155787, 164571, 174890, 175760, 178572, 245159, 255672, 260744, 262731, 267648, 269081, 303627, 317696, 325082, 406281, 518518, 1942373, 3139104, 3139105]
15102	[98887, 98888, 105680, 112847, 294731, 304701, 351913, 495535, 544422, 595993, 707625, 754391, 847100, 1011467, 1121668, 1121670, 3149913, 3154896, 4851325]
15103	[14490, 27211, 66373, 80091, 81440, 82033, 89854, 103438, 124732, 311193, 907163, 959301]
15106	[50714, 256053, 297950]
15114	[95544, 256395, 262304, 273343, 283425, 302709, 311585, 441362, 493755, 498183, 960483, 987450, 987451, 1272723, 1659928, 1659929, 1660134, 1660139, 1660140, 1661143, 1661162, 1661163, 1894910, 2157458]
15119	[2713, 2725, 10388, 23035, 29807, 31351, 40301, 100591]
15120	[1573441, 1618001, 1656589, 2070693, 2348177, 3321974, 3321976, 3321978, 3321979, 3323173]
15124	[48245, 131320, 135244, 148391, 149352, 218897, 279629, 287251, 676748]
15131	[2266, 2713, 3165, 3909, 8760, 10262, 12596, 13911, 16406, 17035, 17640, 17641, 18984, 30135, 30552, 31753, 31961, 38205, 41266, 44559, 56449, 56935, 63617, 77811, 80124, 82730, 86094, 97664, 102293, 139984, 155787, 164571, 174890, 175760, 255672, 260744, 262731, 267648, 269081, 303627, 317696, 325082, 406281, 1942373, 3139104, 3139105]
15135	[516571, 914016, 1432070, 1569062, 1600410, 2348177, 3607178]
15136	[611912, 845841, 873279, 892383, 920657, 1035902, 1107681, 1139830, 1162559, 1162791, 1162794, 1170558, 1171360, 1223907, 1319161, 1612032, 2920740, 3153937, 3553050, 3784689, 3846561, 3847620, 3909295, 4231334, 4231336, 4231338, 4231341, 4231347, 4700808, 7497922]
15138	[16748, 16805, 33196, 35289, 42238, 56746, 58574, 70815, 87640, 88665, 92980, 147695, 1068350]
15140	[19761, 116361, 117503, 127272, 318836, 383508, 481859, 969002]
15145	[12688, 40918, 77019, 83080, 134516, 272487]
15148	[286059, 319445, 345934, 471030, 471032, 489783, 567141, 611912, 753727, 764888, 795922, 845839, 1035902, 1107681, 1121314, 1138815, 1151060, 1162554, 1162559, 1162789, 1171360, 1307221, 2920738, 2920739, 2920740, 7506300]
15154	[28876, 65977, 113128]
15156	[6514, 10389, 13911, 17641, 25767, 28521, 30344, 35301, 40360, 53648, 55029, 56449, 64695, 67224, 70377, 71081, 96221, 103687, 134285, 134825, 150891, 172408, 176187, 255376, 259352, 263589, 268904, 317696, 325232, 352726, 352727, 352728, 352729, 352730, 352731, 362586, 1830626]
15157	[19763, 19786, 19787, 19788, 19789, 19790, 19791, 19792, 19793, 19794, 19795, 19796, 49897, 73689]
15161	[3909, 11287, 16765, 19784, 26571, 28444, 39055, 41266, 43733, 44559, 48863, 56347, 56348, 56487, 66263, 102318, 103387, 104723, 127272, 152598, 171123, 242808, 359019, 693883, 5549342]
15166	[46304, 54591, 65674, 76017, 154434]
15167	[11136, 30897, 32520, 36628, 44969, 48245, 106467, 132066, 132069, 132071, 132136, 165272, 229194, 254127, 271388]
15168	[612304, 612307, 612323]
15170	[75355, 75585, 94868, 139428, 216008, 229790, 233571, 241139, 281316, 526556, 1051743, 1063579, 1095178]
15171	[3667, 6271, 16127, 64664, 913492, 2071281]
15173	[611912, 845841, 873279, 892383, 920657, 1035902, 1139830, 1162559, 1162791, 1162794, 1170558, 1223907, 1319161, 1612032, 3153937, 3553050, 3784689, 3846561, 3847620, 3909295, 4231334, 4231336, 4231338, 4231341, 4231347, 4700808, 7497922]
15176	[1086459, 2600480, 2983194, 2983195, 2983197, 3057632, 3057633, 3057634, 4080082, 4336936, 4866219, 4866220, 4866221, 4866222, 4866223, 4866224, 4866225, 4866226, 4866227, 4866228, 4866229, 4866230, 4866232, 5294086]
15178	[6514, 10389, 13911, 17641, 25767, 28521, 30344, 35301, 40360, 53648, 55029, 56449, 64695, 67224, 70377, 71081, 96221, 103687, 134285, 134825, 150891, 172408, 176187, 255376, 259352, 263589, 268904, 325232, 352726, 352727, 352728, 352729, 352730, 352731, 362586, 1830626]
15179	[19763, 19786, 19787, 19788, 19789, 19790, 19791, 19792, 19793, 19794, 19795, 19796, 49897]
15181	[8024, 13187, 17640, 17743, 17960, 18547, 19761, 19768, 19771, 19777, 19786, 19792, 19801, 23394, 26640, 41650, 41949, 44956, 45227, 49904, 56487, 63347, 66261, 66838, 80799, 85929, 91803, 96147, 96893, 98545, 98606, 105033, 106294, 141880, 162108, 220052, 232595, 573804]
15182	[17015, 116266, 154434, 163158, 180886, 181033, 7281559]
15184	[19770, 19776, 19796, 55502, 89557, 96147, 96893, 116266, 146286, 150767, 223797, 223799, 226297, 241246, 251257, 253528, 573804, 905257]
15189	[15562, 84056, 236669, 277722, 290980, 293149, 573220, 1890466, 2069635, 3493520, 3493521, 3493522]
15190	[19768, 126162, 345918]
15194	[13999, 19799, 27179, 36233, 39544, 44953, 73973, 86853, 103010, 177603, 398975, 552031, 620269, 1239658, 1687939]
15195	[6514, 10389, 13911, 17641, 25767, 28521, 30344, 35301, 40360, 53648, 55029, 64695, 67224, 70377, 71081, 96221, 103687, 134825, 150891, 172408, 176187, 255376, 259352, 263589, 268904, 325232, 352726, 352727, 352728, 352729, 352730, 352731, 362586, 1830626]
15196	[5873, 8646, 8760, 10429, 11737, 12136, 13876, 13932, 13961, 13999, 17035, 17552, 17640, 17743, 18547, 19768, 19792, 19814, 19849, 23394, 24444, 29812, 35130, 36214, 36628, 39727, 41266, 42488, 46720, 47742, 53259, 56487, 57496, 63214, 66261, 66373, 66838, 67209, 73689, 82730, 85929, 98684, 100118, 102126, 102419, 105453, 107276, 151151, 157990, 193603, 214625, 253528, 256053, 518518]
15198	[16127, 64664, 913492, 2071281]
15199	[8760, 10262, 10933, 16992, 17035, 17641, 18547, 18956, 19814, 21073, 30542, 32411, 32520, 37757, 38563, 38863, 39769, 40360, 47742, 48865, 63617, 77019, 86163, 95886, 101028, 102333, 103687, 114483, 134285, 149347, 151313, 157277, 157990, 160130, 174890, 178572, 220763, 245159, 253972, 254406, 293151, 325232, 449855]
15200	[113673, 456593, 1661500]
15202	[40409, 44581, 98606, 103159, 129843, 132927, 143872, 152580, 162108, 201878, 608919]
