1	[55080, 83904, 166320]
10	[32201, 179366, 228408]
29	[76028, 177340, 207945, 899517]
30	[16406, 6181509, 6181511]
56	[184439, 184440, 184441, 184712]
59	[153980, 170355, 410038]
203	[26955, 646135, 646136]
345	[201571, 266348, 340642]
366	[76028, 110593, 732482]
524	[4654, 11012, 297533]
527	[10081, 5455066, 7262188]
528	[15900, 61499, 1736801]
540	[32181, 109661, 188810]
592	[130243, 368085, 1777178]
597	[22946, 253245, 312208]
676	[347276, 1059683, 2035499]
771	[154028, 1043775, 1132706]
819	[3865, 872312, 1421378]
820	[430553, 630957, 2360753]
842	[15807, 15808, 15809, 131040, 131041, 131042, 131046, 131047, 131048, 131049, 131050, 131289, 131304, 131305, 131306, 131307, 131308, 131309, 837686, 5049466]
913	[18666, 84684, 153980]
1008	[56675, 342906, 621178]
1010	[10360, 201571, 227461]
1020	[84643, 182998, 1728735]
1022	[10360, 256779, 256780]
1029	[37413, 97072, 427397]
1046	[235031, 235032, 235033]
1050	[191271, 926682, 1781229]
1053	[32191, 32192, 91511]
1069	[41408, 474083, 728829]
1092	[13774, 830694, 894994]
1172	[10360, 256777, 256782]
1201	[4654, 5017, 170356, 834577]
1207	[2266, 174890, 453875]
1217	[8571, 44312, 61486, 302364, 302709, 593880, 611219, 711612, 1198930, 1259037, 1644726, 4854956]
1260	[6270, 33199, 110987]
1271	[4452, 5049, 6271, 10343, 15118, 18666, 26054, 30419, 31753, 64683, 66302, 99928, 119009, 124280, 133321, 239930, 243119, 256243, 262133, 282968, 286541, 329823, 334303, 388339, 413058]
1294	[29936, 323172, 950650]
1321	[48392, 48413, 84101]
1338	[4205, 41081, 41085]
1351	[18984, 47742, 191325]
1539	[51857, 180121, 240454, 289278, 292670]
1552	[17413, 42360, 141308]
1556	[10552, 17589, 107598, 1337172]
1566	[15807, 15808, 15809, 131040, 131041, 131042, 131046, 131047, 131049, 131050, 131289, 131304, 131305, 131306, 131307, 131308, 131309, 837686, 5049466]
1578	[14683, 42172, 104913, 106085]
1580	[17546, 370971, 1211833]
1627	[7027, 60316, 274718]
1680	[26050, 211886, 1317839]
1728	[3476, 121607, 916708]
1749	[6021, 29936, 2255726]
2062	[728930, 876387, 1199227, 1350756, 1350757]
2206	[17413, 27043, 33202, 60910, 80117, 175255, 224377, 367237]
2207	[5492, 7987, 35022, 35301, 45467, 66916, 75280, 79091, 81013, 82730, 85929, 113673, 125101, 135243, 140575, 140646, 145288, 170356, 170357, 206325, 218605, 227475, 251517, 260293, 300045, 313407, 325530, 475503, 840649, 1016831, 1211288, 1462834]
2212	[76980, 168866, 198362, 255054, 276372, 500716, 691255, 706216, 814184, 814194, 821155, 860189, 1077074, 1532389, 1532401, 1532402, 1593964, 1862249, 2138384, 2591651, 3716744, 3877464, 3900451, 3900452]
2213	[27043, 33202, 60910, 80117, 175255, 224377, 367237]
2216	[368170, 418463, 493115, 566423, 2044641, 2140021, 2747322, 5165439, 5165440, 5165441, 5165442, 5165443]
2219	[97664, 164263, 361628, 716077, 980577, 1381439, 1382006, 1656357, 3462027, 3462029, 3462031, 3462032, 3462038, 3462040, 3462045, 3618069, 3618070, 3618078, 3618079, 4386969]
2222	[95886, 306532, 382045, 610202]
2225	[1835, 3667, 3682, 6270, 6271, 8405, 9707, 10463, 10589, 11650, 12686, 13932, 14045, 14049, 14898, 15165, 15875, 15877, 16127, 17035, 17399, 17413, 28026, 30148, 30977, 32156, 32517, 33196, 33201, 33202, 33762, 35289, 36202, 42179, 47014, 48413, 48425, 52240, 55804, 60910, 63701, 64652, 65939, 66617, 73202, 75922, 76656, 77031, 79095, 79103, 79131, 79944, 80129, 80130, 80727, 82730, 83740, 87008, 87011, 87622, 87814, 87818, 94874, 96536, 100591, 107070, 107597, 108907, 133857, 146284, 148133, 148545, 153073, 153956, 154434, 157872, 160603, 169154, 175255, 180934, 180939, 187097, 193603, 195498, 199497, 205885, 218922, 224377, 235979, 242415, 250959, 252914, 260190, 285629, 287878, 289263, 290448, 297303, 322921, 324987, 420011, 457235, 457786, 512114, 519728, 534213, 640630, 740313, 1383284, 1677206, 1824884, 2071281, 3838525]
2233	[4452, 5049, 6271, 10343, 15118, 18666, 26054, 30419, 31753, 64683, 66302, 99928, 119009, 124280, 133321, 239930, 243119, 256243, 262133, 282968, 286541, 329823, 334303, 364236, 413058]
2237	[124284, 361731, 361734, 361736, 361737, 361738, 361740, 1004675, 1004677, 1004678, 1020075, 1020076, 1020077, 1044484, 1776790, 6876267]
2239	[10497, 162613, 162614, 162615, 162616, 162617, 162619, 183977, 577209]
2243	[452780, 504104, 1362492, 1362495, 1362497]
2246	[26955, 32180, 32190, 32195, 92243, 119484, 227870, 234890, 336629, 622895, 868168]
2249	[5705, 393067, 490460, 691569, 807182, 840349, 937815, 1575305, 3436597, 3470265, 3470266, 3470268, 3470270, 3470272, 3470273]
2250	[38563, 56621, 144077, 145074, 251517, 292111, 292129, 552702]
2259	[44312, 61486, 302364, 302709, 711612, 1259037, 1644726]
2264	[236852, 405861, 566438, 729585, 972559, 1129505, 1367398, 1724028, 1830682, 2098733, 3205258, 3512901, 3512902, 3512903, 3512904, 3512905, 3512906, 3512907, 3512908, 3512909, 3512910]
2266	[578867, 6083458, 6792903, 6792905, 6792912, 6792913, 6792914, 6792915, 6792918, 6792919, 6792920, 6792921, 6792922]
2269	[187065, 216140, 227875, 304968, 909961, 1138268, 1265407, 1397710, 1926520, 2246995, 3120816]
2270	[219565, 378105, 462043, 465982, 604392, 604396, 604398, 818807, 818811]
2272	[3474, 37223, 37416, 39018, 42180, 70829, 113245, 114996, 141386, 154429, 194498]
2282	[39775, 380870, 414471, 1016664]
2286	[139260, 716002, 716005, 716006, 716009, 716010, 716011, 789988]
2295	[17961, 22164, 86248, 112886, 169919, 514890, 1159714, 1159715, 1159716]
2300	[33196, 49605, 255213, 260924, 328731, 380335, 1202483, 1266623, 1266626, 3056705]
2303	[31546, 112154, 113020, 163490, 254259, 254406, 254408, 259352, 963083]
2305	[28026, 34541, 80095, 112113, 196284, 307065, 416464]
2307	[33199, 96536, 161337, 164349, 187097, 726974, 2588891, 2588892]
2313	[37735, 57103, 256053, 271545, 1772488, 3178740, 3692556, 4650937, 4650938, 4650939]
2314	[36868, 151251, 164322, 365145, 490617, 1758940, 1966152]
2316	[1835, 3667, 6270, 6271, 8405, 9081, 11650, 12686, 13151, 13932, 14045, 14049, 14898, 15165, 15875, 15877, 16127, 16794, 17035, 17551, 20957, 23036, 26641, 27043, 28026, 30148, 30977, 32156, 32517, 33196, 33201, 33202, 33762, 35289, 36202, 37898, 40301, 47014, 51229, 52240, 53248, 53262, 59556, 59756, 60910, 63701, 65939, 66617, 67036, 73202, 77031, 79091, 79095, 79103, 79131, 79944, 80117, 80129, 80130, 80727, 81013, 82730, 83740, 87008, 87011, 87128, 87622, 87814, 87818, 87837, 88624, 94874, 96536, 98684, 100591, 106742, 107070, 120916, 125101, 133857, 139260, 146284, 147691, 148133, 148545, 153073, 153956, 154434, 157872, 159463, 169154, 180934, 187097, 190632, 193603, 194266, 195498, 199497, 202653, 205885, 213331, 218922, 223021, 224377, 235979, 242415, 250959, 260190, 261838, 262798, 285629, 287878, 297303, 317159, 324987, 367237, 369644, 432764, 457786, 612889, 740313, 770940, 860392, 899137, 1033660, 1233899, 1300305, 1383284, 1630685, 1634455, 2071281, 2089815, 4785694, 5188719]
2324	[452780, 762812, 1165604, 2094867, 2560124, 2796320]
2328	[73721, 342906, 423751, 2781947]
2330	[20691, 21068, 26050, 26955, 50077, 88124, 92623, 105832, 124036, 185982, 193816, 256643, 279216, 336738, 621469, 725729, 772706, 801472]
2336	[107833, 3708246, 4176145, 5997408, 7423454, 7423455]
2341	[4654, 16535, 27937, 30117, 33929, 41326, 160130, 242415, 293154]
2342	[37109, 42189, 60316, 73202, 215585]
2346	[144052, 212301, 337566, 509133, 635304]
2348	[12686, 29959, 60910, 97835, 116926, 122287, 153956, 577209]
2349	[434734, 434744, 549792, 575876, 575877]
2350	[14683, 213331, 380863, 393435, 1432200, 2259341]
2356	[219565, 378105, 462043, 465982, 604392, 604398, 818807, 818811]
2358	[125378, 290448, 326119, 349288, 372881, 993158, 1131788, 1324636, 2780619, 3424104]
2365	[13151, 17966, 47742, 58034, 390917, 1825093, 1825094]
2368	[255167, 255169, 255170, 255172]
2369	[18978, 22856, 48440, 75999, 80116, 82735, 87814, 170575, 174958, 219822, 338055, 357307]
2371	[151486, 627562, 1311087]
2373	[4452, 6271, 10343, 15118, 18666, 26054, 30419, 31753, 64683, 66302, 99928, 124280, 133321, 243119, 256243, 262133, 286541, 329823, 334303, 413058]
2375	[171391, 227868, 227876, 232760, 240771, 240772, 240776, 249368, 249369, 419448, 419449]
2386	[1893168, 2174734, 2201217, 2201218, 2201219, 2201220, 2201221, 2201222]
2389	[455155, 617529, 851813, 913492]
2391	[361807, 373345, 394791]
2393	[606804, 852730, 1021199]
2394	[3898, 11201, 11202, 637432]
2395	[32204, 262358, 784737, 784738, 784739, 784740]
2397	[97733, 106091, 152754, 208751]
2403	[4452, 5049, 6271, 10343, 15118, 18666, 26054, 30419, 31753, 64683, 66302, 99928, 119009, 124280, 133321, 239930, 243119, 256243, 262133, 282968, 286541, 329823, 334303, 413058]
2405	[87624, 289544, 396939, 455106]
2407	[6268, 6708, 142967, 189293]
2421	[108870, 180121, 269286, 272116, 272120, 289278, 292670, 311576, 345026, 1311087]
2423	[35055, 42179, 220048]
2426	[97320, 104913, 107079, 201497, 1233167]
2427	[20957, 83396, 345832, 546239, 619397, 2118998]
2430	[1588954, 1600253, 1622245, 1622247, 2908301]
2432	[31546, 39775, 148915, 255663, 269171, 292670, 1252813]
2441	[1628647, 1961861, 2046329, 2228052]
2442	[207968, 207969, 715381, 869054]
2456	[12830, 219588, 219589, 219590, 219591]
2468	[15900, 128977, 523696]
2470	[628737, 986737, 1749293, 1847457, 2122600]
2472	[4654, 544422, 641258, 670556, 920799]
2473	[165430, 387155, 417541, 545284, 701826, 701827]
2474	[224377, 885647, 891436]
2483	[3667, 47843, 172671, 1101412]
2486	[5114, 1205402, 1705413, 2518314, 2518315]
2488	[14052, 37728, 126919, 156017, 156019]
2492	[273804, 541631, 836429, 867740, 972023, 2033678, 5848763]
2496	[334859, 891993, 1273896, 1568203, 1656416, 2356921, 2481971]
2501	[135912, 297664, 380864, 851817, 1134377]
2502	[1835, 3667, 5492, 6270, 6271, 7987, 8405, 9081, 11650, 12686, 13932, 14045, 14049, 14898, 15165, 15875, 15877, 16127, 16794, 17035, 20957, 27043, 28026, 30148, 30977, 32156, 33196, 33201, 33202, 33762, 35022, 35289, 35301, 36202, 45467, 47014, 59556, 60910, 63701, 65939, 66617, 67036, 73202, 75280, 77031, 79091, 79095, 79103, 79131, 79944, 80117, 80129, 80130, 80727, 81013, 82730, 83740, 85929, 87008, 87011, 87622, 87814, 87818, 88624, 94874, 96536, 98684, 100591, 107070, 113673, 125101, 133857, 135243, 140575, 140646, 145288, 146284, 148133, 148545, 153073, 153956, 154434, 157872, 159463, 169154, 170356, 170357, 180934, 190632, 193603, 194266, 195498, 199497, 205885, 206325, 213331, 218605, 218922, 224377, 227475, 235979, 242415, 250959, 251517, 260190, 285629, 287878, 297303, 300045, 313407, 324987, 325530, 367237, 457786, 475503, 740313, 840649, 1016831, 1211288, 1383284, 1462834, 2071281, 4785694, 5188719]
2503	[51530, 2255368, 3144278]
2515	[470098, 721825, 1756597, 2519976]
2516	[91994, 485555, 833904, 2686401, 2828453]
2518	[21351, 210930, 248815, 327645]
2519	[27043, 33202, 60910, 80117, 188627, 224377, 275319, 290448, 534326, 648964]
2520	[20691, 21068, 26050, 26955, 50077, 88124, 92623, 105832, 124036, 185982, 193816, 256643, 279216, 336738, 621469, 725729, 772706]
2525	[20133, 47739, 2648160, 4903707, 6597955, 6597956]
2534	[1036488, 3675544, 5217284]
2541	[3452, 13932, 14898, 16127, 17035, 30148, 33201, 33202, 35289, 61588, 61600, 77031, 80727, 94874, 100591, 100702, 169154, 176185, 180934, 235979, 281994, 498551, 630606]
2546	[63158, 84644, 93162, 119648]
2547	[754121, 858993, 1944208, 2286298]
2548	[180121, 669965, 768309, 768310]
2549	[92578, 100591, 103687, 695116]
2551	[8571, 44312, 61486, 302364, 302709, 611219, 711612, 1198930, 1259037, 1644726, 4854956]
2553	[155997, 327903, 1483239]
2554	[1387561, 1387562, 1387564]
2556	[78003, 94502, 115700, 179363, 180275, 181485, 326038, 326039]
2560	[1314992, 1314993, 1314994]
2567	[282468, 314615, 341462, 341527]
2568	[847844, 4640097, 4640098]
2571	[1435045, 1439548, 1439550, 2169627]
2577	[3682, 16655, 30117, 196766]
2578	[66916, 155038, 275340]
2588	[168867, 574547, 618193, 1013376, 1013377]
2593	[119009, 3746379, 6764682]
2594	[15807, 15808, 15809, 131040, 131041, 131042, 131046, 131047, 131049, 131050, 131289, 131304, 131305, 131306, 131307, 131308, 131309, 5049466]
2596	[1835, 3667, 6270, 6271, 8405, 10463, 11650, 12686, 13932, 14045, 14049, 14898, 15165, 15875, 15877, 16127, 17035, 17413, 28026, 30148, 30977, 32156, 32517, 33196, 33201, 33202, 33762, 35289, 36202, 47014, 48413, 48425, 52240, 55804, 60910, 63701, 64652, 65939, 66617, 73202, 75922, 76656, 77031, 79095, 79103, 79131, 79944, 80129, 80130, 80727, 82730, 83740, 87008, 87011, 87622, 87814, 87818, 94874, 96536, 100591, 107070, 107597, 108907, 133857, 146284, 148133, 148545, 153073, 153956, 154434, 157872, 160603, 180939, 187097, 193603, 195498, 199497, 205885, 218922, 224377, 235979, 242415, 250959, 252914, 260190, 285629, 287878, 289263, 297303, 322921, 324987, 420011, 457235, 457786, 512114, 519728, 534213, 640630, 740313, 1383284, 1677206, 1824884, 2071281, 3838525]
2603	[138572, 1922118, 2383881]
2608	[20124, 355145, 721408]
2609	[3667, 5492, 6270, 6271, 7987, 8405, 9081, 13932, 14045, 14049, 14898, 15165, 16127, 16794, 17035, 20957, 27043, 28026, 30148, 30977, 32517, 33196, 33201, 33202, 33203, 33762, 35022, 35289, 35301, 36543, 42182, 42360, 45467, 47014, 55804, 59556, 60910, 63158, 63701, 65939, 66617, 67036, 75280, 76656, 77031, 79091, 79103, 79131, 80117, 80129, 80130, 80727, 81013, 82730, 83740, 85929, 87008, 87011, 87622, 87814, 87818, 88624, 94874, 96536, 98684, 100591, 107070, 113673, 116710, 125101, 133120, 133857, 135243, 140575, 140646, 145288, 146284, 153073, 154434, 154614, 157872, 159463, 169154, 170356, 170357, 180934, 190632, 194266, 199497, 200997, 205885, 206325, 213331, 218605, 218922, 224377, 227475, 235979, 242415, 250959, 251517, 260190, 285629, 287878, 290448, 300045, 313407, 325530, 367237, 420820, 457786, 475503, 492819, 812518, 840649, 1016831, 1211288, 1383284, 1462834, 2071281, 4785694, 5188719]
2612	[39775, 97320, 132603, 258759, 274429, 343989]
2620	[661894, 1027800, 2177269, 3160016]
2632	[8273, 14683, 60316, 622149, 1066723]
2635	[2828293, 2828294, 2828295]
2638	[3667, 6270, 6271, 8405, 9081, 11650, 13151, 13932, 14045, 14049, 14898, 15165, 15875, 16127, 16794, 17035, 17551, 20957, 23036, 26641, 27043, 28026, 30148, 30977, 32156, 33196, 33201, 33202, 33762, 35289, 36202, 37898, 40301, 47014, 51229, 52240, 53248, 53262, 59556, 59756, 60910, 63701, 65939, 66617, 67036, 77031, 79091, 79131, 79944, 80117, 80129, 80130, 80727, 81013, 82730, 83740, 87008, 87011, 87128, 87622, 87818, 87837, 88624, 94874, 96536, 98684, 100591, 106742, 107070, 120916, 125101, 133857, 139260, 146284, 147691, 148133, 153073, 154434, 157872, 159463, 169154, 175255, 180934, 190632, 193603, 194266, 199497, 202653, 205885, 213331, 218922, 224377, 235979, 242415, 250959, 260190, 261838, 262798, 285629, 287878, 317159, 367237, 369644, 432764, 612889, 770940, 860392, 899137, 1033660, 1233899, 1383284, 1630685, 1634455, 2071281, 2089815, 4785694, 5188719]
2642	[712047, 2807718, 3510023, 3510024]
2645	[1835, 3667, 6270, 6271, 8405, 9081, 11650, 12686, 13151, 13932, 14045, 14049, 14898, 15165, 15875, 15877, 16127, 16794, 17035, 17399, 17413, 17551, 20957, 23036, 26641, 27043, 28026, 30148, 30977, 32156, 32517, 33196, 33201, 33202, 33762, 35289, 36202, 37898, 40301, 47014, 48425, 51229, 52240, 53248, 53262, 55804, 59556, 59756, 60910, 63701, 65939, 66617, 67036, 73202, 76656, 77031, 79091, 79095, 79103, 79131, 79944, 80117, 80129, 80130, 80727, 81013, 82730, 83740, 87008, 87011, 87128, 87622, 87814, 87818, 87837, 88624, 94874, 96536, 98684, 100591, 106742, 107070, 107597, 108907, 120916, 125101, 133857, 139260, 146284, 147691, 148133, 148545, 153073, 153956, 154434, 157872, 159463, 160603, 169154, 175255, 180934, 180939, 187097, 190632, 193603, 194266, 195498, 199497, 202653, 205885, 213331, 218922, 224377, 235979, 242415, 250959, 260190, 261838, 262798, 285629, 287878, 289263, 297303, 317159, 324987, 367237, 369644, 420011, 432764, 457235, 457786, 512114, 519728, 612889, 640630, 740313, 770940, 860392, 899137, 1033660, 1233899, 1383284, 1630685, 1634455, 1677206, 2071281, 2089815, 3838525, 4785694, 5188719]
2650	[45301, 145074, 1120631]
2659	[528343, 566807, 566808, 1297410]
2660	[15807, 15808, 15809, 131040, 131041, 131042, 131046, 131047, 131049, 131050, 131304, 131305, 131306, 131307, 131308, 131309, 5049466]
2665	[194498, 242317, 274438]
2666	[19132, 487800, 556508]
2671	[287878, 554446, 808776]
2674	[3667, 5492, 6270, 6271, 7987, 8405, 9081, 13932, 14045, 14049, 14898, 15165, 16127, 16794, 17035, 20957, 27043, 28026, 30148, 30977, 32517, 33196, 33201, 33202, 33203, 33762, 35022, 35289, 35301, 36543, 42182, 42360, 45467, 47014, 59556, 60910, 63158, 63701, 65939, 66617, 67036, 75280, 76656, 77031, 79091, 79103, 79131, 80117, 80129, 80130, 80727, 81013, 82730, 83740, 85929, 87008, 87011, 87622, 87814, 87818, 88624, 94874, 96536, 98684, 100591, 107070, 113673, 116710, 125101, 133120, 133857, 135243, 140575, 140646, 145288, 146284, 153073, 154434, 154614, 157872, 159463, 169154, 170356, 170357, 180934, 190632, 194266, 199497, 200997, 205885, 206325, 213331, 218605, 218922, 224377, 227475, 235979, 242415, 250959, 251517, 260190, 285629, 287878, 290448, 300045, 313407, 325530, 367237, 420820, 457786, 475503, 492819, 812518, 840649, 1016831, 1211288, 1383284, 1462834, 2071281, 4785694, 5188719]
2679	[1835, 3667, 6270, 6271, 8405, 11650, 14049, 15875, 15877, 16127, 28026, 30977, 32156, 33762, 36202, 47014, 63701, 73202, 77031, 79095, 79103, 79131, 79944, 80129, 80130, 82730, 83740, 87008, 87011, 87622, 87814, 87818, 107070, 133857, 148133, 153073, 153956, 154434, 193603, 195498, 218922, 242415, 250959, 260190, 285629, 287878, 297303, 324987, 457786, 740313, 2071281]
2681	[65645, 905952, 1015193]
2688	[26955, 32196, 312208, 835564, 2700896]
2702	[593, 581383, 4355196]
2705	[513023, 1165573, 4145686, 5592161]
2710	[96536, 164349, 2588891, 2588892]
2711	[146155, 532892, 1662406, 1721253]
2713	[4965852, 6131502, 6151032, 6178272]
2714	[3667, 6270, 6271, 8405, 9081, 13151, 13932, 14045, 14049, 14898, 15165, 16127, 16794, 17035, 17551, 20957, 23036, 26641, 27043, 28026, 30148, 30977, 33196, 33201, 33202, 33762, 35289, 40301, 47014, 53262, 59556, 59756, 60910, 65939, 66617, 67036, 77031, 79091, 79131, 80117, 80129, 80130, 80727, 81013, 82730, 83740, 87008, 87011, 87622, 87818, 87837, 88624, 94874, 96536, 98684, 100591, 106742, 107070, 125101, 133857, 139260, 146284, 147691, 153073, 154434, 157872, 159463, 169154, 180934, 190632, 194266, 199497, 202653, 205885, 213331, 218922, 224377, 235979, 242415, 260190, 261838, 262798, 285629, 287878, 317159, 367237, 369644, 432764, 612889, 770940, 860392, 899137, 1033660, 1233899, 1383284, 1630685, 1634455, 2071281, 2089815, 4785694, 5188719]
2719	[754064, 858999, 892553]
2724	[3667, 5492, 6270, 6271, 7987, 8405, 9081, 13151, 13932, 14045, 14049, 14898, 15165, 16127, 16794, 17035, 17551, 20957, 26641, 27043, 28026, 30148, 30977, 32517, 33196, 33201, 33202, 33762, 35022, 35289, 35301, 40301, 45467, 47014, 53248, 53262, 59556, 60910, 63701, 65939, 66617, 67036, 75280, 77031, 79091, 79103, 79131, 80117, 80129, 80130, 80727, 81013, 82730, 83740, 85929, 87008, 87011, 87128, 87622, 87814, 87818, 87837, 88624, 94874, 96536, 98684, 100591, 107070, 113673, 120916, 125101, 133857, 135243, 139260, 140575, 140646, 145288, 146284, 153073, 154434, 157872, 159463, 169154, 170356, 170357, 180934, 190632, 194266, 199497, 202653, 205885, 206325, 213331, 218605, 218922, 224377, 227475, 235979, 242415, 250959, 251517, 260190, 261838, 285629, 287878, 290448, 300045, 313407, 325530, 367237, 432764, 457786, 475503, 612889, 770940, 840649, 860392, 1016831, 1211288, 1383284, 1462834, 1630685, 2071281, 2089815, 4785694, 5188719]
2728	[1157632, 1333601, 1796224]
2736	[47014, 48425, 107597, 108907, 160603, 180939, 289263, 420011, 457235, 512114, 519728, 640630, 1677206, 3838525]
2738	[3667, 6270, 6271, 8405, 9081, 13932, 14045, 14049, 14898, 15165, 16127, 16794, 17035, 20957, 27043, 28026, 30148, 30977, 33196, 33201, 33202, 33203, 33762, 35289, 36543, 42182, 42360, 47014, 59556, 60910, 63158, 65939, 66617, 67036, 76656, 77031, 79091, 79131, 80117, 80129, 80130, 80727, 81013, 82730, 83740, 87008, 87011, 87622, 87818, 88624, 94874, 96536, 98684, 100591, 107070, 116710, 125101, 133120, 133857, 146284, 153073, 154434, 154614, 157872, 159463, 169154, 180934, 190632, 194266, 199497, 200997, 205885, 213331, 218922, 224377, 235979, 242415, 260190, 285629, 287878, 367237, 420820, 492819, 812518, 1383284, 2071281, 4785694, 5188719]
2742	[310579, 1871639, 1871641]
2749	[14045, 67618, 108694]
2750	[2145957, 4641603, 4641604]
2767	[5492, 7987, 35022, 35301, 45467, 75280, 79091, 81013, 82730, 85929, 113673, 125101, 135243, 140575, 140646, 145288, 170356, 170357, 206325, 218605, 227475, 251517, 260293, 300045, 313407, 325530, 475503, 840649, 1016831, 1211288, 1462834]
2774	[806802, 4317517, 4619715]
2783	[140032, 258111, 987377]
2797	[6270, 9081, 13932, 14045, 14898, 15165, 16127, 16794, 17035, 20957, 27043, 30148, 32517, 33196, 33201, 33202, 33762, 35289, 59556, 60910, 65939, 66617, 67036, 77031, 79091, 80117, 80727, 88624, 94874, 96536, 98684, 100591, 146284, 157872, 159463, 190632, 199497, 205885, 213331, 224377, 235979, 260190, 290448, 367237, 4785694, 5188719]
2800	[3667, 6270, 6271, 8405, 9081, 14049, 14898, 15165, 16127, 16794, 17035, 20957, 27043, 28026, 30977, 33196, 33202, 33203, 33762, 36543, 42182, 42360, 47014, 59556, 60910, 63158, 66617, 76656, 79091, 79131, 80117, 80129, 80130, 81013, 82730, 87008, 87011, 87622, 87818, 88624, 96536, 98684, 100591, 107070, 116710, 133120, 133857, 146284, 153073, 154434, 154614, 159463, 190632, 199497, 200997, 213331, 218922, 224377, 235979, 242415, 260190, 285629, 287878, 367237, 420820, 492819, 812518, 2071281, 5188719]
2803	[20691, 224854, 290134]
2818	[444354, 1095710, 1095711, 1954763]
2821	[3667, 6270, 6271, 8405, 9081, 13932, 14045, 14049, 14898, 15165, 16127, 16794, 17035, 20957, 27043, 28026, 30148, 30977, 32517, 33196, 33201, 33202, 33762, 35289, 47014, 59556, 60910, 63701, 65939, 66617, 67036, 77031, 79091, 79103, 79131, 80117, 80129, 80130, 80727, 81013, 82730, 83740, 87008, 87011, 87622, 87818, 88624, 94874, 96536, 98684, 100591, 107070, 125101, 133857, 146284, 153073, 154434, 157872, 159463, 169154, 180934, 190632, 194266, 199497, 205885, 213331, 218922, 224377, 235979, 242415, 250959, 260190, 285629, 287878, 290448, 367237, 2071281, 4785694, 5188719]
2825	[55503, 187097, 224376]
2828	[13932, 14045, 14898, 15165, 16127, 16794, 17035, 23036, 30148, 33196, 33201, 33202, 35289, 59756, 65939, 77031, 80727, 94874, 100591, 106742, 139260, 146284, 147691, 157872, 194266, 199497, 205885, 235979, 262798, 317159, 369644, 612889, 770940, 860392, 899137, 1033660, 1233899, 1630685, 1634455, 2089815]
2837	[355401, 394910, 394912]
2846	[10463, 48413, 64652, 108907, 252914, 534213, 1824884]
2854	[14898, 16127, 17035, 23036, 59756, 65939, 100591, 106742, 139260, 147691, 194266, 235979, 262798, 317159, 369644, 612889, 770940, 860392, 899137, 1033660, 1233899, 1630685, 1634455, 2089815]
2860	[32195, 119484, 227870, 234890, 336629, 868168]
2863	[326383, 431736, 961146]
2867	[1835, 6271, 11650, 15877, 32156, 33762, 36202, 63701, 73202, 79095, 79103, 79944, 87814, 153956, 195498, 250959, 297303, 324987, 457786, 740313]
2868	[179363, 216602, 265560]
2871	[6270, 13151, 13932, 14898, 17035, 17551, 26641, 40301, 53262, 87837, 94874, 100591, 202653, 235979, 261838, 432764]
2876	[485949, 592750, 825351]
2880	[52312, 522420, 522423]
2883	[3667, 6270, 6271, 8405, 11650, 13932, 14045, 14049, 14898, 15165, 15875, 16127, 17035, 28026, 30148, 30977, 32156, 33196, 33201, 33202, 35289, 36202, 47014, 63701, 65939, 77031, 79131, 79944, 80129, 80130, 80727, 82730, 83740, 87008, 87011, 87622, 87818, 94874, 100591, 107070, 133857, 146284, 148133, 153073, 154434, 157872, 193603, 199497, 205885, 218922, 235979, 242415, 250959, 260190, 285629, 287878, 1383284, 2071281]
2889	[617230, 617231, 1388822]
2890	[51857, 81857, 96037, 108870, 180121, 196606, 311576, 322000, 336175, 345026, 393380, 581758, 2410562]
2893	[727672, 1908830, 7107432]
2894	[1835, 6271, 11650, 15877, 33762, 63701, 73202, 79095, 79103, 79944, 87814, 153956, 195498, 250959, 297303, 324987, 457786, 740313]
2896	[60917, 310541, 370781]
2902	[2442452, 2607257, 4484938]
2910	[5492, 7987, 35022, 35301, 45467, 75280, 79091, 81013, 82730, 85929, 113673, 125101, 135243, 140575, 140646, 145288, 170356, 170357, 206325, 218605, 227475, 251517, 300045, 313407, 325530, 475503, 840649, 1016831, 1211288, 1462834]
2921	[3667, 33203, 36543, 42182, 42360, 60910, 63158, 66617, 76656, 96536, 98684, 116710, 133120, 154614, 200997, 224377, 420820, 492819, 812518]
2928	[380613, 407103, 4314487]
2929	[6270, 14898, 17035, 53248, 87128, 100591, 120916, 153073, 235979, 260190, 1383284]
2931	[8571, 61486, 611219, 711612, 1198930, 1644726, 4854956]
2934	[14898, 23036, 59756, 65939, 106742, 139260, 147691, 194266, 235979, 262798, 317159, 369644, 612889, 770940, 860392, 899137, 1033660, 1233899, 1630685, 1634455, 2089815]
2939	[3452, 16127, 61588, 61600, 100702, 169154, 176185, 180934, 281994, 498551, 630606]
2956	[6271, 11650, 14049, 15875, 30977, 32156, 36202, 63701, 77031, 79131, 79944, 80129, 80130, 83740, 87622, 148133, 193603, 242415, 250959, 287878, 2071281]
2970	[3667, 33203, 36543, 42182, 42360, 63158, 66617, 76656, 96536, 98684, 116710, 133120, 154614, 200997, 224377, 420820, 492819, 812518]
2971	[51857, 240454, 289278, 292670]
2996	[1600253, 1622245, 1622247, 2908301]
3002	[3667, 6270, 6271, 8405, 14049, 16127, 28026, 30977, 47014, 79131, 80129, 80130, 82730, 87008, 87011, 87622, 87818, 107070, 133857, 153073, 154434, 218922, 242415, 260190, 285629, 287878, 2071281]
3006	[9081, 15165, 16794, 20957, 27043, 33202, 33762, 59556, 60910, 79091, 88624, 98684, 159463, 190632, 213331, 224377, 367237]
3008	[23036, 59756, 65939, 106742, 139260, 147691, 194266, 235979, 262798, 317159, 369644, 612889, 770940, 860392, 899137, 1033660, 1233899, 1630685, 1634455, 2089815]
3021	[39775, 97320, 132603, 274429, 343989]
3029	[1835, 6271, 15877, 33762, 73202, 79095, 79103, 87814, 153956, 195498, 250959, 297303, 324987, 457786, 740313]
