1	[55080, 83904, 166320]
10	[32201, 179366, 228408]
17	[32190, 219565, 457732]
29	[76028, 177340, 207945, 899517]
30	[16406, 6181509, 6181511]
56	[184439, 184440, 184441, 184712]
59	[153980, 170355, 410038]
203	[26955, 646135, 646136]
345	[201571, 266348, 340642]
366	[76028, 110593, 732482]
524	[4654, 11012, 297533]
527	[10081, 5455066, 7262188]
528	[15900, 61499, 1736801]
540	[32181, 109661, 188810]
592	[130243, 368085, 1777178]
597	[22946, 253245, 312208]
676	[347276, 1059683, 2035499]
679	[11012, 34524, 262940, 266348, 570542, 2836584]
704	[26955, 208633, 234422]
771	[154028, 1043775, 1132706]
819	[3865, 17545, 59407, 257353, 335785, 833240, 872312, 874561, 1020492, 1070057, 1421378]
820	[156896, 184431, 184711, 397605, 411407, 430553, 616463, 630957, 926408, 2111957, 2360753, 2360754, 2360756, 3053106, 3053107, 3053108]
821	[4452, 5049, 10343, 18666, 99601, 119009, 124280, 209478, 210657, 216726, 239930, 282968, 293746, 358999, 364236, 816783]
824	[267345, 615978, 2136566, 4374863, 5092933, 6683025, 6683026, 6683027, 6683028, 6683029, 6683030]
826	[200814, 252998, 336054, 525147, 539817, 571761, 745920, 745929, 775330, 833851, 859780, 1424239, 1424246]
830	[61483, 130575, 273983, 288207, 315793, 328191, 355859, 422969, 772181]
831	[32187, 76028, 92242, 163993, 200821, 373845, 625542, 648954, 822083, 928540, 957152, 1746742, 1871426, 2043893]
835	[471033, 764902, 815146, 892386, 892387, 927478, 1129628, 1221595, 1334516, 1826965, 2092189]
842	[15807, 15809, 131040, 131046, 131047, 131048, 131049, 131050]
843	[1435045, 1439545, 1439548, 2169627, 2228409, 2356256, 2736958, 2749714]
849	[115605, 1055021, 1589140]
850	[10360, 29855, 49644, 99472, 254007, 256778, 256779, 256780, 256792]
851	[1435045, 1439545, 1439548, 2169627, 2731411, 2731412, 5563696]
855	[288238, 443327, 508959, 559060, 560240, 606315, 606319, 648105, 793727, 823887, 1691533]
856	[32207, 212001, 379510, 3347063]
858	[793391, 2471722, 4592068, 4592070]
862	[480033, 1582573, 2096278, 3066138, 3404804, 3404805]
865	[6917021, 6942707, 6942708, 6942709, 6942710]
872	[8287, 10351, 15794, 21764, 45646, 66358, 261941]
873	[260091, 274441, 337575]
882	[32205, 784747, 1229427, 1876975, 4017487]
884	[130580, 702268, 1464306, 3526344, 3526345]
885	[95544, 283469, 584628, 623293]
888	[61483, 130575, 273983, 315793, 328191, 355859, 422969, 772181]
891	[168686, 558923, 1333071]
897	[278654, 278656, 356311, 1252006]
898	[262940, 570542, 839085, 2836584]
913	[18666, 84684, 153980]
918	[776857, 1113579, 2331668]
919	[1435045, 1439545, 2169627, 2228409, 2356256, 2736958, 2749714]
922	[4048370, 4048371, 5589865]
937	[1563503, 2320341, 3674209]
941	[1435045, 1439545, 2169627, 2731411, 2731412, 5563696]
942	[622895, 732482, 3359800]
959	[354399, 419442, 1341632, 1341633]
961	[61483, 130575, 273983, 315793, 355859, 422969, 772181]
964	[227475, 1843969, 2064509]
973	[198223, 509595, 604144]
976	[146256, 637110, 909193]
985	[10360, 29855, 99472, 254007, 256778, 256779, 256780, 256792]
989	[113428, 234890, 550701]
1002	[258074, 619822, 646135]
1005	[388307, 619557, 1445854]
