1	[55080, 83904, 166320]
10	[32201, 179366, 228408]
29	[76028, 177340, 207945, 899517]
30	[16406, 6181509, 6181511]
56	[184439, 184440, 184441, 184712]
59	[153980, 170355, 410038]
345	[201571, 266348, 340642]
366	[76028, 110593, 732482]
527	[10081, 5455066, 7262188]
528	[15900, 61499, 1736801]
540	[32181, 109661, 188810]
592	[130243, 368085, 1777178]
597	[22946, 253245, 312208]
676	[347276, 1059683, 2035499]
771	[154028, 1043775, 1132706]
819	[3865, 872312, 1421378]
820	[430553, 630957, 2360753]
1020	[84643, 182998, 1728735]
1022	[10360, 256779, 256780]
1046	[235031, 235032, 235033]
1050	[191271, 926682, 1781229]
1053	[32191, 32192, 91511]
1069	[41408, 474083, 728829]
1092	[13774, 830694, 894994]
1172	[10360, 256777, 256782]
1294	[29936, 323172, 950650]
1321	[48392, 48413, 84101]
1556	[10552, 17589, 107598, 1337172]
1580	[17546, 370971, 1211833]
1627	[7027, 60316, 274718]
1680	[26050, 211886, 1317839]
1728	[3476, 121607, 916708]
2272	[3474, 42180, 194498]
2394	[3898, 11201, 637432]
2867	[1835, 324987, 457786]
3181	[391, 187134, 190997]
5120	[2725, 30146, 421723]
5679	[2705, 59247, 4961642]
6787	[593, 608322, 710043, 1919103]
7371	[1425, 132714, 178941]
8596	[634, 105272, 363512]
8760	[2266, 97835, 386320]
8838	[661, 10293, 292033]
8885	[634, 16388, 23858, 68693]
9010	[1835, 2264, 2713, 3422, 3470, 3477, 3682, 4205, 5873, 6270, 6273, 7552, 8760, 10262, 10429, 10552, 11737, 11896, 12136, 12834, 13151, 13911, 13932, 13999, 14683, 14898, 15165, 15266, 15974, 15975, 16748, 16757, 16963, 17035, 17551, 17641, 17743, 17960, 17967, 18547, 19768, 19772, 19792, 19802, 19803, 19814, 19849, 20957, 21574, 21703, 21714, 22164, 22854, 23394, 23446, 24167, 28332, 28795, 29001, 29936, 32550, 32915, 33196, 33203, 35022, 35055, 35130, 36214, 36628, 37224, 37413, 38258, 38863, 39294, 39544, 39769, 39771, 40301, 40346, 42488, 43745, 44581, 44952, 44955, 45301, 45467, 46720, 47202, 47742, 47946, 47952, 48245, 48865, 53259, 55140, 55760, 56348, 56594, 58574, 59804, 60480, 63214, 63617, 64789, 64801, 65680, 66261, 66373, 66842, 66843, 67807, 67958, 67959, 69151, 73689, 74073, 75922, 75985, 77019, 79103, 79156, 79790, 80121, 81599, 82033, 82822, 83080, 83740, 84666, 86075, 86853, 87079, 87643, 87721, 88595, 88630, 88701, 89292, 90541, 93775, 95512, 95886, 96774, 98545, 98684, 98886, 100118, 101028, 101096, 102419, 103010, 106306, 106870, 107839, 108129, 109352, 112897, 120496, 131994, 133213, 133854, 134820, 136272, 141873, 143887, 146490, 153823, 157990, 158190, 160130, 161957, 163832, 167751, 168370, 170755, 178572, 180517, 183654, 192160, 195433, 198102, 204952, 214625, 219986, 221503, 253528, 269093, 325530, 333076, 337011, 344959, 502745, 504145, 518518, 822612, 828156, 3087463, 5520980]
9175	[180895, 205002, 232045, 247013, 264170, 266926, 287409, 319618, 322465, 386930, 386934, 421714, 501531, 502040, 616460, 616463, 616468, 616471, 616472, 616473, 616481, 1780194]
9179	[297510, 612305, 1032847]
9211	[2264, 2725, 3682, 4205, 5873, 6273, 7552, 8760, 10552, 12136, 13911, 13932, 13999, 15165, 16748, 16963, 17035, 17743, 17967, 18547, 21703, 22854, 24167, 29936, 35022, 36214, 37224, 38863, 43745, 44581, 44955, 46720, 47742, 47946, 48245, 56348, 56594, 58574, 59804, 66843, 67807, 75922, 79790, 81599, 82822, 83740, 87721, 88595, 88630, 88701, 89292, 95886, 96774, 98545, 98684, 100118, 101028, 101096, 106306, 106870, 131994, 133213, 133854, 141873, 146490, 158190, 160130, 163832, 167751, 180517, 333076, 337011, 504145, 518518]
9799	[365767, 538156, 637987, 1065654, 1247497]
10354	[1835, 3863, 219213]
10426	[12974, 84389, 190623, 197672, 214344, 282887, 293758, 531602, 2023167, 3013206, 6725938, 6755325, 6755327, 6755330, 6755335, 6755336, 6755338, 6755339, 6755346, 7152421]
10456	[286357, 445680, 445682, 445684, 445687, 445688, 445689, 463723, 464681, 704831, 1724288, 2948095]
10460	[1276125, 1379518, 1851760, 1884263, 2041924, 3858274, 4226942, 4812913, 5120944, 5254258, 5391388, 5448867, 5810039, 6440381, 6545409, 6882691, 6980756, 6980757, 6980758, 6980759, 6980761, 7012349, 7022112]
10470	[61483, 130575, 211826, 315793, 355859, 361385, 422969, 748438]
10473	[228982, 228984, 231440, 281161, 317594, 426093, 1643315, 3160262, 4058029, 4972704, 4972705, 4972706]
10475	[2419480, 2419481, 2419482, 2419483, 2419484, 2419485, 2419486, 2419487, 2419488, 2419489, 2419490, 2419491, 2419492, 2419493]
10476	[2713, 3461, 3865, 4205, 8760, 11136, 16533, 17957, 18980, 19599, 21918, 23755, 26641, 29989, 33202, 39677, 40521, 53971, 61269, 66385, 67036, 75922, 77180, 79131, 87149, 88606, 88701, 93285, 95088, 96774, 132067, 133213, 133321, 143887, 158759, 160499, 166570, 167079, 193603, 261295, 271311, 486346, 797376, 862853, 944035, 1403927]
10481	[76813, 76818, 114892, 149982, 314997, 427429, 637444, 2952134, 2952135, 2952136, 2952137, 2952138, 2952139, 4573587]
10492	[2264, 3682, 4205, 5873, 6270, 6273, 6274, 7552, 8760, 9706, 10262, 10263, 10429, 10552, 11737, 11896, 12136, 13151, 13911, 13932, 13999, 15165, 16748, 16799, 16963, 17035, 17641, 17743, 17967, 18547, 19768, 19802, 19849, 20957, 21703, 22854, 23394, 23446, 24167, 27518, 29936, 32550, 35022, 36214, 36628, 37224, 37413, 38863, 39294, 39769, 39771, 40346, 42488, 43745, 44581, 44952, 44955, 45301, 46720, 47742, 47946, 48245, 48425, 48865, 49530, 53259, 56348, 56594, 58574, 59804, 63617, 64664, 64801, 66261, 66373, 66843, 67807, 69151, 73689, 75922, 79790, 80121, 81599, 82033, 82822, 83740, 86163, 87079, 87643, 87721, 88595, 88630, 88701, 89292, 95512, 95886, 96774, 98545, 98684, 100118, 101028, 101096, 101256, 102419, 103010, 106306, 106870, 131994, 133213, 133854, 134820, 141873, 143887, 146490, 153823, 157990, 158190, 160130, 161957, 163832, 167751, 178572, 180517, 183654, 193603, 204952, 253528, 290448, 325530, 333076, 337011, 502745, 504145, 518518, 3087463]
10493	[110656, 328944, 362970, 822849, 1857997, 1857998, 1857999, 1858000, 1858001, 1858002]
10512	[38794, 60072, 69501, 76181, 143215, 285762, 300967, 655228, 2645667]
10513	[598078, 643642, 644200, 644342, 1117127, 1171439, 1717173, 1717175, 1821821, 2031734, 2366301, 2366377, 3131890, 3563693, 3570888, 4393988]
10523	[3298237, 3329253, 4114680, 4114684, 4201538, 4201543, 4499631, 4499636, 4677195, 4677196, 4677197, 4677198, 4677199, 4677200, 4677201, 4677202, 4677203, 4677204, 4677205, 4677207, 4677208, 4677209, 4677210, 5427494, 6637952]
10526	[45317, 77226, 153347, 170790, 223196, 274648, 347777, 349209, 367911, 380826, 519612, 523838, 540260, 1872415]
10530	[271379, 428582, 482373, 482374, 482375, 482376, 482377, 482378, 482379, 904185]
10534	[78465, 243274, 243278, 263344, 263346, 453013, 464654, 960114, 1546320]
10540	[15529, 30185, 36197, 95501, 95511, 98622, 98684, 155090, 175018, 182817, 325159, 325161, 921475, 2938737]
10547	[8571, 302709, 431503, 711612, 711613, 711614, 754862, 987449, 1152264, 1198930, 1413646, 1455567, 1546385, 1546442, 1621170, 1621171, 1925957, 2848676, 3127919, 4854956]
10548	[352245, 360088, 360089, 482395, 547831, 547832, 547833, 547834, 547835, 547836, 547837, 547838, 547840, 548186]
10554	[924050, 2079917, 2492905, 2535481, 3343283, 3466410, 3632093, 3778411, 3778412, 3939831]
10564	[395828, 813957, 813958, 813959, 813960, 813961, 813962, 813963, 813964, 813965, 813967, 813969, 813971, 813972]
10565	[78812, 174247, 177209, 180279, 180283, 196578, 218804, 218806, 218807, 218808, 1043312, 1872873]
10566	[357034, 456102, 592393, 592394, 592395, 592396]
10569	[77007, 210653, 320023, 369369, 396512, 397308, 397319, 397323, 425618, 425619, 522320, 845973, 1095995, 1241574, 1322411, 1408046, 1971385, 2119993, 3100848, 3100849, 3100851, 3100852, 3100855, 3100856]
10580	[18803, 197374, 242860, 329853, 573220, 1573899, 3077902, 4489464, 5780169, 6559324, 6559325]
10584	[322877, 338834, 490460, 766034, 805322, 805584, 807182, 906873, 920017, 1145157, 1181476, 1353483, 1545039, 2556706, 2786584, 3016044, 3586505, 3586512, 3586517, 3586523]
10585	[240099, 423743, 627903, 846450, 1788904, 2154831, 2219738, 2219740, 2575101, 4466895, 4690704, 6063473, 7073224]
10590	[511674, 1353610, 4809343, 4809344]
10592	[135866, 404739, 711612, 871144, 1282017, 1435673, 1566128, 2453411, 2453427, 2453428]
10593	[593, 246639, 304821, 351846]
10594	[84035, 216601, 388909, 458545, 635316, 965547, 1647061, 3799957, 4973885, 4973886, 4973887, 4973888, 4973889, 4973890, 4973891, 4973892, 4973893, 4973894]
10598	[1835, 2713, 2714, 2725, 4205, 5873, 6273, 6274, 8729, 8760, 8993, 9706, 10262, 10263, 11737, 12834, 13911, 13932, 13999, 15165, 15266, 15885, 16678, 16757, 16794, 17035, 17551, 17743, 17960, 17971, 18547, 18984, 19767, 19814, 19849, 20957, 21574, 22854, 23446, 28795, 29001, 30148, 32915, 35130, 37224, 37806, 38863, 39294, 39544, 41266, 41644, 43745, 44581, 45467, 46720, 47742, 48245, 48440, 48863, 48865, 53259, 55760, 56348, 61848, 63019, 63617, 64801, 66261, 67856, 70377, 73689, 74185, 75922, 77019, 79156, 79433, 79790, 82822, 86163, 86694, 87079, 87640, 87643, 89292, 96370, 96774, 98684, 98886, 100118, 101028, 102126, 106870, 107839, 125410, 133213, 134285, 141873, 146490, 149487, 156120, 161957, 169154, 183654, 215582, 219986, 222261, 253528, 325530, 357116, 504145, 518518, 588058, 822612]
10599	[1046266, 1570478, 4287876]
10612	[56675, 423761, 789790, 842673, 1149283, 1716021]
10614	[135040, 177102, 419927, 441769, 1333386, 1476232, 1831450, 2240557, 2246993, 3031401, 3066744, 3678120, 4712823, 5661748]
10615	[16819, 149647, 153637, 276372, 320051, 516519, 540303, 814208]
10619	[312783, 1946109, 1946110, 1946112, 1946114, 1946115, 1946116, 1946117, 1946129, 2417881, 2417973, 2417974, 2417975, 2835894, 3361789, 6745976]
10620	[159172, 434539, 573962, 1062884, 1873403, 2787091, 2787609, 2787610, 2787611, 2787613, 2787614, 2787615, 2787616, 2787617, 2787618, 2787619, 2787620, 2787621, 5202704]
10627	[193651, 1694558, 3899444, 3899558]
10632	[83232, 225168, 267190, 293791, 368002, 720534, 1485705, 1485706, 1485707]
10635	[4007981, 4007982, 4007983, 4007984, 4007985, 4007986, 4007987, 4130812, 4274835, 4274836, 4274837]
10662	[39779, 138851, 152965, 232625, 255060, 257142, 306494, 355122, 373533]
10670	[48275, 345805, 615348, 1578199]
10679	[60236, 66843, 84643, 112933, 182833, 280728, 372209, 393313, 398576, 434487, 1243643]
10684	[32180, 190370, 193934, 216140, 239236, 283131, 473551, 732482, 833768]
10685	[67209, 180764, 277323, 277324, 277326, 4215440]
10691	[67331, 151313, 286945, 1143888, 1214550]
10693	[215246, 338827, 603445, 920359, 1959129, 2185625, 3383639, 3551407, 5388469, 5388470]
10694	[26955, 76028, 296745, 457732, 648954, 648959]
10708	[5083, 79751, 88451, 160133, 325232, 557365, 579827, 813290]
10713	[310136, 1382366, 1446579, 1463492, 1574540, 1574542, 1725514, 2547345, 3273741, 3582609, 3598820, 4183178]
10720	[12830, 21979, 176409, 459120]
10732	[6270, 66263, 102318, 164995, 504069, 660455, 1455774, 5549342]
10734	[1290161, 1765410, 2013546, 2280997, 2489103, 2604130, 3455868, 3559172, 3559175, 3559176, 3559177, 3559178]
10746	[74185, 114972, 148760, 432287]
10760	[653532, 1717175, 1724142, 2018378, 3094588, 3094589, 3094590, 3094591, 3094592, 3094593, 3132264]
10764	[10263, 10933, 11896, 13151, 13999, 17551, 17641, 17743, 19770, 23190, 23446, 24221, 24495, 28795, 39544, 39771, 42488, 48440, 48865, 59804, 60480, 63082, 63617, 66261, 66373, 75922, 79156, 79433, 85101, 89633, 90541, 96774, 98684, 103687, 106870, 113655, 125410, 136704, 143887, 146490, 168370, 178572, 186450, 192160, 193631, 205734, 215582, 219986, 223473, 253528, 267138, 269093, 271626, 282897, 325530, 415552, 499468, 659677, 3087463]
10769	[75184, 91803, 221406, 341355, 379565, 399862]
10775	[10552, 31757, 31964, 36214, 40048, 47841, 86092, 92980, 149428, 156772, 196271, 222347, 246028, 246030, 1698759, 2440130, 5762718]
10778	[17819, 53800, 104174, 106432, 190234, 234965, 298246]
10779	[3859, 26233, 50715, 219167, 246453, 364749]
10784	[69722, 133529, 148760]
10786	[62391, 107070, 313409, 526889, 566900, 1579279, 1765391]
10790	[593, 20124, 51857, 96037, 117762, 246639, 289278, 304821, 345805, 351845, 351846, 393380, 636695]
10791	[525165, 645591, 907845, 908405, 935289, 1644544, 2015251, 2426756, 2608749]
10794	[135847, 218421, 258110, 316795, 1343876]
10801	[5963265, 5963267, 6133356]
10805	[14974, 42419, 84389, 154797, 179709, 319528, 335002, 560491, 625607, 625608, 625609]
10817	[69135, 288305, 289117, 850478, 2249169, 3205259, 4824834, 4824835, 4824837, 7588843]
10818	[34991, 126891, 228984, 289528, 344137, 349421, 349422, 349425, 352223, 4575336, 5577659]
10822	[98882, 175005, 201532, 307067, 325530, 973176]
10824	[135866, 711612, 871144, 1282017, 1435673, 1438344, 1566128, 2453411, 2453428]
10833	[41766, 167501, 167502, 167503, 167504, 167505, 167506, 167508]
10843	[65645, 413766, 684245, 725162, 845067, 1110647]
10844	[14683, 100519, 182998, 387372]
10847	[658985, 986914, 1055903, 1055906]
10849	[2725, 9772, 204965, 214970, 227674, 1334025, 1696612]
10851	[2447170, 3086623, 3086624, 3086625, 3086626, 3086627, 3086628, 3086629, 3086630]
10865	[120623, 227605, 367722]
10866	[99929, 406138, 446207, 446208, 446209, 1490290]
10867	[2264, 3682, 4205, 6273, 7552, 8760, 10552, 12136, 13911, 13999, 15165, 16748, 16963, 17035, 17743, 17967, 18547, 21703, 22854, 24167, 29936, 35022, 36214, 37224, 38863, 43745, 44581, 44955, 46720, 47742, 47946, 48245, 56348, 56594, 58574, 59804, 66843, 67807, 75922, 79790, 81599, 83740, 88595, 88630, 88701, 89292, 95886, 96774, 98545, 98684, 100118, 101028, 101096, 106306, 106870, 131994, 133213, 133854, 141873, 146490, 158190, 160130, 163832, 167751, 180517, 333076, 337011, 504145, 518518]
10868	[34748, 758489, 878571, 3969166, 4571054, 6029014, 6269749, 7698294]
10869	[24227, 58686, 59655, 59656, 59658, 59659, 145072]
10870	[63078, 372210, 493503, 522462, 689306, 723078, 924495, 924504, 924511, 924512, 924513, 924514, 924515]
10873	[82248, 125452, 229329, 255445, 432747, 709651, 1587488, 2014676, 2014677]
10874	[91760, 100380, 208739, 288208, 464531, 847819, 2295503, 2295504]
10876	[98187, 1201781, 1201782, 1201783, 1201784, 1309492]
10893	[264601, 280034, 441167, 673768, 704252, 993736, 1126332, 1192830, 1312145, 1312146, 2352875]
10895	[12821, 158759, 209085, 258392]
10896	[92235, 214131, 605578, 647579, 1115537, 1115538, 1115539]
10914	[2728, 80027, 133988, 245159, 254409, 307020, 366450, 370970, 399346]
10926	[56675, 73721, 707717, 789789, 842673, 1031007, 1311788, 1394436, 2058652, 2973754]
10928	[92235, 173618, 328853, 607209, 610801, 658985, 707101, 707102, 707103, 707104]
10941	[349280, 547919, 693265, 799209, 799210, 799211, 799212, 1747661]
10947	[5647, 23446, 28332, 30148, 48865, 71081, 86694, 266892]
10949	[211536, 235032, 241754, 294588, 538745, 838044, 1442356]
10955	[341048, 419772, 1112509]
10958	[2751, 149305, 655999]
10965	[86317, 283562, 1885759, 4063636, 4063637, 4063638, 4063639, 4063640, 4063641]
10972	[129663, 468307, 540969, 540971]
10974	[36197, 661647, 770557, 979165]
10976	[291366, 4498511, 7535607, 7535608]
10983	[4205, 30212, 33843, 33844, 210705]
10990	[168681, 290202, 329853, 359799, 441600, 472239, 2438105, 4453810]
11000	[23263, 67856, 261556, 274021, 457129, 638498, 916668]
11025	[225167, 280756, 309767, 362190, 423913, 461872, 1095901]
11026	[61483, 211826, 315793, 355859, 361385, 422969, 748438]
11027	[28029, 74774, 710524]
11033	[398710, 1236492, 1316781, 1707875, 3582565, 3645221, 4529658, 4529659, 4529660, 4529661]
11034	[4602774, 6012054, 7631996, 7631998]
11035	[12803, 50704, 273592, 327757, 399346, 2398638, 2718753, 2752855, 2752856]
11037	[168416, 173720, 196225, 344181, 2256670]
11042	[108439, 258078, 460621, 1100853, 1202437, 2221963, 3036140, 3885794, 3885797]
11047	[324252, 394810, 446851, 640911, 1463949, 1813253, 3762169]
11058	[1356212, 1358031, 1847457, 2610411, 2843843, 3021139, 3117382, 3117384]
11059	[15975, 16817, 16818, 16819]
11062	[1835, 2264, 3422, 3470, 3477, 3682, 4205, 5873, 6273, 7552, 8729, 8760, 10262, 10429, 10552, 11419, 11737, 12136, 12196, 12834, 13911, 13932, 13999, 14683, 14898, 15165, 15266, 15885, 15974, 15975, 16748, 16757, 16963, 17035, 17641, 17743, 17960, 17967, 18547, 19767, 19768, 19772, 19792, 19802, 19849, 20957, 21703, 22164, 22854, 23394, 23446, 24167, 29936, 32550, 32915, 33196, 33203, 35022, 35055, 36214, 36628, 37224, 37413, 38863, 39294, 39477, 39769, 39771, 40346, 42488, 43745, 44581, 44952, 44955, 45301, 46720, 47202, 47742, 47946, 48245, 48863, 48865, 49963, 53259, 54997, 55140, 55583, 55760, 56348, 56594, 58574, 59804, 61848, 63617, 64801, 66261, 66373, 66837, 66843, 67807, 74185, 75922, 75985, 79103, 79156, 79790, 80121, 81599, 82033, 82822, 83740, 84666, 84778, 87079, 87643, 87721, 88595, 88630, 88701, 88748, 95512, 95886, 96774, 97072, 98545, 98684, 100118, 101096, 102126, 102419, 103010, 104312, 106306, 106870, 108129, 112897, 120496, 131994, 133213, 133854, 134820, 141873, 143887, 146490, 153823, 157990, 158190, 160130, 161957, 163832, 167751, 169154, 178572, 180517, 183654, 204952, 219986, 253528, 279647, 290448, 325530, 333076, 337011, 344959, 502745, 504145, 518518, 742608, 822612, 828156, 1180688, 1268457, 3087463]
11073	[60913, 78159, 103132, 163346, 183055, 241958]
11083	[3532359, 5611841, 5611842]
11092	[2126053, 2126054, 4815584]
11117	[7552, 17142, 35611, 41265, 54305, 58033, 75925, 87028, 104655, 155606, 165086, 190493, 190494, 190495, 223357, 874665]
11123	[2960200, 4385140, 4784093, 4812478, 5387293]
11124	[6429064, 6429068, 6436762, 6436763, 6436764]
11132	[2264, 3682, 4205, 5873, 6273, 7552, 8760, 9706, 10263, 10429, 10552, 11737, 12136, 13911, 13932, 13999, 15165, 16748, 16963, 17035, 17641, 17743, 17967, 18547, 19768, 19802, 19849, 20957, 21703, 22854, 23394, 23446, 24167, 29936, 32550, 35022, 36214, 36628, 37224, 38863, 39294, 39769, 39771, 40346, 42488, 43745, 44581, 44952, 44955, 45301, 46720, 47742, 47946, 48245, 48865, 53259, 56348, 56594, 58574, 59804, 63617, 64801, 66261, 66373, 66843, 67807, 73689, 75922, 79790, 80121, 81599, 82033, 82822, 83740, 86163, 87079, 87643, 87721, 88595, 88630, 88701, 89292, 95512, 95886, 96774, 98545, 98684, 100118, 101028, 101096, 102419, 103010, 106306, 106870, 131994, 133213, 133854, 134820, 141873, 143887, 146490, 153823, 157990, 158190, 160130, 161957, 163832, 167751, 178572, 180517, 204952, 253528, 325530, 333076, 337011, 502745, 504145, 518518, 3087463]
11135	[97540, 220726, 245155, 245834, 573026, 894186]
11138	[240099, 627903, 1788904, 2154831, 2219738, 2219740, 2575101, 4466895, 6063473, 7073224]
11146	[1290717, 2129106, 4239204, 5137754, 5137755]
11149	[18666, 42488, 114732, 118120, 289102]
11150	[14654, 303460, 307067]
11152	[322877, 338834, 490460, 766034, 799244, 805322, 805584, 807182, 807819, 906873, 920017, 1145157, 1149857, 1181476, 1353483, 1545039, 2556706, 2786584, 3016044, 3586505, 3586512, 3586517, 3586523]
11155	[93775, 219292, 699485]
11157	[32194, 44311, 76038, 182701, 205109, 216607, 417541, 1097615]
11158	[168418, 373085, 620382, 693883]
11164	[14490, 73973, 98608, 179034, 183365, 990470]
11167	[4093, 21910, 33417, 2865668]
11172	[126416, 237168, 255402, 256185, 296768, 296770]
11178	[275196, 276761, 739058]
11183	[207968, 222384, 344166, 413127, 869054, 985935, 1535518]
11184	[341334, 405235, 996061]
11187	[32010, 43745, 196642, 211204, 255142, 452489, 816472]
11191	[24221, 129843, 153980]
11199	[26908, 55839, 57496, 996598]
11204	[320036, 1377304, 2122571, 2123232, 2610405, 2610430, 2610433, 3021139]
11206	[612080, 5714653, 5963442, 5963443, 5963444, 5963445, 5963448, 5963449, 5963451, 5963452]
11211	[21764, 127686, 292697, 928698]
11212	[17142, 35055, 37511, 51946, 75922, 80121, 88701, 92980, 96774, 106870, 107270, 148253, 246028]
11222	[1858089, 5880983, 5880984, 5880985, 5880986]
11228	[10343, 262940, 2248149, 2490042]
11229	[2714, 13999, 66261, 67856, 82294, 215582, 398973]
11238	[400266, 2026586, 4840880, 5810267]
11246	[2713, 11737, 16678, 17531, 17743, 17967, 20957, 21714, 22854, 28795, 30148, 30724, 35130, 37224, 44581, 48245, 55760, 63214, 73689, 79103, 81599, 86694, 91803, 98886, 107839, 126833, 161957, 179874, 195433, 216832, 216934, 337011, 5524251]
11248	[314165, 1056558, 1272905]
11259	[30121, 384666, 1812243, 1813386, 2963643, 4451421, 5788813]
11260	[312036, 714733, 752877, 6708076]
11261	[8402, 104200, 238134, 4947753]
11264	[876750, 1940563, 1948683, 1948684, 1948685]
11267	[48667, 808084, 856289, 2126852]
11268	[137960, 853305, 1303595]
11271	[417903, 513192, 513196, 513197]
11294	[22533, 23368, 38794, 48077, 62914, 111943, 327324, 373312]
11302	[69719, 214188, 309822, 324669, 357326, 1110508, 1110509]
11305	[311865, 611129, 611135, 784682, 6862694]
11309	[153980, 882789, 2463183, 3096491, 5338107]
11310	[804015, 869265, 1437496, 1798537]
11317	[1954211, 3164904, 4845197]
11326	[18035, 31757, 66842, 87640, 153777]
11328	[96804, 407375, 472057, 1202904, 1274267, 2130525]
11329	[149103, 1064673, 1086304, 3731234]
11331	[240099, 423743, 627903, 846450, 1788904, 1986499, 2154831, 2219738, 2219740, 2575101, 4466895, 4690704, 6063473, 6149020, 7073224, 7334451]
11338	[168681, 290202, 329853, 359799, 441600, 2438105, 4453810]
11339	[260378, 4355908, 5275577, 5275578, 5275579]
11343	[492341, 871117, 871118, 946284]
11362	[452780, 553350, 600638]
11365	[16799, 80130, 90960]
11368	[212855, 658545, 1175564]
11382	[3288, 3924, 7142, 13932, 19587, 56487, 62369, 146527, 229329]
11393	[593, 20124, 51857, 96037, 246639, 289278, 304821, 345805, 393380]
11400	[1204181, 3335919, 3415320]
11416	[201533, 267225, 312713, 475741]
11417	[168680, 168681, 244519, 3574248]
11439	[9706, 11202, 12136, 18547, 21767, 26233, 33843, 33844, 54906, 180898, 192199, 210705, 251950, 340903, 965361, 965370, 1267508, 1551687]
11441	[10552, 17142, 36214, 47202, 48245, 58574, 190497]
11446	[221652, 332689, 2230107]
11453	[1831972, 2693738, 2693739, 2693741]
11464	[362356, 381297, 421540, 3406176, 4125775]
11465	[455765, 547966, 1021354]
11468	[26955, 296745, 457732, 648954, 648959]
11470	[1835, 2264, 2725, 3422, 3470, 3477, 3682, 4205, 5873, 6273, 7552, 8760, 10262, 10263, 10429, 10552, 11737, 12136, 12834, 13911, 13932, 13999, 14683, 14898, 15165, 15266, 15974, 15975, 16748, 16757, 16963, 17035, 17551, 17641, 17743, 17819, 17960, 17967, 18547, 18978, 19768, 19772, 19792, 19802, 19814, 19849, 20957, 21703, 21714, 22164, 22854, 23394, 23446, 24167, 29936, 31963, 32550, 32915, 33196, 33203, 35022, 35055, 35130, 36214, 36628, 37224, 37413, 38863, 39294, 39544, 39769, 39771, 40346, 41949, 42488, 43745, 44581, 44952, 44955, 45301, 45467, 46720, 47202, 47742, 47946, 47952, 48245, 48865, 53259, 55140, 55760, 56348, 56594, 57103, 58574, 59804, 61848, 63019, 63214, 63617, 64801, 66261, 66373, 66843, 67807, 73689, 74073, 75922, 75985, 76809, 79103, 79156, 79790, 80121, 81599, 82033, 82822, 83740, 84666, 86075, 87079, 87643, 87721, 88595, 88630, 88701, 90541, 95512, 95886, 96774, 98545, 98684, 100118, 101096, 102419, 103010, 106306, 106870, 107839, 108129, 112897, 120496, 131994, 133213, 133854, 134820, 136272, 141873, 143887, 146490, 153823, 157990, 158190, 160130, 161957, 163832, 167751, 168370, 178572, 180517, 183654, 204952, 215582, 238033, 253528, 269093, 325530, 333076, 337011, 344959, 502745, 504145, 518518, 822612, 828156, 3087463]
11472	[1835, 2713, 2725, 3477, 3909, 4205, 5873, 6273, 8729, 8760, 10262, 10263, 11419, 11737, 12588, 13911, 13932, 13999, 17641, 17743, 17827, 17967, 18547, 18984, 19767, 19803, 19814, 19849, 20957, 22854, 23446, 24167, 24221, 28875, 32550, 36238, 36628, 38863, 39769, 39771, 40301, 41266, 41644, 42488, 44581, 45467, 46720, 48245, 48440, 48863, 48865, 53801, 56348, 57103, 58574, 63617, 64801, 66261, 66373, 73689, 74074, 76809, 77019, 79156, 80121, 80501, 82033, 82822, 83630, 86163, 87079, 87643, 89633, 96370, 98545, 98684, 101028, 103010, 103687, 106870, 108129, 108439, 112154, 120496, 125410, 133213, 134285, 134820, 138556, 140646, 141873, 143887, 145071, 146490, 153823, 156351, 157990, 161957, 170755, 178572, 183654, 198102, 205734, 215582, 219986, 223473, 252122, 253528, 253882, 290448, 312337, 325530, 344959, 361711, 504145, 518518, 1173176, 1256293, 3087463]
11476	[44956, 232595, 351148, 385292]
11478	[299163, 377507, 499708]
11491	[29810, 86101, 95886]
11495	[69873, 93775, 117687, 264675, 267648, 268733, 405463]
11497	[400266, 1381672, 4703219, 4703220, 4703221]
11507	[586990, 781376, 1286813]
11516	[2264, 3682, 4205, 5873, 6273, 7552, 8760, 10552, 12136, 13911, 13932, 13999, 15165, 16748, 16963, 17035, 17743, 17967, 18547, 21703, 22854, 24167, 29936, 35022, 36214, 36628, 37224, 38863, 43745, 44581, 44955, 46720, 47742, 47946, 48245, 56348, 56594, 58574, 59804, 66843, 67807, 74185, 75922, 79790, 81599, 82822, 83740, 87721, 88595, 88630, 88701, 89292, 95886, 96774, 98545, 98684, 100118, 101028, 101096, 106306, 106870, 131994, 133213, 133854, 141873, 146490, 158190, 160130, 163832, 167751, 169154, 180517, 333076, 337011, 504145, 518518]
11517	[23510, 176150, 379759, 440970]
11523	[58574, 83990, 112743]
11525	[322877, 338834, 490460, 766034, 799244, 805322, 805584, 807182, 906873, 920017, 1145157, 1149857, 1181476, 1353483, 1545039, 2556706, 2786584, 3016044, 3586505, 3586512, 3586517, 3586523]
11529	[423298, 1266864, 1902093]
11536	[45317, 77226, 153347, 170790, 223196, 347777, 349209, 367911, 380826, 519612, 523838, 1872415]
11539	[26997, 196576, 196578, 1391138, 4323338]
11551	[1382887, 1382889, 1382890, 1382892]
11555	[8760, 170791, 251617, 282632]
11558	[36628, 54997, 88748, 97072, 1180688, 1268457]
11565	[146393, 187016, 227871]
11568	[257573, 471789, 851819]
11573	[95537, 375279, 1526299]
11580	[1835, 3682, 6273, 8760, 10262, 10429, 13911, 15165, 15974, 17743, 17967, 18547, 19761, 19768, 19792, 19800, 19802, 19803, 31759, 36628, 38258, 40301, 44581, 44955, 46720, 47202, 47946, 56348, 56594, 60480, 66842, 67807, 67959, 79103, 81599, 93775, 95886, 98726, 106306, 106870, 109352, 112897, 120496, 141873, 152597, 158190, 163832, 167751, 170755, 183654, 198102, 214625, 238249, 274226, 502745, 1645845]
11587	[31759, 61848, 351840, 1119394, 1915720, 3715513, 3715519, 3715521]
11594	[20991, 102293, 166093, 353632]
11598	[10383, 23035, 26912, 82831, 160182, 257286, 343788]
11600	[2713, 12596, 17032, 17531, 26233, 32454, 40521, 49294, 49295, 71758, 74073, 80134, 128720, 170598, 176362]
11603	[1923623, 2421294, 6219404, 6219405]
11609	[240099, 423743, 627903, 2154831, 2219740, 4466895, 4690704]
11613	[1835, 2264, 3422, 3470, 3477, 3682, 4205, 5873, 6273, 7552, 8760, 10262, 10429, 10552, 11737, 12136, 12834, 13911, 13932, 13999, 14683, 14898, 15165, 15266, 15974, 15975, 16748, 16757, 16963, 17035, 17641, 17743, 17960, 17967, 18547, 19768, 19772, 19792, 19802, 19849, 20957, 21703, 22164, 22854, 23394, 23446, 24167, 29936, 32550, 32915, 33196, 33203, 35022, 35055, 36214, 36628, 37224, 37413, 38863, 39294, 39769, 39771, 40346, 41441, 42488, 43745, 44581, 44952, 44955, 45301, 46720, 47202, 47742, 47946, 48245, 48865, 53259, 55140, 55760, 56348, 56594, 58574, 59804, 63617, 64801, 66261, 66373, 66843, 67807, 74073, 75922, 75985, 79103, 79156, 79790, 80121, 81599, 82033, 82822, 83740, 84666, 86075, 87079, 87721, 88595, 88630, 88701, 90541, 95512, 95886, 96774, 98545, 98684, 100118, 101096, 102419, 103010, 106306, 106870, 108129, 109389, 112897, 120496, 131994, 133213, 133854, 134820, 136272, 141873, 143887, 146490, 153823, 157990, 158190, 160130, 161957, 163832, 167751, 168370, 178572, 180517, 183654, 204952, 253528, 325530, 333076, 337011, 344959, 502745, 504145, 518518, 822612, 828156, 3087463]
11622	[19584, 34746, 38863, 41644, 95886, 96370, 124489, 588058]
11623	[1452132, 3895031, 4179018, 4430607]
11634	[197671, 227871, 343719]
11636	[17827, 89660, 178572, 264436, 350642, 350643, 350644]
11653	[17971, 33196, 155852]
11658	[510367, 1051246, 5476138]
11661	[283148, 297510, 612305, 612306, 612307, 612335, 683176, 1032847]
11668	[19770, 193414, 194124, 257879]
11673	[73721, 627903, 707717, 789789, 1031007, 1311788, 2973754, 3533476, 3971492, 6005705]
11679	[32411, 50570, 106870, 1549977]
11681	[56675, 73721, 423761, 789789, 789790, 842673, 1031007, 1031009, 1149283, 1311788, 1394436, 1716021, 2058652, 2161411, 2435742]
11684	[684903, 1062023, 1138106, 1180692]
11692	[1726997, 5806222, 6115112, 6115113, 6115220]
11694	[227591, 391388, 391395]
11697	[81138, 99719, 219746, 236396, 484614, 492554]
11700	[90539, 180953, 336383, 1046814]
11702	[223687, 988115, 1706148, 1706179]
11707	[133213, 225290, 352589]
11710	[2532, 16795, 69199]
11711	[146646, 818968, 879288, 1680214]
11720	[380864, 443966, 593166, 800887]
11721	[36231, 65939, 1258970]
11722	[3480, 10069, 32212, 104319]
11726	[214157, 1083447, 1083452]
11783	[135866, 393859, 404739, 573952, 711612, 871144, 1282017, 1435673, 1438344, 2453411]
11787	[51807, 4117591, 4117592]
11792	[322877, 338834, 490460, 766034, 805322, 906873, 920017, 1145157, 1181476, 1353483, 1545039, 2556706, 2786584, 3016044, 3586505, 3586512, 3586517, 3586523]
11793	[310953, 3881801, 3881802]
11812	[136998, 708436, 708441]
11813	[88486, 93445, 105997, 161529, 161534, 229005]
11819	[42488, 104686, 162670, 266422]
11824	[271379, 428582, 482373, 482374, 482375, 482376, 482377, 482378, 482379]
11826	[621664, 621666, 2176861, 2490654]
11828	[2713, 3909, 12588, 145611, 910684]
11834	[4310013, 4310014, 4310015]
11840	[1835, 2264, 3422, 3470, 3477, 3682, 4205, 5873, 6273, 7552, 8729, 8760, 10262, 10429, 10552, 11737, 12136, 12834, 13911, 13932, 13999, 14683, 14898, 15165, 15266, 15974, 15975, 16748, 16757, 16963, 17035, 17641, 17743, 17960, 17967, 18547, 19768, 19772, 19792, 19802, 19849, 20957, 21703, 22164, 22854, 23394, 23446, 24167, 29936, 32550, 32915, 33196, 33203, 35022, 35055, 36214, 36628, 37224, 37413, 38863, 39294, 39769, 39771, 40346, 42488, 43745, 44581, 44952, 44955, 45301, 46720, 47202, 47742, 47946, 48245, 48863, 48865, 53259, 55140, 55760, 56348, 56594, 58574, 59804, 63617, 64801, 66261, 66373, 66843, 67807, 75922, 75985, 79103, 79156, 79790, 80121, 81599, 82033, 82822, 83740, 84666, 87079, 87721, 88595, 88630, 88701, 95512, 95886, 96774, 98545, 98684, 100118, 101096, 102419, 103010, 106306, 106870, 108129, 112897, 120496, 131994, 133213, 133854, 134820, 141873, 143887, 146490, 153823, 157990, 158190, 160130, 161957, 163832, 167751, 178572, 180517, 183654, 204952, 253528, 325530, 333076, 337011, 344959, 502745, 504145, 518518, 822612, 828156, 3087463]
11842	[4205, 5873, 8760, 13932, 17641, 19814, 45467, 56348, 56594, 82822, 87643, 95886, 133213, 141873, 143887, 167751, 223473]
11844	[537192, 1194428, 1276042, 1994251]
11846	[3504453, 3504454, 3504455]
11849	[17142, 37511, 51946, 75922, 88701, 92980, 148253]
11852	[3347076, 3899553, 3899556]
11856	[17142, 35611, 58033, 88624, 88729, 133222, 138076, 190494, 190495, 190496]
11859	[19795, 28444, 86069, 133213, 133232, 148096, 161534, 491606]
11861	[1835, 4205, 8760, 11737, 13911, 15165, 20957, 21714, 24167, 35130, 37413, 40301, 44581, 47742, 47946, 48245, 59804, 63214, 64789, 74073, 75922, 88701, 96774, 101096, 107839, 120496, 133213, 157990]
11866	[263831, 1057258, 1241686]
11873	[262940, 281455, 653095, 769508]
11874	[10552, 86069, 155606, 168942]
11883	[531008, 767993, 773200]
11887	[1835, 3682, 6273, 11737, 13911, 19768, 20957, 21714, 23446, 44581, 47946, 48245, 48865, 63214, 63617, 67807, 79156, 95886, 98545, 120496, 158190]
11897	[56675, 73721, 707717, 789789, 842673, 1031007, 1031009, 1311788, 1394436, 2058652]
11902	[28365, 28972, 64601, 204957]
11907	[29237, 275678, 973182, 1615203]
11910	[19800, 55323, 82033, 164218, 661647, 878218, 878220]
11914	[8571, 431503, 711612, 711613, 711614, 754862, 1214884, 1405012, 1413646, 1455567, 1546442, 1925957, 4854956]
11916	[225167, 280756, 309767, 362190, 461872, 1095901]
11923	[1101346, 6159818, 6159819]
11939	[56675, 73721, 423761, 842673, 2161411, 2435742]
11948	[1458, 1835, 2264, 2713, 3470, 3477, 3682, 3864, 4098, 4205, 5873, 6273, 6274, 6518, 7552, 8729, 8760, 9706, 10262, 10263, 10552, 11737, 11896, 12136, 12803, 13151, 13879, 13889, 13896, 13911, 13932, 13999, 14185, 14683, 14898, 15165, 15885, 15974, 16678, 16748, 16757, 16794, 16796, 16963, 17015, 17035, 17551, 17743, 17960, 17967, 17971, 18547, 18984, 19767, 20957, 21574, 21703, 21714, 22164, 22757, 22854, 23446, 24167, 28795, 29001, 29936, 30148, 32915, 33196, 33203, 35022, 35055, 35130, 36214, 36628, 37224, 37806, 38563, 38863, 39294, 39544, 39598, 39769, 41266, 43745, 44581, 44955, 46720, 47202, 47742, 47946, 48245, 48440, 48863, 48865, 53259, 55140, 55760, 56348, 56594, 58574, 59804, 61848, 63019, 63214, 63617, 64800, 64801, 66843, 67807, 67962, 71834, 73689, 74185, 75138, 75187, 75922, 76017, 76043, 76220, 77019, 78668, 79103, 79156, 79790, 80121, 81599, 82822, 83740, 84666, 86163, 86692, 86693, 86694, 86695, 86696, 86697, 86699, 87643, 87721, 88595, 88630, 88701, 89292, 90642, 95886, 96774, 98545, 98684, 99864, 100037, 100118, 101028, 101096, 102126, 103010, 106306, 106870, 107839, 108475, 120496, 125410, 131994, 133213, 133854, 141873, 146490, 149487, 156120, 157990, 158190, 160130, 161957, 163832, 167751, 169154, 180517, 183654, 190634, 222261, 304037, 333076, 337011, 357116, 416073, 504145, 518518, 588058, 675070, 769005, 822612, 828156, 854846, 7742596]
11958	[1835, 5647, 13911, 13961, 18978, 23446, 35301, 36628, 39544, 41266, 47952, 48865, 59804, 61848, 63019, 63617, 74185, 75922, 96774, 106870, 169154]
11973	[3477, 4711, 6518, 8760, 11419, 15885, 18547, 18956, 18978, 19767, 19788, 28365, 32915, 37757, 42907, 44581, 53259, 56348, 57477, 63019, 65957, 103010, 108129, 138748, 139985, 151767, 170755, 198319, 290448, 344959, 357116, 544309]
11981	[1353816, 1953415, 2952930, 2952931, 2952932]
11998	[2662073, 2662074, 2662075, 2662250]
12018	[72881, 136704, 149246]
12027	[135866, 711612, 871144, 1282017, 1435673, 1566128, 2453411, 2453427, 2453428]
12030	[16794, 31757, 36214, 37511]
12033	[484178, 1589336, 2310161]
12047	[17640, 40301, 54650, 179142]
12048	[3865, 171886, 5158818]
12057	[2264, 10552, 36214, 58574, 131994, 149428]
12061	[64801, 150320, 1362773]
12065	[2264, 3682, 4205, 5873, 6273, 7552, 8760, 10552, 12136, 13911, 13932, 13999, 15165, 16748, 16963, 17035, 17743, 17967, 18547, 21703, 22854, 24167, 29936, 35022, 36214, 37224, 38863, 43745, 44581, 44955, 46720, 47742, 47946, 48245, 56348, 56594, 58574, 59804, 66843, 67807, 75922, 79790, 81599, 82822, 83740, 87721, 88595, 88630, 88701, 89292, 95886, 96774, 98545, 98684, 100118, 101028, 101096, 106306, 106870, 131994, 133213, 133854, 141873, 146490, 158190, 160130, 163832, 167751, 180517, 333076, 337011, 504145, 518518]
12066	[1215999, 1368463, 1825047]
12069	[32010, 43745, 196642, 255142, 452489, 816472]
12070	[1835, 2264, 2713, 3422, 3470, 3477, 3682, 4205, 5873, 6273, 7552, 8729, 8760, 10262, 10429, 10552, 10933, 11737, 12136, 12834, 13911, 13932, 13999, 14683, 14898, 15165, 15266, 15974, 15975, 16748, 16757, 16963, 17035, 17551, 17641, 17743, 17960, 17967, 18547, 19767, 19768, 19772, 19792, 19802, 19814, 19849, 20957, 21703, 22164, 22854, 23394, 23446, 24167, 28795, 29936, 30542, 32550, 32915, 33196, 33203, 35022, 35055, 36214, 36628, 37224, 37413, 38863, 39294, 39544, 39769, 39771, 40346, 42488, 43745, 44581, 44952, 44955, 45301, 45467, 46720, 47202, 47742, 47946, 47952, 48245, 48863, 48865, 49963, 52318, 53259, 55140, 55760, 56348, 56594, 58574, 59804, 63617, 64801, 66261, 66373, 66843, 67807, 68674, 71758, 74073, 74074, 75922, 75985, 76809, 79103, 79156, 79790, 80121, 81599, 82033, 82822, 83740, 84666, 87079, 87643, 87721, 88595, 88630, 88701, 95512, 95886, 96774, 98545, 98684, 98886, 100118, 101096, 102419, 103010, 106306, 106870, 108129, 112897, 120496, 131994, 133213, 133854, 134820, 136272, 141873, 143887, 146490, 153823, 157990, 158190, 160130, 161957, 163832, 167751, 170790, 178572, 180517, 183654, 204952, 253528, 264674, 269093, 325530, 333076, 337011, 344959, 502745, 504145, 518518, 742608, 822612, 828156, 3087463]
12072	[8571, 711612, 711613, 711614, 754862, 1152264, 1413646, 1455567, 1546385, 1546442, 1925957, 2848676, 4854956]
12075	[143950, 3151350, 4159463]
12081	[109928, 1386787, 1437849, 2878008]
12088	[216645, 485733, 485736, 665182]
12092	[1835, 2264, 3422, 3470, 3477, 3682, 4205, 5873, 6273, 7552, 8760, 10262, 10429, 10552, 11737, 12136, 12834, 13911, 13932, 13999, 14683, 14898, 15165, 15266, 15974, 15975, 16748, 16757, 16963, 17035, 17551, 17641, 17743, 17960, 17967, 18547, 19768, 19772, 19792, 19802, 19849, 20957, 21703, 22164, 22854, 23394, 23446, 24167, 29936, 32550, 32915, 33196, 33203, 35022, 35055, 36214, 36628, 37224, 37413, 38863, 39294, 39544, 39769, 39771, 40346, 41441, 42488, 43745, 44581, 44952, 44955, 45301, 46720, 47202, 47742, 47946, 47952, 48245, 48865, 53259, 55140, 55760, 56348, 56594, 58574, 59804, 63617, 64801, 66261, 66373, 66843, 67807, 74073, 75922, 75985, 79103, 79156, 79790, 80121, 81599, 82033, 82822, 83740, 84666, 86075, 87079, 87721, 88595, 88630, 88701, 90541, 95512, 95886, 96774, 98545, 98684, 100118, 101096, 102419, 103010, 106306, 106870, 108129, 109389, 112897, 120496, 131994, 133213, 133854, 134820, 136272, 141873, 143887, 146490, 153823, 157990, 158190, 160130, 161957, 163832, 167751, 168370, 178572, 180517, 183654, 192160, 204952, 253528, 269093, 325530, 333076, 337011, 344959, 502745, 504145, 518518, 822612, 828156, 3087463]
12096	[51417, 151954, 296297]
12105	[1835, 2264, 2713, 3422, 3470, 3477, 3682, 4205, 5873, 6273, 7552, 8760, 10262, 10429, 10552, 11737, 11896, 12136, 12834, 13151, 13911, 13932, 13999, 14683, 14898, 15165, 15266, 15974, 15975, 16748, 16757, 16963, 17035, 17641, 17743, 17960, 17967, 18547, 19768, 19772, 19792, 19802, 19803, 19814, 19849, 20957, 21574, 21703, 22164, 22854, 23394, 23446, 24167, 28332, 29001, 29936, 32550, 32915, 33196, 33203, 35022, 35055, 36214, 36628, 37224, 37413, 38258, 38863, 39294, 39544, 39769, 39771, 40301, 40346, 42488, 43745, 44581, 44952, 44955, 45301, 45467, 46720, 47202, 47742, 47946, 48245, 48865, 53259, 55140, 55760, 56348, 56594, 58574, 59804, 60480, 63617, 64801, 65680, 66261, 66373, 66842, 66843, 67807, 67959, 69151, 73689, 75922, 75985, 77019, 79103, 79156, 79790, 80121, 81599, 82033, 82822, 83740, 84666, 86075, 87079, 87643, 87721, 88595, 88630, 88701, 89292, 90541, 93775, 95512, 95886, 96774, 98545, 98684, 100118, 101028, 101096, 102419, 103010, 106306, 106870, 108129, 109352, 112897, 120496, 131994, 133213, 133854, 134820, 141873, 143887, 146490, 153823, 157990, 158190, 160130, 161957, 163832, 167751, 168370, 170755, 178572, 180517, 183654, 192160, 195433, 198102, 204952, 214625, 253528, 325530, 333076, 337011, 344959, 502745, 504145, 518518, 822612, 828156, 3087463]
12106	[196792, 240454, 322000, 815141]
12109	[3865, 11136, 16533, 19599, 21918, 23755, 29989, 39677, 40521, 77180, 93285, 95088, 132067, 143887, 158759, 166570, 261295, 271311, 486346, 797376, 862853, 1403927]
12115	[6271, 12834, 15682, 73202, 254416, 287851, 299972, 366450, 406169, 406170]
12134	[30088, 241244, 459495]
12139	[593, 117762, 246639, 351845, 351846, 636695]
12144	[31757, 31964, 40048, 156772, 222347, 1698759, 2440130, 5762718]
12158	[5806222, 6115112, 6115113, 6115220]
12161	[1835, 2264, 2713, 3422, 3470, 3477, 3682, 4205, 5873, 6270, 6273, 7552, 8760, 10262, 10429, 10552, 11737, 11896, 12136, 12834, 13151, 13911, 13932, 13999, 14683, 14898, 15165, 15266, 15974, 15975, 16748, 16757, 16963, 17035, 17551, 17641, 17743, 17960, 17967, 18547, 19768, 19772, 19792, 19802, 19803, 19814, 19849, 20957, 21574, 21703, 21714, 22164, 22854, 23394, 23446, 24167, 28332, 28795, 29001, 29936, 32550, 32915, 33196, 33203, 35022, 35055, 35130, 36214, 36628, 37224, 37413, 38258, 38863, 39294, 39544, 39769, 39771, 40301, 40346, 42488, 43745, 44581, 44952, 44955, 45301, 45467, 46720, 47202, 47742, 47946, 47952, 48245, 48865, 53259, 55140, 55760, 56348, 56594, 58574, 59804, 60480, 63214, 63617, 64789, 64801, 65680, 66261, 66373, 66842, 66843, 67807, 67958, 67959, 69151, 73689, 74073, 75922, 75985, 77019, 79103, 79156, 79790, 80121, 81599, 82033, 82822, 83080, 83740, 84666, 86075, 86853, 87079, 87643, 87721, 88595, 88630, 88701, 89292, 90541, 93775, 95512, 95886, 96774, 98545, 98684, 98886, 100118, 101028, 101096, 102419, 103010, 106306, 106870, 107839, 108129, 109352, 112897, 120496, 131994, 133213, 133854, 134820, 136272, 141873, 143887, 146490, 153823, 157990, 158190, 160130, 161957, 163832, 167751, 168370, 170755, 178572, 180517, 183654, 192160, 195433, 198102, 204952, 214625, 221503, 253528, 269093, 325530, 333076, 337011, 344959, 502745, 504145, 518518, 822612, 828156, 3087463, 5520980]
12162	[15974, 18978, 19761, 19796, 19800, 19849, 21714, 29237, 31759, 41644, 41949, 44955, 44956, 47202, 58574, 59804, 63019, 66842, 73973, 75922, 86868, 96774, 103693, 106870, 112897, 134149, 134296, 155091, 164618, 171123, 176147, 176227, 201878, 201880, 274225, 274226, 274227, 379759, 512714, 521052, 588229, 1148724, 2201480]
12172	[1458, 3864, 11290, 13889, 16678, 17531, 76043, 78668, 86695, 86696, 86697, 295137, 416073]
12177	[961076, 1081033, 1793614]
12189	[77867, 107839, 150765, 201877, 620269]
12198	[17641, 39771, 60480, 143887, 249238, 884339]
12202	[230658, 717985, 800574]
12206	[3477, 4711, 6518, 8760, 11203, 11419, 15885, 18547, 18956, 19767, 19788, 32915, 37757, 42907, 44581, 53259, 56348, 57477, 65957, 80704, 103010, 108129, 138748, 151608, 151767, 170755, 198319, 205348, 249873, 290448, 297438, 297441, 344959]
12222	[2264, 2725, 3682, 4205, 5873, 6270, 6273, 6274, 7552, 8760, 9706, 10262, 10429, 10552, 11737, 11896, 12136, 13151, 13911, 13932, 13999, 15165, 16748, 16799, 16963, 17035, 17641, 17743, 17967, 18547, 19768, 19802, 19849, 20957, 21703, 22854, 23394, 24167, 29936, 32550, 35022, 36214, 36628, 37224, 37413, 38863, 39294, 39769, 39771, 40346, 42488, 43745, 44581, 44952, 44955, 45301, 46720, 47742, 47946, 48245, 48425, 49530, 53259, 56348, 56594, 58574, 59804, 64664, 64801, 66261, 66373, 66843, 67807, 69151, 75922, 79790, 80121, 81599, 82033, 82822, 83740, 86163, 87079, 87721, 88595, 88630, 88701, 89292, 95512, 95886, 96774, 98545, 98684, 100118, 101028, 101096, 101256, 102419, 103010, 106306, 106870, 131994, 133213, 133854, 134820, 141873, 143887, 146490, 153823, 157990, 158190, 160130, 161957, 163832, 167751, 178572, 180517, 183654, 193603, 204952, 253528, 325530, 333076, 337011, 502745, 504145, 518518, 3087463]
12229	[2713, 9706, 16757, 17743, 18547, 23446, 28795, 32915, 48865, 53259, 61848, 63617, 74185, 169154]
12238	[113675, 778349, 1124494, 2002907]
12243	[1835, 3865, 4205, 8760, 11737, 13911, 15165, 20957, 21714, 24167, 35130, 37413, 40301, 44581, 47742, 47946, 48245, 59804, 63214, 64789, 74073, 75922, 88701, 96774, 101096, 107839, 120496, 133213, 133321, 157990, 167079]
12247	[28164, 31953, 31977]
12250	[225886, 245262, 3209253]
12252	[1835, 2713, 2725, 3909, 4097, 4205, 6273, 8729, 8760, 10262, 10263, 11737, 13911, 17641, 17743, 17967, 18547, 18984, 19767, 19803, 19814, 23190, 23446, 24167, 29237, 38863, 39771, 40301, 41266, 41644, 44581, 45467, 46720, 48245, 48863, 48865, 56348, 58574, 63617, 70377, 73689, 74074, 77019, 79156, 86163, 87640, 96370, 98545, 98684, 101028, 106870, 109352, 120496, 133213, 134285, 141873, 141891, 143887, 146490, 156815, 170755, 183654, 198102, 219986, 253528, 274800, 277324, 298207, 307913, 325530, 442081, 504145, 518518, 653824, 1150474, 1353621, 1395577]
12254	[20666, 88124, 257686]
12264	[14661, 30542, 108686, 264674]
12269	[599051, 656005, 2493334]
12272	[8571, 302709, 711612, 711613, 711614, 754862, 987449, 1152264, 1413646, 1455567, 1546442, 1621170, 1925957, 2848676, 3127919, 4854956]
12278	[9706, 10263, 13999, 18547, 32915, 36628, 37806, 46373, 53259, 53801, 66261, 66302, 81364, 91803, 196881, 215582, 217506, 252914, 476839]
12282	[13561, 767357, 1469734]
12287	[2532, 2713, 3860, 4205, 8760, 12596, 15165, 15974, 17032, 17047, 17551, 17743, 17967, 19849, 21260, 22164, 26233, 28795, 29936, 32454, 37224, 38863, 39544, 41949, 44955, 47202, 47952, 49294, 49295, 51979, 52318, 55760, 56348, 59804, 64801, 67958, 68674, 71758, 74073, 75922, 79103, 80134, 81599, 86075, 86853, 87079, 88630, 88701, 90541, 95224, 96774, 98886, 106306, 106870, 108907, 128720, 133213, 136272, 137035, 141873, 163832, 168370, 170598, 176362, 178572, 337011, 368388, 400457, 452136, 504145, 518518, 588058, 942225, 2116956, 3087463, 5557940]
12290	[2264, 3682, 4205, 5873, 6273, 7552, 8760, 10552, 11737, 12136, 13911, 13999, 15165, 16748, 16963, 17035, 17142, 17743, 17967, 21703, 24167, 26571, 29936, 31757, 35022, 35611, 36214, 37224, 37511, 38863, 41265, 42237, 43745, 44581, 44955, 46720, 47742, 47842, 47946, 48245, 51946, 54305, 56348, 56594, 58033, 58574, 59804, 66843, 67209, 67807, 70152, 75922, 79790, 81440, 81599, 83740, 87721, 88595, 88630, 88701, 92980, 93445, 95886, 96774, 98545, 100118, 101096, 102311, 104663, 106306, 106870, 131994, 133213, 133854, 141873, 146490, 148253, 158190, 160130, 163832, 167751, 180517, 190494, 190495, 190497, 223357, 280490, 333076, 337011, 1402641]
12295	[2264, 4205, 8760, 11896, 13151, 17551, 17641, 17967, 21574, 29001, 35055, 39544, 39771, 47952, 56348, 59804, 64801, 65680, 66373, 75922, 79103, 79156, 81599, 86075, 88701, 89292, 90541, 96774, 98684, 106870, 131994, 133213, 141873, 143887, 146490, 168370, 170755, 178572, 195433, 253528, 269093, 325530, 504145, 518518, 3087463]
12300	[4205, 5873, 8760, 13932, 17641, 19814, 45467, 56348, 56594, 82822, 87643, 95886, 133213, 141873, 143887, 167751]
12304	[1835, 2713, 2725, 3909, 4205, 6270, 6273, 6518, 8729, 8760, 9706, 10262, 10263, 10429, 11737, 13911, 13932, 15165, 17641, 17743, 17967, 18547, 18956, 18984, 19767, 19788, 19803, 19814, 23446, 24167, 32915, 36238, 37413, 38863, 39771, 40301, 41266, 41644, 42907, 44581, 45467, 46720, 47946, 48245, 48863, 48865, 53259, 56348, 58574, 63617, 73689, 74073, 74074, 77019, 79156, 82822, 86163, 96370, 98545, 98684, 101028, 106870, 112966, 120496, 133213, 134285, 136272, 141873, 143887, 146490, 170755, 183654, 198102, 218922, 219986, 253528, 325530, 504145, 518518]
12306	[4205, 8760, 11896, 13151, 17641, 17967, 21574, 29001, 39771, 56348, 64801, 65680, 66373, 79103, 81599, 86075, 89292, 90541, 98684, 133213, 141873, 143887, 146490, 168370, 170755, 178572, 195433, 253528, 325530, 504145, 518518, 3087463]
12309	[9706, 18547, 21767, 48865, 63082, 63617, 77019, 340903, 399868]
12310	[5647, 21073, 71081, 86694, 162614, 266892, 271646, 272789, 311300, 578665]
12315	[174245, 174248, 177201]
12320	[1835, 2264, 3477, 3682, 4205, 4711, 5873, 6273, 7552, 8760, 10262, 10552, 11737, 12136, 13911, 13999, 15165, 16748, 16757, 16963, 17035, 17743, 17819, 17967, 18547, 19803, 20957, 21703, 21714, 21979, 22854, 24167, 26168, 28795, 29936, 31963, 32620, 32915, 35022, 35130, 36214, 36628, 37224, 38863, 39544, 42907, 43745, 44578, 44581, 44955, 46720, 47742, 47946, 47952, 48245, 53259, 55760, 56348, 56594, 57103, 58574, 59804, 63214, 66261, 66843, 67807, 75922, 76809, 79790, 81599, 83740, 87643, 87721, 88595, 88630, 88701, 95886, 96774, 96956, 98545, 98886, 100118, 101096, 103010, 106306, 106870, 107839, 108129, 120496, 131994, 133213, 133854, 141873, 146490, 158190, 160130, 161957, 163832, 167751, 170755, 180517, 183654, 215582, 221503, 318277, 333076, 337011, 344959, 822612]
12325	[1835, 2264, 2713, 3422, 3470, 3477, 3682, 4205, 5873, 6270, 6273, 7552, 8760, 10262, 10429, 10552, 11737, 11896, 12136, 12834, 13151, 13911, 13932, 13999, 14683, 14898, 15165, 15266, 15974, 15975, 16748, 16757, 16963, 17035, 17551, 17641, 17743, 17960, 17967, 18547, 19768, 19772, 19792, 19802, 19803, 19814, 19849, 20957, 21703, 21714, 22164, 22854, 23394, 23446, 24167, 28332, 28795, 29936, 32550, 32915, 33196, 33203, 35022, 35055, 35130, 36214, 36628, 37224, 37413, 38258, 38863, 39294, 39544, 39769, 39771, 40301, 40346, 42488, 43745, 44581, 44952, 44955, 45301, 45467, 46720, 47202, 47742, 47946, 47952, 48245, 48865, 53259, 55140, 55760, 56348, 56594, 58574, 59804, 60480, 63214, 63617, 64789, 64801, 66261, 66373, 66842, 66843, 67807, 67958, 67959, 69151, 73689, 74073, 75922, 75985, 77019, 79103, 79156, 79790, 80121, 81599, 82033, 82822, 83080, 83740, 84666, 86075, 86853, 87079, 87643, 87721, 88595, 88630, 88701, 90541, 93775, 95512, 95886, 96774, 98545, 98684, 98886, 100118, 101028, 101096, 102419, 103010, 106306, 106870, 107839, 108129, 109352, 112897, 120496, 131994, 133213, 133854, 134820, 136272, 141873, 143887, 146490, 153823, 157990, 158190, 160130, 161957, 163832, 167751, 168370, 170755, 178572, 180517, 183654, 192160, 195433, 198102, 204952, 214625, 219986, 221503, 253528, 269093, 325530, 333076, 337011, 344959, 502745, 504145, 518518, 822612, 828156, 3087463, 5520980]
12326	[3682, 6273, 10589, 11419, 15974, 17967, 27518, 27986, 31929, 37111, 44955, 47202, 51946, 56594, 67807, 79103, 81599, 81836, 90251, 95886, 106306, 135191, 139984, 158190, 163832, 164322, 167751, 180119, 193603, 223473, 229194, 290448]
12329	[1835, 2264, 2713, 2714, 2725, 3477, 3682, 3909, 4097, 4205, 5873, 6273, 6274, 6518, 7552, 8729, 8760, 8993, 9706, 10262, 10263, 10429, 10552, 11737, 12136, 12834, 13911, 13932, 13999, 14661, 15165, 15266, 15885, 16678, 16748, 16757, 16794, 16963, 17035, 17551, 17641, 17743, 17827, 17960, 17967, 17971, 18547, 18984, 19767, 19768, 19802, 19814, 19849, 20957, 21574, 21703, 21714, 22854, 23394, 23446, 24167, 24221, 28795, 28875, 29001, 29936, 30148, 32550, 32915, 35022, 35130, 36080, 36214, 36628, 37224, 37806, 38863, 39294, 39544, 39769, 39771, 40301, 40346, 41266, 41644, 42488, 42907, 43745, 44581, 44952, 44955, 45301, 45467, 46720, 47202, 47742, 47946, 48245, 48440, 48863, 48865, 50715, 53259, 55760, 56348, 56594, 57103, 58574, 59804, 63019, 63214, 63617, 64801, 66261, 66373, 66843, 67807, 67856, 70377, 73689, 74074, 74185, 75922, 77019, 79103, 79156, 79433, 79790, 80121, 80501, 81599, 82033, 82822, 83630, 83740, 86163, 86694, 87079, 87640, 87643, 87721, 88595, 88630, 88701, 89292, 89633, 95512, 95886, 96370, 96774, 98545, 98684, 98886, 100118, 101028, 101096, 102126, 102419, 103010, 103687, 106306, 106870, 107839, 112154, 118554, 120496, 125410, 131994, 133213, 133854, 134285, 134820, 138556, 140646, 141873, 143887, 145071, 146490, 149487, 153823, 156120, 156351, 157990, 158190, 160130, 161957, 163832, 167751, 169154, 178572, 180517, 183654, 198102, 204952, 215582, 218922, 219986, 222261, 223473, 252122, 253528, 253882, 256156, 298207, 312337, 325530, 333076, 337011, 357116, 361711, 499468, 502745, 504145, 518518, 588058, 822612, 1173176, 1256293, 3087463]
12345	[47492, 1004674, 2513414, 2760501]
12347	[924050, 2079917, 2492905, 2535481, 3343283, 3466410, 3632093, 3778411, 3939831]
12352	[1835, 2264, 2713, 2725, 3470, 3477, 3682, 3909, 4205, 5873, 6273, 6518, 7552, 8729, 8760, 10262, 10263, 10429, 10552, 10933, 11737, 11896, 12136, 13151, 13911, 13932, 13999, 14683, 14898, 15165, 15974, 16748, 16963, 17035, 17551, 17641, 17743, 17967, 18547, 18984, 19767, 19768, 19770, 19802, 19814, 19849, 20957, 21703, 22164, 22854, 23190, 23394, 23446, 24167, 24495, 29936, 32550, 33196, 33203, 35022, 36214, 36628, 37224, 38863, 39294, 39544, 39769, 39771, 40301, 40346, 41266, 41644, 42488, 43745, 44581, 44952, 44955, 45301, 45467, 46720, 47202, 47742, 47946, 47952, 48245, 48440, 48863, 48865, 53259, 55140, 56348, 56594, 58574, 59804, 60480, 63082, 63617, 64801, 66261, 66373, 66843, 67807, 73689, 74074, 75922, 77019, 79103, 79156, 79790, 80121, 81599, 82033, 82822, 83740, 84666, 86163, 87079, 87643, 87721, 88595, 88630, 88701, 90541, 95512, 95886, 96370, 96774, 98545, 98684, 100118, 101028, 101096, 102419, 103010, 103687, 106306, 106870, 113655, 120496, 125410, 131994, 133213, 133854, 134285, 134820, 136704, 141873, 143887, 146490, 153823, 157990, 158190, 160130, 161957, 163832, 167751, 168370, 178572, 180517, 183654, 186450, 192160, 193631, 198102, 204952, 218922, 219986, 221503, 253528, 267138, 269093, 271626, 282897, 325530, 333076, 337011, 415552, 502745, 504145, 518518, 659677, 828156, 3087463]
12354	[9051, 976325, 1654711]
12360	[240099, 1986499, 6149020, 7334451]
12361	[1835, 13911, 13932, 20957, 29718, 39769, 41266, 80121, 82822, 110283, 207103, 221809]
12362	[1458, 3864, 4098, 13879, 13889, 13896, 16796, 17015, 17960, 21714, 39598, 63214, 71834, 75187, 76017, 76043, 76220, 78668, 86692, 86693, 86694, 86695, 86696, 86697, 86699, 99864, 190634, 304037, 416073, 675070, 7742596]
12363	[2264, 2725, 3682, 4205, 5873, 6270, 6273, 6274, 7552, 8760, 9706, 10262, 10263, 10429, 10552, 11737, 11896, 12136, 13151, 13911, 13932, 13999, 15165, 16748, 16799, 16963, 17035, 17641, 17743, 17967, 18547, 19768, 19802, 19849, 20957, 21703, 22854, 23394, 23446, 24167, 27518, 29936, 32550, 35022, 36214, 36628, 37224, 37413, 38863, 39294, 39769, 39771, 40346, 42488, 43745, 44581, 44952, 44955, 45301, 46720, 47742, 47946, 48245, 48425, 48865, 49530, 53259, 56348, 56594, 58574, 59804, 63617, 64664, 64801, 66261, 66373, 66843, 67807, 69151, 73689, 75922, 79790, 80121, 81599, 82033, 82822, 83740, 86163, 87079, 87643, 87721, 88595, 88630, 88701, 89292, 95512, 95886, 96774, 98545, 98684, 100118, 101028, 101096, 101256, 102419, 103010, 106306, 106870, 131994, 133213, 133854, 134820, 141873, 143887, 146490, 153823, 157990, 158190, 160130, 161957, 163832, 167751, 178572, 180517, 183654, 193603, 204952, 253528, 290448, 325530, 333076, 337011, 502745, 504145, 518518, 3087463]
12368	[19674, 63617, 166093, 288982]
12378	[2264, 2714, 2725, 3682, 5873, 6273, 7552, 8760, 8993, 9462, 10263, 10552, 12136, 13911, 13932, 13999, 15165, 16748, 16963, 17035, 17641, 17743, 17967, 19814, 19849, 20957, 21703, 24167, 28795, 29936, 35022, 35130, 36214, 37224, 38863, 39771, 43745, 44581, 44955, 45467, 46720, 47742, 47946, 48245, 48440, 55760, 56348, 56594, 58574, 59176, 59804, 63019, 66261, 66373, 66843, 67807, 67856, 70377, 75922, 79790, 81599, 82822, 83740, 87079, 87640, 87643, 87721, 88595, 88630, 88701, 89292, 95886, 96774, 98545, 98684, 98886, 100118, 101096, 102333, 106306, 106870, 107839, 108439, 125410, 131994, 133854, 141873, 143887, 146490, 158190, 160130, 163832, 167751, 180517, 215582, 221503, 253528, 260480, 266422, 325530, 333076, 337011, 504145, 518518, 588058, 822612, 868086]
12383	[2266, 47202, 63628]
12386	[295508, 1265557, 1265558]
12390	[2264, 2725, 3682, 4205, 5873, 6273, 7552, 8760, 9706, 10263, 10429, 10552, 11737, 12136, 13911, 13932, 13999, 15165, 16748, 16963, 17035, 17641, 17743, 17967, 18547, 19768, 19802, 19849, 20957, 21703, 22854, 23394, 23446, 24167, 29936, 32550, 35022, 36214, 36628, 37224, 38863, 39294, 39769, 39771, 40346, 42488, 43745, 44581, 44952, 44955, 45301, 46720, 47742, 47946, 48245, 48865, 53259, 56348, 56594, 58574, 59804, 63617, 64801, 66261, 66373, 66843, 67807, 73689, 75922, 79790, 80121, 81599, 82033, 82822, 83740, 87079, 87643, 87721, 88595, 88630, 88701, 89292, 95512, 95886, 96774, 98545, 98684, 100118, 101028, 101096, 102419, 103010, 106306, 106870, 131994, 133213, 133854, 134820, 141873, 143887, 146490, 153823, 157990, 158190, 160130, 161957, 163832, 167751, 178572, 180517, 204952, 253528, 325530, 333076, 337011, 502745, 504145, 518518, 3087463]
12393	[97919, 111032, 146143, 172946]
12402	[48275, 292670, 343401, 1542596]
12412	[1835, 2713, 4205, 6270, 6274, 8729, 8760, 9706, 10263, 10429, 11737, 13911, 13999, 15165, 15885, 16678, 16757, 16794, 17551, 17743, 17960, 17971, 18547, 18984, 19803, 20957, 21574, 22854, 23446, 28795, 29001, 30148, 32915, 35130, 37224, 37413, 37806, 38863, 39294, 39544, 41266, 42907, 43745, 44581, 46720, 47946, 48440, 48863, 48865, 53259, 55760, 56348, 61848, 63617, 64801, 71758, 73689, 74073, 74185, 75922, 77019, 79790, 86163, 86694, 89292, 96774, 98684, 98886, 100118, 101028, 102126, 106870, 120496, 125410, 133213, 136272, 141873, 146490, 149487, 156120, 161957, 169154, 170755, 222261, 337011, 357116, 504145, 518518, 588058, 822612]
12413	[1835, 4205, 6270, 8760, 9706, 10429, 11737, 12834, 13911, 15165, 15266, 16757, 17035, 17743, 18547, 19803, 20957, 21714, 28795, 32915, 35130, 37413, 39769, 42907, 44581, 47946, 53259, 56348, 63214, 66302, 74073, 79433, 80121, 83080, 98545, 107839, 112966, 120496, 133213, 141873, 170755]
12418	[352700, 386011, 2660322]
12419	[1289837, 5087199, 5087200]
12427	[12596, 18057, 74481, 109033]
12433	[17413, 246432, 743920]
12442	[1835, 2264, 2713, 2725, 3422, 3470, 3477, 3682, 3909, 4205, 5873, 6273, 6518, 7552, 8729, 8760, 10262, 10263, 10429, 10552, 10933, 11737, 11896, 12136, 12834, 13151, 13911, 13932, 13999, 14683, 14898, 15165, 15266, 15974, 15975, 16748, 16757, 16963, 17035, 17551, 17641, 17743, 17960, 17967, 18547, 18984, 19767, 19768, 19770, 19772, 19792, 19802, 19814, 19849, 20957, 21703, 22164, 22854, 23190, 23394, 23446, 24167, 24495, 29936, 32550, 32915, 33196, 33203, 35022, 35055, 36214, 36628, 37224, 37413, 38863, 39294, 39544, 39769, 39771, 40301, 40346, 41266, 41644, 42488, 43745, 44581, 44952, 44955, 45301, 45467, 46720, 47202, 47742, 47946, 47952, 48245, 48440, 48863, 48865, 53259, 55140, 55760, 56348, 56594, 58574, 59804, 60480, 63082, 63617, 64801, 66261, 66373, 66843, 67807, 73689, 74074, 75922, 75985, 77019, 79103, 79156, 79790, 80121, 81599, 82033, 82822, 83740, 84666, 86163, 87079, 87643, 87721, 88595, 88630, 88701, 90541, 95512, 95886, 96370, 96774, 98545, 98684, 100118, 101028, 101096, 102419, 103010, 103687, 106306, 106870, 108129, 112897, 113655, 120496, 125410, 131994, 133213, 133854, 134285, 134820, 136704, 141873, 143887, 146490, 153823, 157990, 158190, 160130, 161957, 163832, 167751, 168370, 178572, 180517, 183654, 186450, 192160, 193631, 198102, 204952, 218922, 219986, 221503, 253528, 267138, 269093, 271626, 282897, 325530, 333076, 337011, 344959, 415552, 502745, 504145, 518518, 659677, 822612, 828156, 3087463]
12446	[2264, 2725, 3682, 4205, 5873, 6273, 7552, 8760, 9706, 10263, 10429, 10552, 11737, 12136, 13911, 13932, 13999, 15165, 16748, 16963, 17035, 17641, 17743, 17967, 18547, 19768, 19802, 19849, 20957, 21703, 22854, 23394, 24167, 29936, 32550, 35022, 36214, 36628, 37224, 38863, 39294, 39769, 39771, 40346, 42488, 43745, 44581, 44952, 44955, 45301, 46720, 47742, 47946, 48245, 53259, 56348, 56594, 58574, 59804, 64801, 66261, 66373, 66843, 67807, 73689, 74185, 75922, 79790, 80121, 81599, 82033, 82822, 83740, 86163, 87079, 87643, 87721, 88595, 88630, 88701, 89292, 95512, 95886, 96774, 98545, 98684, 100118, 101028, 101096, 102419, 103010, 106306, 106870, 131994, 133213, 133854, 134820, 141873, 143887, 146490, 153823, 157990, 158190, 160130, 161957, 163832, 167751, 169154, 178572, 180517, 204952, 253528, 325530, 333076, 337011, 502745, 504145, 518518, 3087463]
12453	[4205, 8760, 15165, 15974, 17032, 17047, 17551, 17743, 17967, 21260, 22164, 28795, 29936, 32454, 37224, 38863, 39544, 44955, 47202, 47952, 51979, 52318, 55760, 56348, 59804, 64801, 67958, 68674, 71758, 74073, 75922, 79103, 81599, 86075, 86853, 87079, 88630, 88701, 90541, 95224, 96774, 98886, 106306, 106870, 108907, 128720, 133213, 136272, 137035, 141873, 163832, 168370, 170598, 176362, 178572, 337011, 368388, 400457, 452136, 504145, 518518, 588058, 942225, 2116956, 3087463, 5557940]
12454	[240099, 627903, 1788904, 2219738, 2575101, 6063473, 7073224]
12462	[2264, 2725, 3682, 4205, 5873, 6273, 7552, 8760, 9706, 10263, 10429, 10552, 11737, 12136, 13911, 13932, 13999, 15165, 16748, 16963, 17035, 17641, 17743, 17967, 18547, 19768, 19802, 19849, 20957, 21703, 22854, 23394, 23446, 24167, 29936, 32550, 35022, 36214, 36628, 37224, 38863, 39294, 39769, 39771, 40346, 42488, 43745, 44581, 44952, 44955, 45301, 46720, 47742, 47946, 48245, 48865, 53259, 56348, 56594, 58574, 59804, 63617, 64801, 66261, 66373, 66843, 67807, 73689, 75922, 79790, 80121, 81599, 82033, 82822, 83740, 87079, 87643, 87721, 88595, 88630, 88701, 95512, 95886, 96774, 98545, 98684, 100118, 101028, 101096, 102419, 103010, 106306, 106870, 131994, 133213, 133854, 134820, 141873, 143887, 146490, 153823, 157990, 158190, 160130, 161957, 163832, 167751, 178572, 180517, 204952, 253528, 325530, 333076, 337011, 502745, 504145, 518518, 3087463]
12466	[2532, 2713, 17641, 23035, 66373, 98684, 146490, 703670]
12467	[10263, 12588, 59776]
12470	[3682, 10552, 11737, 17142, 31757, 35611, 36214, 37511, 47841, 47842, 48245, 51946, 58033, 58574, 67807, 75925, 86069, 86092, 87028, 88624, 88729, 92978, 92980, 102311, 107270, 109352, 133222, 133233, 133240, 145697, 148253, 149414, 149428, 158190, 168942, 186953, 190493, 190494, 190495, 190496, 190497, 196271, 246028, 246030, 280490, 393373]
12480	[1458, 1835, 3864, 4098, 11737, 12803, 13879, 13889, 13896, 13911, 16796, 17015, 17960, 21714, 22757, 38563, 39598, 48863, 56594, 63214, 67962, 71834, 75138, 75187, 76017, 76043, 78668, 86163, 86692, 86693, 86694, 86695, 86696, 86697, 86699, 90642, 99864, 100037, 108475, 120496, 157990, 190634, 304037, 416073, 675070, 769005, 7742596]
12481	[15974, 19761, 19796, 19800, 31759, 44955, 44956, 47202, 58574, 66842, 86868, 103693, 112897, 134149, 134296, 155091, 164618, 171123, 176147, 176227, 201878, 201880, 274225, 274226, 274227, 379759, 588229, 2201480]
12485	[1458, 3864, 4098, 13879, 13889, 13896, 16796, 17015, 17960, 21714, 39598, 63214, 67962, 71834, 76017, 76043, 78668, 86692, 86693, 86694, 86695, 86696, 86697, 86699, 90642, 99864, 100037, 190634, 304037, 675070, 769005, 7742596]
12494	[2264, 2725, 3682, 4205, 5873, 6273, 7552, 8760, 9706, 10263, 10552, 12136, 13911, 13932, 13999, 15165, 16748, 16963, 17035, 17743, 17967, 18547, 21703, 22854, 24167, 29936, 35022, 36214, 36628, 37224, 38863, 43745, 44581, 44955, 46720, 47742, 47946, 48245, 56348, 56594, 58574, 59804, 66843, 67807, 73689, 75922, 79790, 81599, 82822, 83740, 86163, 87643, 87721, 88595, 88630, 88701, 89292, 95886, 96774, 98545, 98684, 100118, 101028, 101096, 106306, 106870, 131994, 133213, 133854, 141873, 146490, 158190, 160130, 163832, 167751, 178572, 180517, 333076, 337011, 504145, 518518, 3087463]
12495	[19800, 55323, 82033, 164218, 878218, 878220]
12497	[106085, 138075, 138076]
12499	[95546, 296874, 304973, 375279]
12501	[9706, 11202, 12136, 18547, 21767, 26233, 54906, 180898, 192199, 251950, 340903, 965361, 965370, 1267508, 1551687]
12509	[175345, 276360, 4873592]
12513	[240099, 627903, 6056319, 7136643]
12517	[3461, 3682, 3865, 4205, 8760, 15974, 17957, 17967, 18980, 26641, 33202, 44955, 47202, 53971, 59804, 61269, 66385, 67036, 67807, 75922, 79103, 79131, 81599, 87149, 88606, 88701, 96774, 106306, 133213, 133321, 158190, 160499, 163832, 167079, 193603, 944035]
12526	[1243468, 2670507, 5743729]
12528	[2264, 3682, 4205, 5873, 6273, 7552, 8760, 10552, 12136, 13911, 13932, 13999, 15165, 16748, 16963, 17035, 17743, 17967, 18547, 21703, 22854, 24167, 29936, 35022, 36214, 36628, 37224, 38863, 43745, 44581, 44955, 46720, 47742, 47946, 48245, 56348, 56594, 58574, 59804, 66843, 67807, 75922, 79790, 81599, 82822, 83740, 87721, 88595, 88630, 88701, 89292, 95886, 96774, 98545, 98684, 100118, 101028, 101096, 106306, 106870, 131994, 133213, 133854, 141873, 146490, 158190, 160130, 163832, 167751, 180517, 333076, 337011, 504145, 518518]
12529	[1835, 2725, 3477, 4205, 4711, 5647, 5873, 6518, 7552, 8760, 9706, 10263, 10429, 11737, 13911, 13932, 13961, 13999, 15165, 15974, 15976, 16757, 17551, 17641, 17743, 18547, 18956, 19767, 19770, 19772, 19774, 19788, 19792, 19797, 19798, 19799, 19800, 19801, 19802, 19803, 19814, 19849, 20957, 21574, 21703, 21714, 22854, 26457, 27179, 28795, 29001, 31757, 31759, 32550, 32620, 32915, 35055, 35130, 36233, 36628, 37224, 37413, 37757, 39544, 39769, 39771, 41949, 42488, 42907, 44581, 44955, 45467, 47946, 47952, 53259, 55140, 55760, 56348, 57103, 57477, 60480, 63214, 64801, 65957, 66261, 66373, 66838, 67224, 74185, 75922, 76809, 79247, 80121, 82033, 82822, 86853, 87079, 87643, 87721, 88630, 88701, 88803, 89292, 90541, 96774, 98684, 98726, 103010, 106870, 107839, 108129, 108439, 120496, 127272, 133213, 134820, 138748, 141873, 143887, 146490, 151767, 152597, 153823, 154990, 157990, 161957, 169154, 170755, 173048, 178572, 215582, 221503, 222261, 238033, 253528, 269093, 287236, 325530, 344959, 504145, 518518, 877853, 1163777, 1375135, 3087463]
12530	[2725, 3477, 4205, 5873, 7552, 8760, 10263, 11419, 11896, 13151, 13932, 13999, 15885, 17641, 17743, 17827, 18547, 19814, 19849, 20957, 22854, 24221, 28795, 28875, 32550, 36628, 37757, 39769, 42488, 45467, 46373, 48440, 57103, 64801, 66261, 75922, 76809, 79433, 80121, 80501, 82033, 82822, 83630, 87079, 87643, 87721, 89633, 90541, 96774, 103010, 103687, 108129, 108439, 112154, 125410, 133213, 134820, 138556, 140646, 145071, 153823, 156351, 161957, 178572, 205734, 215582, 223473, 238033, 252122, 253882, 290448, 312337, 344959, 357116, 361711, 499468, 504145, 518518, 544309, 1173176, 1256293, 3087463]
12535	[7142, 32875, 231640]
12538	[1062980, 5631232, 5665881]
12543	[10589, 11419, 27518, 27986, 31929, 37111, 51946, 81836, 90251, 95886, 135191, 139984, 164322, 180119, 193603, 223473, 229194, 290448]
12544	[2264, 3682, 4205, 5873, 6273, 7552, 8760, 9706, 10263, 10429, 10552, 11737, 12136, 13911, 13932, 13999, 15165, 16748, 16963, 17035, 17641, 17743, 17967, 18547, 19768, 19802, 19849, 20957, 21703, 22854, 23394, 23446, 24167, 29936, 32550, 35022, 36214, 36628, 37224, 38863, 39294, 39769, 39771, 40346, 42488, 43745, 44581, 44952, 44955, 45301, 46720, 47742, 47946, 48245, 48865, 53259, 56348, 56594, 58574, 59804, 63617, 64801, 66261, 66373, 66843, 67807, 73689, 75922, 79790, 80121, 81599, 82033, 82822, 83740, 87079, 87643, 87721, 88595, 88630, 88701, 89292, 95512, 95886, 96774, 98545, 98684, 100118, 101028, 101096, 102419, 103010, 106306, 106870, 131994, 133213, 133854, 134820, 141873, 143887, 146490, 153823, 157990, 158190, 160130, 161957, 163832, 167751, 178572, 180517, 204952, 253528, 325530, 333076, 337011, 502745, 504145, 518518, 3087463]
12547	[11368, 1306485, 3585740]
12557	[1835, 3288, 3477, 3682, 4205, 6273, 7142, 8760, 10262, 10429, 11737, 13911, 15165, 15974, 17035, 17641, 17743, 18547, 19768, 19803, 20957, 21714, 23446, 35130, 36214, 36628, 38258, 39544, 39771, 40301, 43745, 44581, 44955, 46720, 47202, 47742, 47946, 48245, 48865, 56348, 56594, 60480, 63214, 63617, 64801, 66373, 66842, 67807, 67959, 73689, 77019, 79103, 79156, 79790, 81599, 83740, 93775, 95886, 98545, 98684, 100118, 101028, 101096, 103010, 106870, 107839, 109352, 112897, 120496, 133213, 141873, 143887, 146490, 157990, 158190, 170755, 183654, 198102, 214625, 344959, 504145, 518518, 822612]
12558	[5873, 13932, 13999, 19814, 45467, 51654, 66261, 75922, 82822, 87643, 96774, 101028, 176417, 176421, 215582, 234964, 650052]
12559	[15974, 19761, 19796, 19800, 44955, 44956, 66842, 86868, 103693, 134149, 134296, 155091, 171123, 176147, 176227, 201878, 201880, 379759, 588229, 2201480]
12562	[15974, 23190, 36202, 41265, 54305, 60776, 62261, 86069, 91656, 96490, 142108, 145483]
12564	[4205, 8760, 15974, 16127, 16757, 17551, 17743, 17967, 18547, 21704, 22164, 28795, 29936, 32915, 37224, 39294, 39544, 44955, 47202, 47952, 52318, 53259, 55760, 56348, 59804, 64801, 67958, 68674, 75922, 75928, 79103, 81599, 86075, 86853, 88630, 88701, 90541, 96774, 98886, 106306, 106870, 133213, 141873, 163832, 168370, 178572, 186266, 337011, 400457, 403149, 504145, 518518, 3087463]
12565	[82248, 229329, 255445, 432747, 709651, 1587488, 2014676, 2014677]
12569	[69135, 288305, 289117, 850478, 2249169, 3205259, 4824835, 4824837, 7588843]
12571	[1167263, 1794206, 3531400]
12572	[3477, 5647, 5873, 8760, 10263, 11419, 13932, 13961, 17641, 17827, 19731, 19814, 19849, 20185, 22854, 24221, 28875, 30415, 36628, 39769, 42488, 45467, 48440, 53801, 57103, 59776, 63318, 66261, 74185, 76809, 79949, 80121, 80501, 82822, 83630, 87643, 89633, 101028, 103010, 103687, 108129, 112154, 125410, 138556, 140646, 145071, 151145, 153823, 156351, 169154, 174890, 174904, 205734, 215582, 223473, 252122, 253882, 290448, 312337, 344959, 361711, 1173176, 1256293]
12574	[13999, 17743, 17971, 25767, 28795, 30542, 37224, 55760, 66261, 74185, 98886, 145072, 148765, 169154, 215582, 219292, 227463, 256267, 264674, 274371, 366450, 877853]
12575	[4097, 23190, 29237, 48865, 63617, 77019, 109352, 141891, 156815, 274800, 277324, 307913, 442081, 653824, 1150474, 1353621, 1395577]
12578	[31759, 61848, 351840, 1915720, 3715513, 3715519, 3715521]
12580	[228982, 228984, 231440, 281161, 317594, 426093, 1643315, 3160262, 4058029, 4972704, 4972705]
12581	[2532, 3288, 6274, 6720, 7142, 8600, 15977, 16794, 17413, 17743, 28795, 79963, 97320, 101114, 101256, 109352, 149487, 149489, 186266, 295137, 1431805]
12583	[2264, 3682, 4205, 5873, 6273, 7552, 8760, 10552, 12136, 13911, 13932, 13999, 15165, 16748, 16963, 17035, 17743, 17967, 18547, 21703, 22854, 24167, 29936, 35022, 36214, 37224, 38863, 43745, 44581, 44955, 46720, 47742, 47946, 48245, 56348, 56594, 58574, 59804, 66843, 67807, 75922, 79790, 81599, 82822, 83740, 87721, 88595, 88630, 88701, 95886, 96774, 98545, 98684, 100118, 101028, 101096, 106306, 106870, 131994, 133213, 133854, 141873, 146490, 158190, 160130, 163832, 167751, 180517, 333076, 337011, 504145, 518518]
12592	[5647, 10263, 13961, 19731, 19814, 20185, 30415, 36628, 45467, 53801, 59776, 63318, 79949, 83630, 101028, 151145, 174890, 174904, 253882, 361711]
12594	[5873, 7552, 13932, 19814, 26167, 42754, 45467, 57103, 76809, 82822, 87643, 87721, 106436, 147069, 298246]
12595	[3461, 3682, 3865, 4205, 8760, 17957, 18980, 26641, 33202, 53971, 59804, 61269, 66385, 67036, 67807, 75922, 79131, 87149, 88606, 88701, 96774, 133213, 133321, 158190, 160499, 167079, 193603, 944035]
12596	[1835, 5873, 7552, 12596, 13911, 13932, 17743, 19761, 23446, 28795, 30738, 41266, 44559, 46720, 48865, 63617, 77019, 79433, 82822, 87721, 138748, 160182, 221503, 253528, 264151, 325530, 822612]
12599	[2725, 3477, 4205, 5873, 7552, 8760, 10263, 11419, 13932, 17641, 17743, 17827, 18547, 19814, 19849, 20957, 22854, 24221, 28795, 28875, 32550, 36628, 37757, 39769, 42488, 45467, 48440, 57103, 64801, 66261, 75922, 76809, 80121, 80501, 82033, 82822, 83630, 87079, 87643, 87721, 89633, 90541, 96774, 103010, 103687, 108129, 112154, 125410, 133213, 134820, 138556, 140646, 145071, 153823, 156351, 161957, 178572, 205734, 215582, 223473, 238033, 252122, 253882, 290448, 312337, 344959, 361711, 499468, 504145, 518518, 1173176, 1256293, 3087463]
12606	[1835, 2264, 2265, 2532, 2713, 3288, 3470, 3477, 3682, 4099, 4205, 4800, 5873, 6270, 6273, 7142, 7552, 8729, 8760, 10262, 10429, 10552, 11737, 12136, 12834, 13911, 13932, 13999, 14683, 14898, 15165, 15266, 15974, 15975, 16748, 16757, 16963, 17035, 17641, 17743, 17960, 17967, 18547, 18984, 19587, 19767, 19768, 19772, 19792, 19802, 19803, 19814, 19849, 20957, 20991, 21703, 22164, 22854, 23394, 23446, 24167, 28332, 28384, 29936, 32550, 32915, 33196, 33203, 35022, 35055, 36214, 36238, 36628, 37224, 37413, 38258, 38863, 39294, 39544, 39769, 39771, 40301, 40346, 41266, 41644, 42488, 43745, 44581, 44952, 44955, 45301, 46720, 47202, 47742, 47946, 48245, 48863, 48865, 53259, 55140, 55760, 56348, 56594, 58574, 59804, 60480, 63617, 64789, 64801, 66261, 66373, 66842, 66843, 67807, 67958, 67959, 69151, 71785, 73689, 74073, 75922, 75985, 77019, 79103, 79156, 79790, 80121, 81599, 82033, 82822, 83740, 84666, 86075, 87079, 87721, 88595, 88630, 88701, 93775, 95512, 95886, 96370, 96774, 98545, 98684, 100118, 101028, 101096, 102419, 103010, 106306, 106373, 106870, 108129, 109352, 112897, 120496, 131994, 133213, 133854, 134285, 134820, 136272, 141873, 143887, 146490, 153823, 157990, 158190, 160130, 161957, 163832, 167751, 178572, 180517, 183654, 198102, 204952, 214625, 219986, 253528, 325530, 333076, 337011, 344959, 502745, 504145, 518518, 822612, 828156, 3087463]
12607	[17142, 31757, 35611, 36214, 58033, 75925, 87028, 88624, 88729, 102311, 133222, 133233, 145697, 149414, 168942, 186953, 190493, 190494, 190495, 190496, 190497]
12612	[45714, 58784, 255860]
12613	[5064, 13783, 15165, 17035, 19849, 23394, 24046, 30997, 49295, 74073, 80134, 169184, 171857]
12617	[1458, 3864, 4098, 13889, 16796, 17015, 17960, 21714, 39598, 63214, 71834, 76043, 78668, 86692, 86693, 86694, 86695, 86696, 86697, 86699, 190634, 304037, 7742596]
12619	[271379, 428582, 482373, 482374, 482375, 482376, 482377, 482378]
12622	[1835, 2264, 2725, 3470, 3477, 3479, 3682, 4205, 5873, 6273, 7552, 8760, 10262, 10263, 10429, 10552, 11737, 12136, 12834, 13911, 13932, 13999, 14683, 14898, 15165, 15266, 15974, 15975, 16748, 16757, 16963, 17035, 17641, 17743, 17960, 17967, 18547, 19768, 19772, 19792, 19802, 19803, 19814, 19849, 20957, 21574, 21703, 22164, 22854, 23394, 23446, 24167, 28332, 29001, 29936, 32550, 32915, 33196, 33203, 35022, 35055, 36214, 36628, 37224, 37413, 37757, 38258, 38863, 39294, 39544, 39769, 39771, 40301, 40346, 42488, 43745, 44581, 44952, 44955, 45301, 45467, 46720, 47202, 47742, 47946, 48245, 48865, 53259, 55140, 55760, 56348, 56594, 58574, 59804, 60480, 61848, 63617, 64789, 64801, 66261, 66373, 66842, 66843, 67807, 67958, 67959, 69151, 73689, 75922, 75985, 77019, 79103, 79156, 79790, 80121, 81599, 82033, 82822, 83740, 84666, 86853, 87079, 87643, 87721, 88595, 88630, 88701, 89292, 90541, 93775, 95512, 95886, 96774, 98545, 98684, 100118, 101028, 101096, 102419, 103010, 106306, 106870, 108129, 109352, 112897, 120496, 131994, 133213, 133854, 134820, 141873, 143887, 146490, 153823, 157990, 158190, 160130, 161957, 163832, 167751, 170755, 178572, 180517, 183654, 198102, 204952, 214625, 215582, 222261, 238033, 253528, 325530, 333076, 337011, 344959, 502745, 504145, 518518, 822612, 828156, 3087463]
12632	[17032, 17047, 21260, 32454, 38863, 51979, 68674, 71758, 74073, 95224, 108907, 128720, 136272, 137035, 170598, 176362, 368388, 452136, 942225, 2116956, 5557940]
12634	[3288, 6274, 8600, 15977, 17413, 17743, 28795, 79963, 97320, 101114, 101256, 109352, 149487, 149489, 186266, 295137, 1431805]
12636	[885234, 1243145, 3001743]
12641	[15885, 17743, 24221, 28795, 63019, 69722, 79751, 117224, 151313, 223131, 266699, 267675, 268131, 357116, 499468, 544309, 651756, 760706, 822679, 1659550]
12643	[340034, 725756, 725757]
12644	[135040, 177102, 419927, 441769, 1333386, 1831450, 2240557, 2246993, 3031401, 3066744, 3678120, 4712823, 5661748]
12646	[17531, 30724, 91803, 179874, 195433, 216832, 216934, 5524251]
12647	[139091, 1502889, 1665337]
12653	[15975, 16757, 17641, 17743, 17960, 17967, 18547, 19772, 19792, 28795, 32915, 37413, 40346, 51979, 53259, 66373, 75985, 79103, 81599, 98684, 143887, 146490]
12654	[89292, 109033, 195567, 223196]
12660	[56935, 303754, 457642]
12661	[17142, 35611, 36214, 58033, 75925, 87028, 88624, 88729, 133222, 133233, 145697, 149414, 168942, 186953, 190493, 190494, 190495, 190496, 190497]
12662	[12834, 13408, 13999, 14185, 15266, 16757, 17035, 17640, 18547, 21574, 26233, 28754, 29001, 32915, 36807, 39779, 45115, 46373, 53259, 64801, 64802, 65680, 66261, 66302, 73689, 77508, 80501, 83080, 83146, 85897, 89292, 98684, 103458, 146490, 180517, 215582, 242415, 504145, 518518]
12665	[2713, 3477, 4205, 6273, 8760, 10429, 11737, 13932, 15165, 16757, 17641, 17743, 17967, 18547, 19768, 19798, 19802, 19803, 19814, 22854, 23394, 28795, 32915, 37413, 39294, 39771, 40346, 42907, 43745, 44952, 45301, 45467, 53259, 56348, 64801, 66373, 74073, 79103, 79790, 81599, 82822, 95512, 98684, 100118, 101096, 102419, 103010, 108129, 133213, 141873, 143887, 146490, 157990, 161957, 204952, 253528, 325530, 344959, 502745, 504145, 518518]
12666	[3461, 3865, 4205, 8760, 17957, 18980, 26641, 33202, 53971, 61269, 66385, 67036, 75922, 79131, 87149, 88606, 88701, 96774, 133213, 133321, 160499, 167079, 193603, 944035]
12667	[10263, 10933, 11896, 13151, 17551, 17641, 19770, 23190, 24495, 39771, 42488, 48440, 48865, 60480, 63082, 63617, 66373, 79156, 90541, 98684, 103687, 106870, 113655, 125410, 136704, 143887, 146490, 168370, 178572, 186450, 192160, 193631, 219986, 253528, 267138, 269093, 271626, 282897, 325530, 415552, 659677, 3087463]
12675	[73721, 627903, 707717, 2973754, 3533476, 3971492, 6005705]
12681	[21979, 26168, 32620, 44578, 96956, 98886, 318277]
12684	[194456, 240454, 1541935]
12686	[10589, 27518, 27986, 31929, 37111, 51946, 81836, 90251, 95886, 135191, 139984, 164322, 180119, 193603, 223473, 229194, 290448]
12687	[79949, 249597, 5686398]
12688	[3477, 5873, 8760, 10263, 11419, 13932, 17641, 17827, 19814, 24221, 28875, 45467, 57103, 80501, 82822, 83630, 87643, 89633, 103010, 103687, 112154, 138556, 140646, 145071, 156351, 205734, 223473, 252122, 253882, 312337, 361711, 1173176, 1256293]
12694	[18547, 37806, 53801, 81364, 91803, 196881, 217506, 252914, 476839]
12695	[4097, 23190, 29237, 77019, 109352, 141891, 156815, 274800, 277324, 307913, 442081, 653824, 1150474, 1353621, 1395577]
12705	[15885, 24221, 28795, 63019, 69722, 79751, 117224, 151313, 223131, 266699, 267675, 268131, 357116, 499468, 544309, 651756, 760706, 822679, 1659550]
12706	[10429, 15165, 15974, 15976, 19770, 19772, 19774, 19792, 19797, 19798, 19799, 19800, 19801, 19802, 19803, 27179, 31759, 44955, 88803, 98726, 152597]
12708	[12834, 13408, 14185, 15266, 17035, 17640, 18547, 21574, 26233, 28754, 29001, 36807, 39779, 45115, 46373, 64801, 64802, 66261, 66302, 73689, 77508, 80501, 83080, 83146, 85897, 89292, 98684, 103458, 146490, 215582, 242415]
12709	[1835, 2264, 3682, 6273, 7552, 8760, 10552, 12136, 13911, 13999, 15165, 15974, 16748, 16963, 17035, 17743, 17967, 21703, 24167, 29936, 35022, 36214, 37224, 38863, 43745, 44581, 44955, 47202, 47742, 47946, 48245, 55760, 56348, 56594, 58574, 59804, 66843, 67807, 75922, 79103, 79156, 79790, 81599, 83740, 88595, 88630, 88701, 95886, 96774, 98545, 98684, 100118, 101096, 106306, 106870, 120496, 131994, 133854, 141873, 146490, 157990, 158190, 160130, 163832, 167751, 180517, 333076, 337011]
12710	[3422, 4654, 11290, 13889, 16678, 16794, 17531, 17743, 35347, 68203, 82112, 143947, 295137, 416073]
12711	[13999, 17743, 17971, 25767, 30542, 74185, 145072, 148765, 169154, 219292, 227463, 256267, 264674, 274371, 877853]
12713	[310136, 1382366, 1446579, 1463492, 1574540, 1574542, 2547345, 3273741, 3582609, 3598820, 4183178]
12720	[15974, 19761, 19796, 44955, 44956, 66842, 86868, 103693, 134149, 134296, 171123, 176147, 176227, 201878, 201880, 379759, 588229]
12721	[3477, 8760, 13961, 41949, 44581, 66838, 79247, 82033, 86853, 103010, 138748, 173048, 238033, 287236, 1375135]
12722	[7552, 12596, 13932, 30738, 41266, 44559, 77019, 79433, 82822, 138748, 160182, 221503, 253528, 264151]
12725	[1946109, 1946110, 1946112, 1946114, 1946115, 1946116, 1946117, 1946129, 2417881, 2417973, 2417974, 2417975, 2835894, 3361789, 6745976]
12727	[15529, 173125, 910684]
12734	[598078, 643642, 644200, 644342, 1117127, 1171439, 1717173, 1717175, 1821821, 2031734, 2366301, 2366377, 3131890, 3563693, 3570888]
12735	[153980, 2463183, 3096491, 5338107]
12740	[9221, 14213, 17819, 31121, 65680, 157367, 180898, 403689]
12742	[12834, 13408, 14185, 15266, 17035, 17640, 18547, 21574, 26233, 28754, 29001, 36807, 39779, 45115, 46373, 64801, 64802, 66261, 66302, 73689, 77508, 80501, 83080, 83146, 85897, 103458, 146490, 242415]
12746	[2419480, 2419482, 2419483, 2419484, 2419485, 2419486, 2419487, 2419488, 2419489, 2419490, 2419491, 2419492, 2419493]
12751	[5064, 13783, 17035, 19849, 23394, 24046, 30997, 49295, 74073, 80134, 169184, 171857]
