1	[55080, 83904, 166320]
10	[32201, 179366, 228408]
29	[76028, 177340, 207945, 899517]
30	[16406, 6181509, 6181511]
56	[184439, 184440, 184441, 184712]
59	[153980, 170355, 410038]
366	[76028, 110593, 732482]
527	[10081, 5455066, 7262188]
528	[15900, 61499, 1736801]
540	[32181, 109661, 188810]
676	[347276, 1059683, 2035499]
771	[154028, 1043775, 1132706]
819	[3865, 872312, 1421378]
820	[430553, 630957, 2360753]
1020	[84643, 182998, 1728735]
1022	[10360, 256779, 256780]
1046	[235031, 235032, 235033]
1050	[191271, 926682, 1781229]
1053	[32191, 32192, 91511]
1069	[41408, 474083, 728829]
1092	[13774, 830694, 894994]
1172	[10360, 256777, 256782]
1294	[29936, 323172, 950650]
1321	[48392, 48413, 84101]
1556	[10552, 17589, 107598, 1337172]
1580	[17546, 370971, 1211833]
1627	[7027, 60316, 274718]
1680	[26050, 211886, 1317839]
1728	[3476, 121607, 916708]
2272	[3474, 42180, 194498]
2394	[3898, 11201, 637432]
2867	[1835, 324987, 457786]
3181	[391, 187134, 190997]
5120	[2725, 30146, 421723]
5679	[2705, 59247, 4961642]
7371	[1425, 132714, 178941]
8596	[634, 10363, 16388, 23859, 37749, 105272, 105273, 363512]
8760	[2266, 97835, 386320]
8885	[634, 10363, 16388, 23859, 37749, 60149, 105272]
10849	[2725, 9772, 204965]
13480	[2704, 29001, 4053754]
13489	[391, 99731, 123904]
15485	[868, 1705, 17928, 47677]
15780	[78, 83723, 241833]
15987	[2604, 79579, 1411691]
16153	[2264, 52771, 56348]
16411	[3474, 38258, 104664]
16579	[402, 230534, 358880]
16812	[868, 1409977, 1409978]
16848	[2689, 17960, 33281]
16954	[40346, 67070, 86163, 245159]
17654	[1126, 32381, 113284]
18252	[3898, 3909, 31753]
18509	[584, 91322, 94860]
20645	[4800, 5310, 6714, 7256, 8024, 8760, 30542, 63462]
20694	[391, 15791, 26453]
20798	[905, 25198, 28884, 30605, 30606, 77775, 91635, 124526, 279860]
20910	[484, 431734, 522102]
21195	[12879, 75468, 141461, 169284, 528556, 603279, 611884, 612070]
21521	[240099, 423743, 627903, 6248712, 6402299]
22119	[484, 12551, 15560, 27010, 49982, 62925, 75327, 75356, 76974, 79687, 80079, 84451, 84452, 95992, 149789, 188911, 204674, 232618, 236331, 266351, 328969, 356172, 356173, 356174, 356175, 368060]
22199	[2713, 16127, 112966]
22200	[634, 23858, 23859, 105272]
22711	[2755, 12716, 44581]
22989	[423743, 627903, 1788897, 4329770, 6402299]
23238	[5873, 29947, 35328, 78003, 142962, 153757, 155978, 198937, 200818, 223296, 355360, 377693, 439801, 455729, 455730, 1780232]
23264	[29947, 35328, 78003, 142962, 153757, 155978, 198937, 200818, 223296, 355360, 377693, 439801, 455729, 455730, 1780232]
23275	[325419, 325421, 491206, 495157, 890021, 1253996, 1253997, 1601120, 1833759, 2050141, 2431339, 2431340, 2431341, 2431343, 2431345, 2431350, 2431353, 2431354, 2431355, 2431363, 2431366, 2431370]
23285	[53441, 83018, 236159, 264979, 282896, 324969, 362878, 1633507, 1730443, 1730444, 1730445, 4347672]
23290	[36221, 36232, 69151, 105115, 105116, 240974, 250185, 256573, 1135645, 1377255]
23293	[24423, 79589, 100481, 124203, 342316, 357230, 401213, 710500, 826402, 1005840, 1103333, 1103353, 1256144, 3662117, 3662119, 3662122, 3662123, 3662124, 6195942, 6195943, 7381962]
23296	[2266, 17971, 59556]
23301	[1552, 6089, 6713, 7396, 17785, 25946, 37447, 47851, 58938, 69365, 163126, 367533]
23309	[10360, 12007, 12974, 14974, 42419, 89336, 104934, 162989, 187774, 187775, 187776, 187777, 197325, 198788, 198887, 220812, 281270, 1608387]
23310	[36232, 105116, 118070, 181281, 240974, 1135645, 1377255]
23316	[204106, 448829, 527131, 715265, 1390541, 2849334, 2913481, 4334787, 4349334, 4790646, 4790647, 4790648, 4790649, 4790651, 4790652, 5179877]
23317	[3550, 15629, 211882, 227752, 265350, 318268, 318269, 318270, 318271, 318272, 318273]
23331	[3924, 31617, 33708, 143941, 167516, 222632, 248560, 339679, 394622, 396303, 939252, 1219428, 1330474, 1491940, 1912649, 2270469]
23342	[593, 132133, 322000, 351845, 351846, 2524776, 4381319]
23343	[4666614, 4666615, 4666616, 4666617, 4666618, 4666619, 4666620, 4666621, 4666622, 4666623, 4666624, 4666625, 4666626, 4666628, 4666629, 4666630, 4666631, 4666632, 4666633, 4666634, 4666635, 4666636, 6447219]
23345	[76027, 159181, 184430, 185687, 185689, 185690, 185717, 185720, 187016, 187072, 193252, 193253]
23347	[31230, 79282, 552556, 1400711, 1400715, 1401283, 1401286, 1738632, 2930233, 2936975, 2936976, 2936977, 2936978, 2936979, 2936981, 2938628]
23349	[1536940, 3083375, 3338494, 3498457, 4577429, 4714892, 4714894, 5610926, 5610929, 5613560, 6527804, 6625307, 6887370, 6887371, 6887372, 6887375]
23350	[2447, 7165, 102293]
23360	[1561, 3750, 8292, 30277, 34510, 258903, 271691]
23361	[109928, 115746, 137927, 170754, 400729, 707696, 1076529, 1419310, 1440943]
23369	[16622, 38716, 57393, 67592]
23395	[19799, 23510, 36228, 36232, 36242, 37222, 69151, 78548, 88821, 98625, 100713, 105114, 105115, 105116, 106993, 118070, 155606, 224077, 230231, 240974, 250185, 250204, 256573, 256574, 395374, 1135645, 1377255]
23398	[236311, 516651, 1142751, 1941801, 2129731, 5465169, 5633665, 5633667, 5633668, 5633669, 5633670, 5633671, 5633673, 5633674, 5633676]
23399	[7289, 24700, 207960, 245184, 390079, 610322, 701768, 817792, 926613, 926616, 926618, 926619, 926621, 928299, 1173501, 3996789, 6677623]
23405	[10785, 14362, 47572]
23411	[651294, 651298, 651299, 1306791, 2121978, 2456149, 2786166, 2791990, 2829995]
23416	[1279, 25629, 29337, 41850, 53010, 105826, 110311, 189173]
23420	[1489, 3165, 5640, 5788, 49476]
23422	[851101, 1203854, 1335888, 1806016, 2151966, 4492015, 6476047, 6476048, 6476049, 6476050, 6476051]
23426	[148867, 167263, 236852, 236855, 241321, 242643, 296931, 296934, 296938, 526261, 545926, 549453, 549454, 549455, 549456, 1769567]
23436	[11737, 21700, 65670, 177189, 177190, 787097, 1473122, 4861766]
23438	[6921, 7425, 28122, 36936, 58022, 61612, 67311, 68345, 98805]
23442	[44118, 134059, 263663, 265435, 336460, 748376, 891133, 1366920, 1366921, 1481553]
23446	[661, 179384, 180270, 198359, 202316, 210568, 214402, 214803, 292033, 316167, 333208, 354392, 449090, 455584, 492198, 497514, 506904, 515289, 529706, 635315, 1305266, 6243491, 6257635, 6257636, 6257637, 6257638]
23448	[24120, 148926, 195813, 252264, 316203, 495743, 692259, 1010102, 1359617, 1366882]
23455	[174246, 177201, 178563, 234096, 234098, 234101, 236735, 645014]
23456	[65707, 550426, 585580, 632722, 632723, 717476, 717477]
23465	[583710, 611137, 1344448, 4005805, 4600809, 5588491, 5588492, 5603111, 5642891]
23466	[14975, 14977, 107946, 530044, 874235, 1038558, 5726222, 5726223, 5726224]
23473	[41450, 41573, 77503, 91343, 91856, 104782, 150990, 238654, 248669, 359994, 359995]
23477	[98874, 302018, 319972, 593647]
23478	[15262, 254970, 334281, 349171, 553482]
23482	[112755, 285653, 465477, 1044884]
23490	[1346347, 2710425, 2842525, 3100875, 4114676, 4114677, 4114679, 4114680, 4114681, 4114682, 4114684, 4114685, 4114686, 4114687, 4114688, 4128258]
23492	[275297, 325292, 446759, 613070, 4199112, 4199113, 5126741, 5126742, 5126743, 5126744, 5126745]
23502	[308820, 366837, 978778, 1068675]
23508	[188911, 516681, 516682, 1338098, 1338100, 1783360, 1854799, 4141994]
23512	[119285, 267011, 296782, 368170, 394306, 408781, 519029, 615549, 1045669, 1063074]
23514	[511698, 547660, 719615, 737070, 1071474, 1207896, 1611474, 2952189, 5053103, 7229738]
23522	[26044, 59888, 111939, 175936, 188132, 191117, 200630, 272271, 337993, 430229, 3169999, 3170002]
23525	[67360, 93674, 253349, 290118, 322356, 377370, 516519, 559443, 590751, 719840, 720692, 720696, 720698, 720702, 1343876]
23530	[2266, 3288, 64675, 100591, 191329, 191330, 292376, 292385, 321331, 707468, 899311, 1968097]
23534	[35601, 58981, 303402, 924458, 1519336, 2415945, 2478967, 2750795, 3538642, 3567905, 3699996, 3699998]
23536	[4800, 5310, 6270, 6714, 7256, 8024, 8760, 12686, 30542, 38863, 63462]
23546	[164805, 282112, 2614782, 2695957, 3779421, 3990793, 4311146, 4724119, 5078496, 5351287, 5351331, 5351332, 5351333, 5905010, 6285184]
23557	[84675, 209808, 364124, 936241]
23563	[4091, 7702, 13932, 28209, 30288, 31791, 32429, 36621, 46373, 52939, 59225, 67260, 100405, 120883, 157402, 165106, 447529, 926661, 1283504]
23567	[49223, 84795, 117571, 835339]
23571	[171151, 269536, 286019, 293248, 307554, 366419, 1317240, 2121485, 6215287, 6215288]
23572	[19762, 19781, 19800, 36195, 36229, 36240, 102318, 134002, 155505, 321652, 787097, 2218858]
23576	[11614, 57921, 79248, 99731, 129209, 195617, 254669, 254671]
23580	[19799, 23510, 36228, 36232, 36242, 69151, 78548, 88821, 98625, 100713, 105114, 105115, 105116, 106993, 118070, 155606, 224077, 230231, 250185, 250204, 256573, 256574, 395374]
23583	[329694, 662177, 3021489, 4045674, 5157000, 5157001]
23585	[10988, 39670, 87814, 148530, 148531, 148541, 160189, 176562, 330499, 555353, 628033, 628034]
23617	[28444, 43956, 76634, 100031, 104616, 106452, 133213, 262111]
23628	[1196, 6876, 7254, 7397, 7540, 7672, 15810, 38319, 70440, 70965, 200297]
23634	[1563732, 3062794, 3062795, 3062796, 3062797, 3062798, 3062799, 3062800, 3062801, 3062802, 3062803, 3062804]
23639	[1781, 2914, 4800, 4970, 7028, 7289, 12136, 14457, 14465, 16735, 17550, 17852, 21940, 30915, 32429, 34547, 36246, 46233, 51324, 69495, 74549, 81013, 105450, 254404, 284530, 347589]
23647	[176185, 201878, 246232, 380875, 503126]
23656	[28444, 36204, 103133, 129889, 136523, 298178, 298180, 298182, 383721, 2703069, 2703070, 2703071]
23658	[4878, 16399, 21247, 21249, 21250, 21251, 21252, 49833, 72173, 72182, 107175, 248982, 280958]
23665	[64675, 100591, 191329, 191330, 292376, 292385, 321331, 707468, 899311, 1968097]
23666	[149175, 161135, 1588425, 2191119, 4031051, 4031052, 4031053, 4031054, 4031055, 4031056, 4031057, 4031058]
23673	[2709, 31127, 31134, 50320, 73721, 156828, 156829, 209415]
23679	[27853, 42757, 298406]
23680	[240099, 423743, 627903, 846450, 2459120, 4951168, 6054468, 6248712, 6402299, 6968820]
23683	[155380, 273311, 531528, 1122053, 1543577, 1766331, 1778272, 1778273, 1778274, 1778275, 1778276, 1868752]
23712	[3541, 666253, 801919]
23726	[77749, 835042, 872622, 902477, 1036701, 1098524, 1106007, 1239705]
23727	[2266, 64664, 117224]
23728	[131509, 259927, 288049, 431368, 1567577, 1579360, 2333325]
23729	[19763, 31116, 58574, 69373, 82356, 87640, 115984, 149428, 945160, 2165337, 6503715]
23749	[3475124, 4037136, 4084273, 4385110, 4403502, 4403503, 4403504, 4403505, 4403515, 4886529, 6129541, 6129542]
23754	[34155, 126060, 150596, 315579]
23756	[238465, 327840, 402685, 1273555, 1624264, 1624265, 1624266, 1624267, 1624268, 1624269, 1624270]
23761	[22946, 115467, 439843, 518527, 729644, 729646]
23773	[98168, 202625, 309601, 309602, 309603, 309604, 309605, 484156, 484157, 564519, 5282050, 5282051, 5282052]
23776	[7376, 16996, 22009, 42968, 75922, 79108, 89377]
23781	[21373, 42980, 43317, 72898, 83543, 85616, 112897, 1278400]
23799	[32200, 32201, 32204, 32205, 167216, 1397519, 1397522]
23801	[199591, 485951, 485952, 1393177]
23820	[240099, 423743, 627903, 846450, 1788897, 2219738, 2459120, 4329770, 4951168, 6054468, 6248712, 6402299, 6968820]
23828	[342314, 424754, 596452]
23851	[1031, 300304, 336158, 1425539, 2584882, 2584884, 2584885, 2869489, 6886977]
23855	[2053, 2784, 13190, 33522]
23869	[634, 10363, 16388, 23859, 37749, 105272]
23879	[2588, 2916, 14905, 31127]
23880	[51067, 388685, 1153346, 1433172]
23890	[753178, 775527, 805183, 895504, 936109, 1487351, 1488585, 3377367, 3622759, 4174911]
23891	[5759, 7177, 102805, 180252, 367533]
23892	[168680, 185003, 196878, 212520, 242462, 290202, 418248, 427096, 1743838]
23897	[1070492, 1070493, 1070494, 1070495, 1070496]
23898	[167462, 212264, 212287, 350270, 459730, 772759]
23902	[905, 25198, 28884, 30605, 30606, 77775, 91635, 124526]
23903	[8958, 21327, 30433, 56213, 106451, 108732, 113596, 1419570]
23911	[659, 4655, 11606, 24423, 26220, 26732, 44404, 71984, 84050]
23922	[149175, 161135, 1588425, 4031051, 4031052, 4031053, 4031054, 4031055, 4031056, 4031057, 4031058]
23923	[4878, 7542, 24336, 26212, 29040, 32633, 61730, 98744]
23924	[192289, 240673, 240674, 2386865]
23926	[7659, 60121, 315579, 587281]
23928	[621599, 994461, 1368466, 1370922, 1690842, 3746665]
23935	[565465, 822546, 855949, 2015354, 3336239]
23938	[192909, 998147, 2446307, 2446308]
23939	[253939, 297510, 399774, 410747, 955647, 1005496, 1281703, 2465085, 3132454]
23943	[1060417, 1589328, 1589329, 2506030]
23944	[124445, 327994, 465591, 1141896, 1436494, 1595458, 1595459]
23953	[656, 1141, 3177, 4978, 7663, 29926, 56530, 65013, 117993, 293026, 561136, 668431]
23968	[65814, 92244, 403730, 750461, 1140376, 1447778, 1447779]
23981	[155327, 160475, 229726, 269102, 284321]
23982	[13961, 31791, 43793]
23996	[43405, 199088, 935395, 2571149, 2571150, 2571152, 2571153, 4657657, 5142637]
24013	[423934, 670236, 1267712, 1765237, 5912691]
24025	[2184, 2940, 4978, 8266]
24033	[3477, 325356, 824759, 1039270, 1112064]
24034	[64664, 88451, 378062, 429106, 1695587, 2084904, 3278482, 3613118, 7520893]
24038	[2965, 56167, 228032]
24044	[659, 4655, 11606, 24423, 26220, 26732, 44404, 71984]
24051	[356612, 423749, 789790, 948683, 961420, 1031007, 1788904, 3382028]
24064	[84643, 322260, 420276, 502092, 1428620, 3342814, 3906346, 5301889]
24073	[98144, 176485, 191896, 198459, 198460]
24082	[122334, 146923, 166857, 193604, 288003]
24088	[1781, 2914, 4800, 4970, 7028, 7289, 12136, 14457, 14465, 16735, 17550, 17852, 21940, 30915, 32429, 34547, 36246, 46233, 51324, 69495, 74549, 105450, 254404, 284530, 347589]
24099	[13013, 27178, 33155, 36237, 70152, 98365, 112052, 196724, 265093, 338747]
24111	[53807, 128012, 175006]
24112	[14111, 83223, 105272, 153192, 214157, 273630, 2326630]
24113	[46768, 53857, 62427, 85535, 102285, 237538, 930705]
24118	[10383, 10390, 12209, 28972]
24124	[12209, 66302, 68855, 262940, 1431384]
24138	[19584, 22854, 723315, 884339, 1602494]
24142	[111308, 202175, 207960, 1152397]
24155	[2265, 101096, 198102]
24166	[12551, 15559, 15562, 26101, 62932, 82598, 82599, 82600, 82601, 82602, 82606, 82607, 82616, 82628, 135202, 2908184, 7467540, 7467541]
24168	[38432, 52126, 53275, 55941, 55942, 56549, 57613, 69132, 74417, 81368, 99144, 118908, 125876]
24171	[77222, 422068, 1154520, 3281370]
24186	[1085635, 2514739, 2627575, 4027458]
24189	[2713, 6714, 41266, 68674]
24190	[54399, 149153, 189654, 189655, 621713, 2342406]
24192	[285616, 523138, 1040505]
24198	[364993, 532598, 638839]
24200	[1986633, 3631644, 4875453]
24208	[478930, 478933, 661002, 710748, 999936, 999937]
24216	[343401, 4375377, 4375378]
24224	[359457, 407932, 423943, 425814, 586083, 3054089, 4402031]
24248	[52456, 257577, 2959167]
24253	[12974, 222877, 222878, 804863]
24267	[48275, 132317, 322000]
24272	[2187, 2714, 2725, 29823, 58150]
24277	[71634, 94581, 94582, 2956014, 4159878]
24288	[7669, 24851, 860109]
24293	[6876, 23606, 108729, 142347]
24294	[14560, 272227, 1225562]
24300	[36544, 44646, 44647, 44649, 44650, 44913, 283564]
24302	[6082, 18562, 21217, 27487, 31035, 36957, 49930, 55820, 90537, 95655, 95656, 286521, 782297, 5711911]
24309	[1100, 17769, 229919, 355971]
24317	[89245, 89255, 383173]
24325	[15751, 25496, 36563, 182862, 3326229]
24334	[7659, 46768, 88417, 279743, 629013, 2607592]
24343	[1103, 3258, 3330, 5640]
24346	[34465, 101988, 233005, 348286]
24348	[2266, 35055, 79103, 220048]
24367	[2710, 14485, 44608, 60480]
24371	[18036, 21242, 28122, 31129]
24372	[542411, 1719470, 1719472]
24374	[35342, 36221, 36232, 69151, 105115, 105116, 181281, 240974, 250185, 256573, 1135645, 1377255]
24378	[38432, 52126, 53275, 55941, 55942, 56549, 69132, 74417, 99144, 118908, 125876]
24383	[88270, 250201, 338775]
24393	[868, 2977, 3868, 4871, 21475]
24396	[4654, 8760, 106460]
24401	[37956, 214376, 229368]
24406	[871, 1160, 4835, 5280, 5281]
24418	[2108, 269253, 287001]
24421	[24503, 73194, 73195, 151145]
24424	[490168, 751659, 1793332, 2497179]
24428	[29462, 50944, 223013, 2013657, 4798309]
24441	[83232, 201632, 225163, 225164, 225167, 225168, 316791, 316795, 317421, 403158, 464719, 476063, 494377, 555698, 568964, 1375171]
24460	[318641, 4736588, 4736590]
24464	[19766, 19783, 29936, 36228, 60525, 98364, 98603, 111795, 144274, 155505, 189074, 280785, 401173, 402360, 487235, 1039680, 1039681]
24467	[29718, 63552, 110862, 135170]
24468	[83192, 281192, 421915, 706252]
24474	[1830, 4711, 11449, 13932, 19814, 22193, 28209, 28795, 67260, 209958]
24477	[407746, 2078149, 3054678]
24479	[146059, 158787, 385627]
24484	[69334, 97034, 187011, 395413]
24486	[32381, 72655, 213421, 824974]
24491	[542034, 1498963, 1498964]
24498	[38432, 52126, 53275, 55942, 56549, 57613, 69132, 74417, 81368, 99144, 125876]
24515	[6212, 13949, 246950]
24533	[75922, 106449, 1084760]
24543	[544688, 544690, 3500910]
24549	[69370, 134975, 709608]
24550	[15751, 21373, 35342, 36221, 36232, 45032, 69151, 70062, 99485, 105114, 105116, 181281, 240974, 250185, 256574, 337455, 1135645, 1278400, 1377255, 1844623]
24557	[2755222, 4051838, 5399549]
24561	[42968, 173847, 204829]
24566	[92239, 153300, 176253, 207969, 451845]
24570	[273276, 330335, 1815007]
24577	[124169, 351449, 700488]
24606	[2914, 3352, 5985, 7291, 10357, 14457, 17546, 18143, 21295, 26044, 29936, 34276, 41182, 43317, 53486, 62427, 69722, 74549, 130817, 180552, 209736, 6189612]
24610	[4119, 10643, 105448]
24614	[32201, 32204, 32205, 167216, 1397519, 1397522]
24615	[24851, 40471, 46768, 47950, 74337, 164022]
24618	[13932, 79470, 97463, 290279]
24620	[5203854, 6420584, 6420585, 6420586]
24621	[72407, 561779, 7759292]
24632	[5545, 2489476, 2489478]
24644	[24606, 47946, 184046]
24664	[8405, 39715, 47010]
24665	[3478, 12097, 19587, 25259, 32620, 40155]
24668	[240034, 668621, 1567693]
24670	[429362, 1340480, 5554899]
24673	[403020, 998627, 1075462]
24677	[649, 789, 946, 1781, 1830, 2604, 2692, 3178, 3868, 4033, 4091, 4158, 4711, 4800, 4970, 5064, 5310, 5829, 6004, 6270, 6714, 7028, 7142, 7177, 7253, 7256, 7289, 8024, 8760, 10783, 11449, 12137, 13196, 13820, 13932, 14099, 14457, 14465, 14472, 14482, 15169, 17035, 17550, 17852, 18726, 21373, 21910, 21940, 22193, 24495, 28209, 28795, 28876, 29234, 30024, 30542, 30915, 30918, 31011, 31146, 31526, 32411, 34074, 34547, 34568, 36246, 36547, 38863, 39736, 41767, 43733, 46233, 46281, 47742, 48019, 49529, 51324, 55799, 56933, 65819, 67042, 67260, 72308, 72898, 73725, 81364, 90168, 93065, 96826, 98545, 105450, 129160, 138685, 169154, 207982, 209958, 228032, 254127, 284530, 387489, 466703, 722977, 1278400]
24681	[47872, 98807, 1601076, 1617473]
24685	[292140, 436852, 687804]
24686	[319972, 833604, 1474973]
24689	[10290, 18844, 437901, 782257]
24691	[32199, 212010, 216138, 421183, 828407]
24695	[535759, 1103505, 4158172]
24697	[394292, 499861, 1236351, 1836481, 2112449, 2138388, 2294776, 3890865, 6455775, 6455776, 6455777, 6455778, 6455779, 6455780, 6455781, 6455782, 6455783, 6455784, 6455785, 6455786]
24700	[5985, 10262, 22061, 381783]
24702	[17783, 17945, 21587, 22314]
24706	[310649, 651426, 2164084]
24707	[74213, 246639, 255137]
24716	[133195, 271731, 2288815, 4990060]
24726	[28198, 71559, 85314]
24727	[75336, 234422, 258393, 258394]
24729	[446458, 533580, 728837, 796087, 891538, 891539, 891540, 966140, 966189, 1019293, 1657204, 1858404, 1893939]
24732	[4868, 26535, 31580, 100358]
24747	[5372, 9074, 12136, 57639, 57640, 69495]
24761	[196415, 196416, 196417, 196418]
24762	[659, 751, 2521, 2692, 2749, 2967, 3178, 4522, 4533, 5817, 6092, 6212, 7253, 7257, 7280, 7619, 7662, 7690, 8266, 9496, 12137, 12339, 13190, 13196, 14457, 14467, 14469, 14472, 14484, 14658, 14799, 14894, 16430, 17781, 17852, 18726, 20700, 21940, 22333, 29234, 29926, 31035, 32166, 34074, 34547, 36246, 38417, 44666, 46281, 53857, 55569, 55799, 57587, 58940, 59632, 63122, 67309, 72405, 72695, 72898, 75187, 75212, 77774, 194667, 228032, 251172, 284530, 311079, 466703, 499264, 601503]
24770	[75355, 570955, 2103143]
24773	[92245, 747995, 1433162]
24800	[2921, 109384, 109385, 109387]
24803	[236170, 1267777, 1483497]
24804	[131044, 195181, 3915056]
24837	[3014, 28320, 413087]
24847	[1761528, 1761529, 1761530]
24860	[789, 2692, 7289, 12137, 21910, 32411, 35073, 98545]
24870	[172673, 222633, 653900, 657351]
24871	[216598, 467982, 611192, 2091691]
24880	[144791, 844478, 1692800]
24887	[47872, 99696, 197660, 296586, 308247, 897704]
24896	[476791, 476792, 476794]
24899	[14466, 42895, 63595, 366441]
24907	[3839940, 3839941, 3839942]
24925	[1031800, 1425744, 1425745]
24927	[28628, 73921, 229726, 1472776]
24930	[4158, 4800, 5064, 13820, 14465, 23825, 28876, 29022, 30021, 30023, 30093, 31526, 41441, 66025, 73194, 90153, 95220, 253234, 627000]
24935	[2695, 2977, 3868, 4871, 50622, 50623]
24944	[152951, 152952, 2131523]
24953	[175737, 267853, 274209, 796315]
24955	[4063, 11419, 54286]
24960	[203916, 273064, 426630, 1873081]
24964	[54233, 83081, 360837]
24966	[4970, 79158, 79159]
24974	[40467, 51419, 221318, 510224]
24979	[3476, 76359, 162861]
24981	[7028, 139669, 155327]
24991	[1000739, 1253221, 3371226, 4249896]
25004	[120583, 136328, 136329, 136330, 166857]
25009	[6270, 16678, 17551, 46373, 75985, 267854]
25015	[7662, 58533, 77307]
25016	[31227, 91721, 100113]
25017	[79911, 95087, 95094, 95124]
25023	[197435, 252045, 900001]
25024	[4205, 336175, 363111]
25033	[14457, 27199, 82993, 735137]
25034	[129451, 499292, 615348]
25037	[7193808, 7193809, 7401475]
25044	[149175, 161135, 4031051, 4031052, 4031053, 4031054, 4031055, 4031056, 4031057, 4031058]
25046	[2713, 24046, 44581]
25048	[3479, 62643, 100039]
25056	[200794, 200799, 200800, 1201394]
25068	[728069, 745855, 745856]
25074	[4056, 7545, 31109, 32092, 91484, 207798, 888543, 5576428]
25089	[15629, 53821, 91596, 354854]
25091	[63993, 69343, 296152, 892439]
25097	[31791, 59225, 447529, 926661, 1283504]
25100	[2669, 3924, 5064, 21767, 40152, 67126, 126442, 161529, 214053, 290476]
25114	[2914, 3868, 4800, 4970, 7028, 7142, 8760, 14457, 14465, 30915, 49529, 74549, 105450, 284530]
25125	[649, 4970, 5310, 7028, 7256, 8760, 14457, 35746, 284530]
25128	[7259, 506995, 586041]
25129	[2063516, 2063517, 3715881]
25138	[14457, 36354, 53341]
25140	[13013, 33155, 36237, 70152, 98365, 112052, 196724, 265093, 338747]
25143	[2914, 4800, 4970, 6092, 7028, 8760, 10389, 12136, 14457, 14465, 16735, 17546, 17802, 18984, 21295, 21901, 21940, 22164, 23446, 24072, 24778, 28795, 34074, 35746, 36246, 37032, 40409, 40467, 40471, 41182, 43745, 43828, 44022, 45032, 46281, 47025, 48863, 53276, 58606, 59249, 63010, 64664, 69387, 69495, 69722, 74549, 75212, 81013, 90513, 94079, 113675, 146284, 151964, 157300, 157401, 158399, 170755, 233503, 284530, 347589, 885573, 2624311]
25154	[302565, 490162, 496282]
25158	[230899, 531333, 1224391, 1553746]
25166	[2725, 9074, 12136, 12591, 17802, 26044, 32429, 34521, 40467, 45032, 53486, 69495, 80366, 81013, 347589]
25167	[1830, 2725, 4711, 11449, 13932, 19814, 22193, 28209, 28795, 67260, 209958]
25172	[37234, 139875, 149303, 485047]
25176	[7426, 27199, 27201, 61224, 268292, 466703, 506995, 1580696, 1610238]
25183	[205858, 2531082, 3510709, 3510710]
25187	[28384, 33196, 6375535]
25191	[2447, 7165, 17399, 548143]
25196	[88417, 98541, 537951]
25199	[14490, 32171, 168784, 266829]
25203	[4970, 74086, 853543]
25204	[11287, 16622, 24778, 32394, 33534, 40409, 43744, 58266, 64125, 67435, 79114, 88742, 117026, 204891, 214625, 252393, 317696, 323752, 381534]
25207	[2714, 5081, 10357, 12594, 39471, 64062, 100405, 105614, 112966, 120883, 254404, 383999]
25209	[5769, 8052, 62821]
25215	[559952, 760436, 3020028]
25233	[1781, 3178, 3682, 4800, 5310, 6714, 7256, 7289, 7552, 8024, 8670, 8760, 14457, 14472, 30542, 36246, 51324, 63462, 148982, 284530]
25244	[57477, 98372, 104370]
25245	[4451, 4605, 34341]
25249	[28026, 29808, 66373]
25250	[719514, 2197106, 2197107]
25261	[23259, 30897, 52272, 60916]
25267	[634, 3852, 6516, 10785, 12834, 18509, 31146, 33929, 35740, 45115, 66358, 73924, 131700, 173717, 252661, 465904, 537324]
25271	[484, 15560, 49982, 75356, 84451, 84452, 149789, 204674, 232618, 328969, 356172, 356173, 356174, 356175, 368060]
25272	[32202, 193934, 203972, 2488194]
25284	[12551, 15560, 27010, 62925, 75327, 76974, 79687, 80079, 95992, 188911, 236331, 266351]
25286	[7169, 28083, 34568]
25311	[11287, 13190, 89293, 214625, 2382871]
25332	[138315, 337253, 355087]
25334	[4056, 7545, 31109, 91484, 207798, 888543, 5576428]
25338	[2266, 2713, 8024, 13911, 18031, 22193, 25725, 67977, 85151, 102285, 142347, 209958]
25344	[838998, 1144998, 2280096]
25354	[18143, 34524, 131711]
25356	[7669, 14490, 68957, 97161, 168784, 266829, 391284, 466703, 542048, 951364, 1112013]
25361	[705343, 705347, 2438997, 2439053]
25362	[359457, 407932, 423943, 425814, 3054089, 4402031]
25371	[35640, 96322, 646486]
25372	[88744, 100031, 139721]
25387	[76200, 141040, 182995]
25394	[28754, 30313, 91762, 92980]
25396	[14486, 32394, 122446, 365548]
25397	[167748, 379697, 702639]
25398	[2725, 4970, 7987, 8024, 8760, 11012, 12097, 13608, 14457, 15885, 17802, 18956, 22193, 28795, 29718, 30344, 30542, 35301, 39776, 46233, 47742, 48865, 64062, 67260, 69722, 70829, 81013, 96826, 100405, 101028, 106467, 113673, 120883, 124497, 149347, 151313, 154308, 156023, 162670, 169574, 223131, 252443, 254406, 261834, 268131, 449855, 557200, 5071608, 5983974, 5983975, 5983976, 5983977, 5983978]
25401	[39740, 57640, 218563, 247207, 261304, 873009, 893639, 893640, 893641, 893642]
25402	[7030, 14457, 30611, 36246, 40154, 72234, 75212, 78159]
25408	[2713, 18984, 22164, 23446, 24072, 24778, 35746, 40409, 43828, 47025, 48863, 59249, 69387, 113675, 146284, 151964, 157300, 158399, 170755]
25415	[9866, 13674, 30764]
25416	[74683, 461345, 461346]
25418	[31011, 65292, 99663]
25420	[12339, 81445, 161889]
25421	[419091, 1163236, 4306576]
25428	[22783, 351141, 357279]
25429	[789, 3909, 4533, 7177, 7253, 7289, 7387, 7426, 14467, 14472, 17852, 18726, 26522, 26742, 27201, 27584, 29234, 32411, 34155, 39727, 40467, 45032, 45033, 45035, 47742, 48019, 61224, 67133, 81364, 93055, 191891, 308879, 466703, 1580696]
25439	[32190, 159181, 212264]
25441	[1244, 5470, 164027]
25444	[296601, 1063406, 1552886]
25450	[10354, 258438, 337062]
25455	[262137, 1338883, 2081389]
25457	[18557, 465294, 2754681, 2754682]
25461	[31757, 105915, 191416]
25464	[38980, 3077725, 4870164]
25469	[14683, 346932, 1180245]
25470	[1104, 2530, 2682, 2776, 3165, 3478, 4119, 4800, 4970, 7028, 8600, 12693, 14457, 14465, 15177, 16995, 17413, 21475, 23259, 23394, 30918, 36246, 81364, 85111, 102419, 178790, 284530, 466703]
25471	[478930, 478933, 661002, 999936, 999937]
25472	[32520, 32990, 34074]
25484	[7698, 29990, 36621, 117026]
25485	[6212, 70632, 89377]
25497	[5099, 14894, 52125, 69130, 69132, 69134, 116267, 145537, 210326, 233005]
25498	[2725, 9074, 12136, 17802, 26523, 31929, 34521, 69495, 80366, 81013, 105587, 194667, 347589]
25503	[46481, 4351977, 4449609]
25504	[173911, 183942, 183944]
25505	[302565, 423755, 490162, 496282]
25509	[1830, 4711, 8760, 11449, 24495, 57477]
25517	[649, 946, 6004, 7297, 7702, 11473, 11913, 13932, 14488, 17550, 28209, 30915, 34547, 42146, 46233, 67260, 105450, 106452, 111159, 228032, 254403, 722977]
25519	[21716, 28209, 54650, 283448]
25520	[253397, 492450, 2776466]
25524	[37439, 72312, 315575, 433340]
25527	[5985, 9074, 10357, 12136, 17802, 23507, 69495, 81013, 81368, 254404, 347589]
25528	[1781, 2914, 4800, 4970, 7028, 7289, 12136, 14457, 14465, 16735, 17550, 17852, 21940, 30915, 34547, 36246, 46233, 51324, 69495, 74549, 105450, 284530, 347589]
25547	[93664, 1501984, 5511842]
25548	[56449, 270971, 270972]
25554	[8600, 13196, 29936, 37413, 42191, 51979, 112758, 148903, 154306, 189956, 270792, 559566, 1291774]
25562	[992889, 992890, 2078856]
25569	[83512, 413023, 413024]
25571	[34521, 52125, 80366, 712048, 1115007, 1279753, 1738666, 2323395]
25575	[22720, 260742, 349878]
25589	[196277, 2518245, 2518246]
25590	[2003, 7303, 7613, 7662, 7698, 13187, 86163, 97664, 175797]
25599	[837809, 993241, 1082421]
25605	[234601, 285728, 1101612]
25612	[2309695, 2312833, 2312834]
25635	[5792, 21255, 21256]
25637	[8292, 28365, 96899]
25640	[2725, 11012, 12097, 13608, 15885, 17802, 18956, 30542, 64062, 81013, 100405, 120883, 124497, 154308, 156023, 169574, 254406, 261834, 268131, 449855, 557200, 5071608, 5983974, 5983975, 5983976, 5983977, 5983978]
25642	[147255, 2378127, 2378128]
25644	[12209, 68855, 262940, 1431384]
25654	[4878, 7542, 24336, 26212, 32633, 61730, 98744]
25656	[2446, 16747, 52456, 128718]
25660	[77749, 835042, 872622, 1036701, 1098524, 1106007, 1239705]
25665	[29654, 75524, 662200]
25668	[2749, 2967, 4533, 7253, 7280, 7289, 7291, 7669, 7690, 12339, 14467, 14469, 14472, 14490, 17852, 18143, 18726, 29234, 32092, 33624, 34074, 40754, 45041, 46281, 47742, 48019, 51419, 55957, 72405, 75212, 77094, 148982, 152951, 191891, 506995, 583270, 778223]
25677	[175674, 826364, 1829916]
25681	[62919, 972490, 5772031, 6313106]
25683	[4683, 47375, 61269, 62376, 73725, 193300, 270488, 295327, 297919, 297920]
25700	[18984, 22164, 23446, 24072, 24778, 35746, 40409, 43828, 47025, 48863, 59249, 69387, 113675, 146284, 151964, 157300, 158399, 170755]
25701	[4800, 4970, 7028, 8024, 8760, 14465, 15885, 30542, 48865, 69722, 95886, 101028, 449855]
25708	[4056, 7545, 26186, 32092, 72405]
25710	[4533, 4800, 4970, 6696, 7028, 7669, 11050, 12339, 13548, 14457, 14465, 16735, 18726, 21373, 29234, 32092, 33624, 34155, 36246, 37222, 40467, 40754, 45032, 45033, 45041, 47742, 48019, 66861, 67311, 75269, 76927, 81364, 149347, 223131, 284530, 387095, 466703]
25712	[12339, 27198, 48335, 52456, 135083, 218153, 257577, 293866, 849346, 926564, 951370]
25727	[20991, 92734, 929524]
25736	[5310, 7253, 7256, 7291, 7552, 18143, 28972, 30542, 31792, 63684, 73725, 167665, 386128]
25738	[65707, 153302, 2325896]
25740	[66916, 157075, 218601]
25741	[508728, 689101, 1580043]
25742	[946, 2692, 2742, 3178, 3682, 4063, 6087, 6714, 7177, 7262, 7289, 7387, 8670, 9074, 12136, 12137, 13196, 14185, 14457, 14466, 14472, 14783, 16747, 17550, 17552, 17743, 21373, 22194, 26345, 26522, 26523, 27805, 27841, 29234, 30662, 31929, 34074, 36246, 40301, 42983, 46281, 55799, 63701, 68290, 69495, 72898, 73466, 74411, 105587, 126256, 137150, 148982, 150450, 150666, 152951, 191891, 191964, 194667, 207982, 284530, 315094, 347589, 374962, 381264, 1037229]
25749	[36628, 44969, 48245, 106467, 165272]
25750	[1781, 4800, 5310, 6714, 7256, 8024, 8760, 30542, 51324, 63462]
25758	[51692, 628033, 1601956]
25761	[4091, 7117, 16761, 31035, 33884, 34521, 36243, 45126, 45301, 52875, 54913, 66861, 67311, 76373, 80366, 133696, 146305, 229650, 621873, 827182, 1270962, 2269525]
25767	[318935, 1160246, 1226139]
25768	[334382, 731079, 921837]
25773	[649, 789, 946, 1781, 1830, 2604, 2692, 2914, 3178, 3868, 4033, 4091, 4158, 4711, 4800, 4970, 5064, 5310, 5829, 6004, 6270, 6714, 7028, 7177, 7253, 7256, 7289, 8024, 8760, 10783, 11449, 12137, 13196, 13820, 13932, 14099, 14457, 14465, 14466, 14467, 14472, 14482, 15169, 16735, 17035, 17550, 17852, 18726, 21373, 21910, 21940, 22193, 24495, 28209, 28795, 28876, 29234, 30024, 30542, 30915, 30918, 31011, 31146, 31526, 32411, 34074, 34547, 34568, 36246, 36547, 38863, 39736, 40336, 43733, 46233, 46281, 47742, 48019, 49529, 51324, 55799, 56933, 67042, 67260, 72308, 72898, 73725, 74549, 75212, 81364, 90168, 93065, 96826, 98545, 100405, 105450, 120883, 129160, 138685, 149347, 169154, 207982, 209958, 223131, 228032, 284530, 387489, 466703, 722977, 1278400]
25781	[865942, 1516144, 1983889]
25783	[7619, 16755, 75729, 1034924, 1161473]
25786	[12007, 12974, 14974, 42419, 89336, 104934, 162989, 187776, 197325, 198788, 198887, 220812, 281270, 1608387]
25787	[34155, 44647, 117993, 168625]
25790	[29807, 34510, 135377]
25792	[634, 3852, 6516, 10785, 12834, 18509, 31146, 33929, 35740, 45115, 66358, 131700, 173717, 252661, 465904, 537324]
25794	[15751, 21373, 45032, 70062, 72898, 77094, 99485, 337455, 802248, 1212252, 1276410, 1278400, 1350387, 1377255, 1404587, 1844623]
25795	[789, 2692, 2725, 4711, 4800, 4970, 5064, 7028, 7289, 8760, 11012, 12137, 13608, 13820, 13911, 14465, 22193, 32411, 34568, 41767, 47025, 54720, 61800, 72308, 90168, 98545, 154308, 156023, 209958, 226971, 254127, 255058, 260980, 263206, 274209, 304213, 449855, 830739, 897809, 1674311]
25799	[318, 7297, 7454, 11202, 35073, 64606, 98017]
25801	[2725, 7297, 11012, 24338, 26044, 32388, 40521, 44578, 53486, 85618, 449855]
25802	[4533, 4800, 4970, 4975, 6270, 7028, 7173, 7253, 7690, 9081, 12136, 13608, 14396, 14465, 14469, 14894, 16735, 17550, 18143, 20700, 20942, 23229, 26304, 30313, 30915, 34521, 34547, 43589, 44022, 44204, 47841, 58606, 67070, 69495, 86513, 91777, 105450, 110406, 110710, 115771, 125101, 143562, 195810, 237868, 347589, 447849]
25808	[3868, 4480, 7717]
25809	[14894, 56631, 67526, 223196]
25810	[79091, 294778, 1466072]
25812	[3475124, 4037136, 4084273, 4385110, 4403504, 4403505, 4403515, 4886529, 6129541, 6129542]
25819	[4800, 4970, 7028, 12830, 14465, 14894, 16735, 18984, 26304, 28465, 32990, 35746, 41767, 43828, 52131, 53276, 67435, 67498, 67976, 232178, 233253, 233503, 236400, 254127]
25824	[3474, 7613, 22164, 29718, 63771, 73205, 75928, 117161, 140307, 364535, 399346]
25826	[3779297, 3779298, 3779299]
25832	[15751, 21373, 45032, 70062, 77094, 99485, 337455, 802248, 1212252, 1276410, 1278400, 1350387, 1377255, 1404587, 1844623]
25837	[46284, 157538, 497115]
25840	[12339, 27198, 52456, 135083, 218153, 257577, 293866, 849346, 926564, 951370]
25844	[359457, 407932, 423943, 425814, 3054089]
25847	[14488, 85535, 578262, 894541]
25850	[15560, 49982, 75356, 84451, 84452, 149789, 204674, 232618, 328969, 356172, 356173, 356174, 356175, 368060]
25853	[19799, 23510, 36228, 36232, 36242, 69151, 78548, 88821, 98625, 100713, 105114, 105115, 105116, 106993, 118070, 155606, 224077, 230231, 250185, 250204, 256573, 256574, 395374, 1135645]
25854	[2714, 2725, 11073, 34991, 37859, 45644, 57477, 87721, 112763, 139377, 150897, 273844, 276605, 295944, 323755, 953278]
25858	[327416, 765674, 1049851]
25861	[81445, 97034, 125082]
25868	[649, 789, 946, 1279, 1781, 1830, 2187, 2604, 2692, 2914, 3178, 3352, 3868, 4033, 4091, 4158, 4533, 4711, 4800, 4970, 4975, 5064, 5310, 5829, 5985, 6004, 6270, 6515, 6714, 7028, 7173, 7177, 7253, 7256, 7289, 7291, 7690, 8024, 8760, 9081, 10357, 10783, 11449, 12136, 12137, 13196, 13608, 13820, 13932, 14099, 14396, 14457, 14465, 14466, 14467, 14469, 14472, 14482, 14894, 15169, 16735, 17035, 17546, 17550, 17852, 18143, 18726, 20700, 21295, 21373, 21910, 21940, 22193, 23229, 24495, 24806, 25261, 26044, 26304, 28209, 28795, 28876, 29234, 30021, 30024, 30093, 30313, 30542, 30915, 30918, 31011, 31146, 31526, 32411, 34074, 34155, 34521, 34547, 34568, 36246, 36547, 38863, 39736, 40336, 40810, 41182, 43589, 43733, 44022, 44204, 45033, 46233, 46281, 47742, 48019, 49529, 51324, 55799, 56933, 58606, 62320, 67042, 67260, 67977, 69495, 72308, 72898, 73725, 74549, 75212, 80366, 81364, 86513, 90168, 91777, 93065, 93943, 96826, 98545, 105450, 110406, 125101, 129160, 130817, 138685, 143562, 149347, 169154, 195810, 207982, 209958, 223131, 228032, 237868, 249765, 284530, 347589, 387489, 398753, 466703, 722977, 1147394, 1278400, 1348582, 2624311, 6189612, 6189613]
25875	[649, 789, 946, 1781, 1830, 2604, 2692, 3178, 3386, 3868, 4033, 4091, 4096, 4158, 4653, 4711, 4800, 4970, 5064, 5099, 5310, 5829, 6004, 6086, 6270, 6714, 7028, 7177, 7253, 7256, 7257, 7289, 8024, 8602, 8760, 9074, 10783, 11449, 12137, 12693, 13196, 13820, 13932, 13999, 14099, 14457, 14465, 14472, 14482, 14799, 15169, 17035, 17546, 17550, 17852, 18726, 21295, 21373, 21633, 21910, 21940, 22193, 24495, 26345, 26523, 28209, 28795, 28876, 29234, 29236, 30024, 30542, 30681, 30719, 30915, 30918, 31011, 31146, 31526, 32411, 34074, 34155, 34276, 34547, 34568, 35640, 36246, 36547, 38379, 38863, 39736, 39827, 41767, 43733, 46233, 46281, 47742, 48019, 49529, 50703, 51324, 52456, 55634, 55799, 56933, 57587, 67042, 67260, 67801, 68290, 72308, 72898, 73725, 81364, 88030, 89618, 90168, 93065, 96826, 98545, 105450, 129160, 138685, 149027, 169154, 207982, 209958, 228032, 254127, 284530, 381264, 387489, 466703, 722977, 1278400]
25877	[649, 789, 946, 1781, 1830, 2604, 2692, 3178, 3868, 4033, 4091, 4158, 4711, 4800, 4970, 5064, 5310, 5829, 6004, 6270, 6714, 7028, 7177, 7253, 7256, 7289, 8024, 8760, 10783, 11449, 12137, 13196, 13820, 13932, 14099, 14457, 14465, 14472, 14473, 14482, 15169, 17035, 17550, 18726, 21373, 21910, 21940, 22193, 24495, 28209, 28795, 28876, 29234, 30024, 30542, 30915, 30918, 31011, 31146, 31526, 32092, 32411, 33624, 34074, 34547, 34568, 36246, 36547, 36621, 38863, 39736, 40754, 43733, 45036, 45040, 45041, 45044, 46233, 46281, 47742, 48019, 49529, 51324, 55799, 56933, 67042, 67260, 72308, 72898, 73725, 81364, 90168, 93065, 96826, 98545, 103519, 105450, 129160, 138685, 149347, 169154, 207982, 209958, 223131, 228032, 284530, 387489, 466703, 722977, 1278400, 6709091]
25879	[4158, 4800, 5064, 13820, 14465, 23825, 28876, 29022, 30021, 30023, 30093, 31526, 41441, 66025, 73194, 90153, 253234, 627000]
25880	[44118, 134059, 263663, 265435, 336460, 748376, 1366920, 1366921, 1481553]
25886	[22061, 282263, 2012751]
25888	[4091, 7698, 8024, 36621, 66509, 75729, 76012]
25893	[35601, 58981, 303402, 924458, 1519336, 2415945, 2478967, 2750795, 3538642, 3567905, 3699996]
25896	[18984, 22164, 23446, 24072, 24778, 35746, 40409, 47025, 48863, 59249, 69387, 113675, 146284, 151964, 157300, 158399, 170755]
25898	[661, 78003, 99731, 143457]
25903	[4970, 6707, 7173, 14396, 16735, 20942, 30313, 47841, 195810]
25904	[8024, 8760, 29718, 30542, 48865, 69722, 90153, 101028, 449855]
25906	[1279, 2187, 2914, 3352, 4158, 4533, 4800, 4970, 4975, 5985, 6270, 6515, 7028, 7173, 7253, 7291, 7690, 9081, 10357, 12136, 13608, 14396, 14457, 14465, 14467, 14469, 14894, 16735, 17546, 17550, 18143, 20700, 21295, 23229, 24806, 25261, 26044, 26304, 30021, 30093, 30313, 30915, 34155, 34521, 34547, 36246, 40810, 41182, 43589, 44022, 44204, 45033, 58606, 62320, 67977, 69495, 74549, 86513, 91777, 105450, 110406, 125101, 130817, 143562, 195810, 237868, 249765, 284530, 347589, 398753, 1147394, 1348582, 2624311, 6189612, 6189613]
25909	[1108400, 1146275, 2456339]
25912	[2713, 7289, 14396, 19587, 23035, 80016]
25913	[4091, 7117, 16761, 31035, 33884, 34521, 36243, 45126, 45301, 52875, 54913, 76373, 80366, 133696, 146305, 229650, 621873, 827182, 1270962, 2269525]
25914	[32201, 146392, 212256]
25915	[174246, 177201, 234096, 234098, 234101, 236735, 645014]
25916	[7545, 13013, 14458, 14470, 14472, 33155, 63701, 152858, 152862]
25917	[751, 1279, 2187, 2692, 2749, 2967, 3178, 4158, 4522, 4533, 4800, 4970, 4975, 5985, 6092, 6212, 6270, 6515, 7028, 7173, 7253, 7280, 7291, 7619, 7662, 7690, 9081, 10357, 12136, 12137, 12339, 13190, 13196, 13608, 14396, 14457, 14465, 14467, 14469, 14472, 14658, 14894, 16430, 16735, 17550, 17852, 18143, 18726, 20700, 21901, 21940, 23229, 24806, 25261, 26044, 26304, 28795, 29234, 30021, 30093, 30313, 30915, 31035, 32166, 34074, 34155, 34521, 34547, 36246, 38417, 40810, 41182, 43589, 44022, 44204, 45033, 46281, 47742, 47841, 48019, 53857, 55799, 57587, 58606, 59632, 62320, 67309, 67977, 69495, 72405, 72695, 72898, 75187, 75212, 80366, 86513, 91777, 105450, 110406, 125101, 130817, 143562, 149347, 195810, 223131, 228032, 237868, 249765, 251172, 284530, 347589, 398753, 466703, 499264, 601503, 778223, 789114, 1147394, 1348582, 6189612, 6189613]
25918	[1781, 6021, 6714, 9555, 14466, 14482, 17035, 20700, 22193, 28465, 28521, 30918, 31526, 34214, 51324, 55799, 65939, 72898, 81364, 209958, 387489, 466703, 2612452]
25919	[8024, 13911, 18031, 22193, 25725, 67977, 85151, 102285, 142347, 209958]
25926	[34568, 47025, 54720, 61800, 154308, 156023, 226971, 255058, 260980, 263206, 274209, 304213, 830739, 897809, 1674311]
25930	[1676, 4075, 17399]
25931	[26101, 65696, 196956]
25933	[19783, 29936, 36228, 60525, 98364, 98603, 111795, 144274, 155505, 189074, 280785, 401173, 402360, 487235, 1039680, 1039681]
25934	[4834, 30023, 102419]
25937	[2692, 2725, 2914, 4654, 4800, 4868, 4970, 5877, 7028, 7253, 7291, 7387, 7619, 8670, 8760, 10389, 12137, 13932, 13999, 14457, 14465, 14466, 14467, 14894, 15825, 16430, 16735, 17550, 18143, 20700, 21901, 21940, 26304, 26522, 28209, 28795, 30024, 30681, 30915, 32166, 32550, 34074, 34521, 34547, 36246, 46281, 55799, 64801, 67260, 69495, 72695, 74549, 75212, 80366, 105450, 110406, 127760, 284530, 455197, 499264, 1593089, 1593090]
25938	[236311, 516651, 1142751, 1941801, 2129731, 5465169, 5633665, 5633667, 5633668, 5633669, 5633671, 5633674, 5633676]
25939	[179384, 180270, 198359, 202316, 210568, 214402, 214803, 292033, 316167, 333208, 354392, 449090, 455584, 492198, 497514, 506904, 515289, 529706, 635315, 1305266, 6243491, 6257635, 6257636, 6257637, 6257638]
25941	[2725, 4711, 12591, 12986, 17605, 19814, 37032, 52932, 69469, 261555]
25945	[7289, 21940, 22193, 29230]
25946	[751, 1279, 2187, 2692, 2749, 2967, 3178, 4158, 4522, 4533, 4800, 4970, 4975, 5985, 6092, 6212, 6270, 6515, 7028, 7173, 7253, 7280, 7291, 7619, 7662, 7690, 9081, 10357, 12136, 12137, 12339, 13190, 13196, 13608, 14396, 14457, 14465, 14467, 14469, 14472, 14658, 14894, 16430, 16735, 17550, 17852, 18143, 18726, 20700, 21901, 21940, 23229, 24806, 25261, 26044, 26304, 28795, 29234, 30021, 30093, 30313, 30915, 31035, 32166, 34074, 34155, 34521, 34547, 36246, 38417, 40810, 41182, 43589, 44022, 44204, 45033, 46281, 47742, 48019, 53857, 55799, 57587, 58606, 59632, 62320, 67309, 67977, 69495, 72405, 72695, 72898, 75187, 75212, 80366, 86513, 91777, 105450, 110406, 125101, 130817, 143562, 149347, 195810, 223131, 228032, 237868, 249765, 251172, 284530, 347589, 398753, 466703, 499264, 601503, 789114, 1147394, 1348582, 6189612, 6189613]
25962	[3909, 5545, 7698, 7717, 11012, 11202, 12591, 24221, 26044, 28365, 38781, 42895, 44581, 57103, 70735, 117026, 136201, 198444, 299130, 449855]
25963	[185003, 196878, 212520, 242462, 290202, 418248, 427096]
25965	[2692, 2914, 5718, 6267, 7035, 7253, 7257, 7289, 7291, 7363, 9496, 12136, 12137, 14457, 14467, 14480, 14484, 14799, 17852, 18143, 21901, 21940, 22333, 26428, 27628, 28795, 29231, 29926, 30024, 31001, 34074, 36246, 38379, 39329, 44666, 45027, 45054, 46281, 57587, 69495, 74549, 74682, 74683, 75212, 77774, 168920, 176749, 194667, 284530, 293019, 347589]
25966	[2725, 7619, 10138, 20696, 24338, 45644, 52833, 73194, 90184, 92577, 133511, 153971, 268769, 273844, 314732, 953278, 966302]
25967	[155380, 273311, 531528, 1122053, 1543577, 1766331, 1778272, 1778273, 1778274, 1778275, 1868752]
25968	[33534, 58266, 64125, 79114, 88742, 117026, 204891, 214625, 323752]
25974	[2725, 4119, 5081, 7552, 14457, 14472, 31260, 35640, 36246, 106453, 106454]
25975	[905, 25198, 28884, 30605, 30606, 77775]
25976	[2692, 5718, 6267, 7035, 7253, 7257, 7289, 7363, 9496, 12137, 14457, 14467, 14480, 14484, 14799, 17852, 21940, 22333, 26428, 27628, 29231, 29926, 30024, 31001, 34074, 36246, 38379, 39329, 44666, 45027, 45054, 46281, 57587, 74682, 74683, 75212, 77774, 168920, 176749, 194667, 284530, 293019]
25979	[2138, 362230, 6989976]
25980	[35342, 36221, 36232, 105115, 128342, 208479, 218595, 240974, 250185, 250210, 256573, 1135645]
25983	[18666, 258072, 1799387]
25985	[1563732, 3062794, 3062795, 3062796, 3062797, 3062798, 3062800, 3062801, 3062802, 3062803, 3062804]
25988	[15885, 18956, 124497, 557200, 5071608, 5983974, 5983975, 5983976, 5983977, 5983978]
25993	[41450, 41573, 77503, 91343, 104782, 150990, 238654, 248669, 359994, 359995]
25994	[318, 649, 751, 789, 946, 1104, 1781, 1830, 2532, 2604, 2692, 2713, 2742, 2749, 2967, 3178, 3386, 3682, 3868, 4033, 4063, 4091, 4158, 4522, 4533, 4653, 4711, 4800, 4970, 5064, 5310, 5829, 6004, 6086, 6092, 6212, 6270, 6714, 7028, 7177, 7253, 7256, 7257, 7262, 7280, 7289, 7387, 7619, 7662, 7690, 7698, 8024, 8670, 8760, 9074, 10783, 11449, 12136, 12137, 12339, 12693, 13190, 13196, 13820, 13932, 14099, 14185, 14457, 14465, 14466, 14467, 14469, 14472, 14482, 14658, 14783, 14799, 14894, 15169, 16430, 16735, 16747, 17035, 17550, 17552, 17743, 17852, 18726, 20700, 21373, 21633, 21910, 21940, 22193, 22194, 24495, 26345, 26522, 26523, 27841, 28209, 28795, 28876, 29234, 29236, 30024, 30542, 30915, 30918, 31011, 31035, 31146, 31526, 31929, 32166, 32411, 34074, 34155, 34276, 34547, 34568, 35640, 36246, 36547, 38379, 38417, 38863, 39736, 40301, 40336, 43733, 46233, 46281, 47742, 48019, 49529, 50703, 51324, 53857, 55799, 56933, 57587, 59632, 67042, 67260, 67309, 68290, 69495, 72308, 72405, 72695, 72898, 73466, 73725, 74411, 75187, 75212, 81364, 90168, 93065, 96826, 98545, 105450, 105587, 129160, 138685, 148982, 149027, 149347, 152951, 169154, 191891, 191964, 194667, 207982, 209958, 223131, 228032, 251172, 284530, 347589, 374962, 381264, 387489, 466703, 499264, 601503, 722977, 1278400]
25995	[67360, 93674, 253349, 290118, 322356, 377370, 516519, 559443, 719840, 720692, 720696, 720698, 720702, 1343876]
25996	[50501, 246587, 264536]
26000	[2692, 3178, 7253, 7289, 7619, 11287, 12137, 13196, 14457, 14467, 14472, 17852, 18726, 29234, 31035, 32166, 34074, 34155, 34547, 36246, 38417, 40467, 41847, 42980, 45033, 46281, 55799, 57587, 72898, 75212, 93065, 148982, 154305, 228032, 284530, 381534, 466703, 499264, 511898]
26001	[2187, 2725, 29823, 58150]
26002	[28444, 98360, 104613, 128342, 161779, 224077, 245321, 276993, 421636]
26006	[2077030, 2095375, 2095376]
26012	[179384, 180270, 198359, 202316, 210568, 214402, 214803, 316167, 333208, 354392, 449090, 455584, 492198, 506904, 515289, 529706, 635315, 1305266, 6243491, 6257635, 6257636, 6257637, 6257638]
26015	[2714, 12594, 64062, 105614, 112966, 383999]
26018	[5718, 6267, 7035, 7253, 7257, 7363, 9496, 14480, 14484, 14799, 21940, 22333, 26428, 27628, 29231, 29926, 31001, 38379, 39329, 44666, 45027, 45054, 57587, 74682, 74683, 77774, 168920, 176749, 194667, 293019]
26022	[23035, 43589, 324566]
26025	[6714, 63462, 88744, 112966]
26029	[3475124, 4037136, 4084273, 4385110, 4403504, 4403505, 4403515, 4886529, 6129542]
26030	[1781, 2753, 3135, 4096, 13726, 32429, 34155, 51324, 56331, 58806, 58875, 62556, 79935, 82663, 114418, 138685, 251264]
26031	[10263, 10582, 42895]
26033	[6270, 7289, 8729, 21940, 22193, 35073, 65819, 150126, 516476]
26034	[10429, 12339, 18726, 21373, 26044, 29234, 31035, 45691, 49963, 54990, 66861, 67311, 72407, 76373, 77780, 77781, 139896, 379312]
26036	[47872, 99696, 197660, 296586, 897704]
26040	[2714, 2725, 11073, 34991, 37859, 45644, 57477, 87721, 112763, 139377, 150897, 273844, 276605, 295944, 323755]
26041	[649, 789, 946, 1781, 1830, 2604, 2692, 3178, 3868, 4033, 4091, 4158, 4711, 4800, 4970, 5064, 5310, 5829, 6004, 6270, 6714, 7028, 7177, 7253, 7256, 7289, 8024, 8760, 10783, 11449, 12137, 13196, 13820, 13932, 14099, 14457, 14465, 14472, 14482, 15169, 17035, 17550, 18726, 21373, 21910, 21940, 22193, 24495, 28209, 28795, 28876, 29234, 30024, 30542, 30915, 30918, 31011, 31146, 31526, 32411, 34074, 34547, 34568, 36246, 36547, 38863, 39736, 43733, 46233, 46281, 47742, 48019, 49529, 51324, 55799, 56933, 67042, 67260, 72308, 72898, 73725, 81364, 90168, 93065, 96826, 98545, 105450, 129160, 138685, 169154, 207982, 209958, 228032, 284530, 387489, 466703, 722977, 1278400]
26042	[4970, 5087, 30285]
26046	[31617, 33708, 143941, 167516, 222632, 248560, 339679, 394622, 396303, 939252, 1219428, 1330474, 1491940, 1912649, 2270469]
26048	[6520, 7289, 7552, 12097, 14457, 14472, 25262, 31146, 36246, 38781, 40336, 44581, 45031, 73194, 154913, 284530]
26049	[1060, 1830, 9746, 63771, 64062]
26050	[6716, 7260, 43690]
26051	[15560, 27010, 62925, 75327, 76974, 79687, 80079, 95992, 188911, 236331, 266351]
26053	[172967, 177211, 234698]
26055	[12007, 12974, 14974, 42419, 89336, 162989, 197325, 198788, 198887, 220812, 281270, 1608387]
26056	[659, 2521, 2749, 5817, 8266, 17781, 55569, 58940, 63122, 194667, 311079]
26058	[649, 789, 946, 1781, 1830, 2604, 2692, 3868, 4091, 4158, 4711, 4800, 4970, 5064, 5310, 5829, 6004, 6270, 6714, 7028, 7177, 7253, 7256, 7289, 8024, 8760, 10783, 11449, 12137, 13820, 13932, 14099, 14457, 14465, 14482, 15169, 17035, 17550, 18726, 21910, 21940, 22193, 24495, 28209, 28795, 28876, 29234, 30024, 30542, 30915, 30918, 31011, 31146, 31526, 32411, 34074, 34547, 34568, 36547, 38863, 39736, 43733, 46233, 46281, 47742, 48019, 49529, 51324, 56933, 67042, 67260, 72308, 73725, 81364, 90168, 93065, 96826, 98545, 105450, 129160, 138685, 169154, 207982, 209958, 228032, 284530, 387489, 466703, 722977]
26060	[243621, 250204, 4341934]
26062	[4666614, 4666616, 4666617, 4666618, 4666619, 4666620, 4666621, 4666622, 4666623, 4666624, 4666625, 4666626, 4666628, 4666629, 4666630, 4666631, 4666632, 4666633, 4666634, 4666635, 6447219]
26064	[34568, 47025, 54720, 61800, 156023, 226971, 255058, 260980, 263206, 274209, 304213, 830739, 897809, 1674311]
