1	[55080, 83904, 166320]
10	[32201, 179366, 228408]
17	[32190, 219565, 457732]
29	[76028, 177340, 207945, 899517]
30	[16406, 6181509, 6181511]
56	[184439, 184440, 184441, 184712]
59	[153980, 170355, 410038]
203	[26955, 646135, 646136]
345	[201571, 266348, 340642]
366	[76028, 110593, 732482]
522	[51849, 51857, 108870, 358629]
524	[4654, 11012, 297533]
527	[10081, 5455066, 7262188]
528	[15900, 61499, 1736801]
540	[32181, 32200, 32201, 32207, 98149, 109661, 188810, 191285, 210387, 1383481, 1770847, 1797546, 3875910]
568	[56675, 177235, 423761]
592	[130243, 368085, 1777178]
597	[22946, 253245, 312208]
660	[44309, 56052, 147902, 202191, 272120, 272121, 279922, 281474, 832426, 1054895, 2429519]
661	[44309, 56052, 147902, 272120, 272121, 279922, 281474, 359632, 832426, 933279, 1054895, 2429519]
662	[79409, 147754, 220359, 271005, 311028, 369975, 560038, 699448, 947279, 1084383, 1157758, 1673479, 2081227, 2146895, 4996905]
663	[1432230, 1435045, 1439550, 2228409]
664	[84684, 255302, 258074, 328853, 605745, 2343618, 3120816, 3233397, 3233618]
665	[32202, 166793, 621480, 621481, 621483, 621485, 1016358]
667	[328464, 728547, 755887, 845783, 1080896, 2266632, 2671063, 4902523, 4902524, 4902525, 4902526, 4902527, 4902528]
668	[184441, 691277, 754759, 754761]
669	[44312, 156382, 486770, 710042, 710043, 833092, 1827976, 1919102, 2089534]
670	[3233925, 4059437, 4059438, 4059439]
672	[738010, 1095398, 1232622, 1482320, 1842048, 1842049, 2792189, 2872416]
676	[148406, 317295, 347276, 367935, 506824, 542503, 744558, 1059683, 1901128, 2035499, 5885076]
679	[11012, 34524, 149420, 262940, 266348, 570542, 570543]
680	[1613932, 4146687, 4511468, 4511470, 4511473, 4511474, 4511475, 4511476, 4511477]
683	[200821, 652186, 784740, 1159514]
684	[32181, 32200, 32201, 32207, 98149, 109661, 188810, 191285, 210387, 1383481, 1770847, 1797546]
690	[310367, 320368, 430625, 662136, 1255278]
691	[5017, 8575, 8576, 8578]
692	[39768, 269324, 304936, 322819, 1330031, 4959405]
693	[95537, 95546, 229566, 304973, 671328, 765352, 1143370, 1642905]
695	[666098, 2237753, 3134430]
697	[146391, 1357295, 6731408, 6731412]
698	[130577, 546336, 1862030, 2042695, 2042696]
701	[12593, 141103, 251716, 400015]
702	[219565, 368137, 465982, 604393, 604396]
703	[240780, 754648, 1063374, 3215104, 4136855, 4136857]
704	[26955, 208633, 234422, 387994]
705	[621480, 621481, 621482, 621483, 621485, 1016358]
711	[181945, 1324771, 2855121, 4390752]
713	[35303, 736829, 1789473, 1853267, 2216122, 2216123, 2216124]
716	[44309, 56052, 96037, 147902, 272120, 272121, 279922, 281474, 824459, 832426, 933279, 1054895, 2429519]
717	[138771, 1532133, 1532136]
720	[92184, 2465042, 3825204]
723	[785699, 2221941, 2221942, 6541426]
724	[32204, 105466, 1434117]
730	[149420, 262940, 570542, 570543]
733	[32181, 32200, 32201, 32207, 98149, 109661, 188810, 191285, 210387, 1770847, 1797546]
739	[44309, 56052, 147902, 272120, 272121, 279922, 281474, 832426, 1054895, 2429519]
740	[653282, 1718804, 1836945]
748	[2923672, 2923703, 5732591]
758	[10343, 1577736, 2101713]
771	[154028, 1043775, 1132706]
777	[749315, 749316, 749318]
778	[44309, 147902, 272120, 272121, 279922, 281474, 832426, 1054895, 2429519]
779	[332978, 1434318, 1434319]
781	[314527, 531283, 1138315, 1809486]
788	[253245, 423436, 472611]
789	[60559, 1044517, 1623053]
791	[32203, 261932, 808973]
796	[56675, 177235, 386904, 423761]
804	[600970, 600973, 1005861]
814	[39885, 96123, 928490]
