1	[55080, 83904, 166320]
10	[32201, 179366, 228408]
17	[32190, 219565, 457732]
29	[76028, 177340, 207945, 899517]
30	[16406, 6181509, 6181511]
47	[95539, 347268, 1630619]
56	[184439, 184440, 184441, 184712]
59	[153980, 170355, 410038]
156	[8672, 95544, 182929, 254070, 254072, 255804, 442174]
157	[144321, 342176, 495001, 609626, 610798, 658976, 658984, 708238, 809065, 960929, 1055975, 1237241, 1237244, 1237245, 1237250, 1924215, 3775709]
158	[16375, 56052, 202191, 259769, 272121, 279922, 281474, 292323, 322529, 351419, 359632, 368787, 515885, 548225, 603179, 659883, 704625, 736768, 780796, 820900, 824459, 852942, 1054895, 1786015]
161	[2666, 10082, 10343, 96400, 97881, 149789, 220594, 245741, 260604, 280177, 294410, 294411, 417393, 417395, 417396, 417397, 417399, 417402, 417404, 630841, 759183, 1121981, 2210953, 4007643]
163	[12593, 95546, 108565, 293477, 375279, 384185, 999914, 1013029]
174	[32187, 379512, 379513]
177	[44311, 474064, 952330, 1356336, 2101482, 3384241]
179	[32190, 115798, 177344, 177584, 207390, 207945, 219705, 258074, 419422, 495002, 743835, 1046219]
182	[1446837, 1595898, 1859271, 4030039, 4034834]
183	[32196, 457732, 531461, 624568, 753821, 828933, 832934, 1146034, 1146035, 1275923]
185	[101784, 343684, 356873, 434215, 547618]
190	[1746742, 3166691, 4232568]
191	[1045026, 2604473, 3475684]
194	[113036, 767390, 2835663, 2835664, 2835665, 2835666, 2835667, 6079694]
196	[190370, 193245, 511349, 550689, 881771, 996740, 1185874]
197	[23165, 108687, 148475, 364793, 442725, 539260, 712777, 2178879, 3243169]
199	[957223, 2712438, 4229609]
203	[26955, 328853, 646135, 646136, 646137]
204	[543301, 543302, 543307, 1666175, 1686820]
206	[181332, 381534, 442725, 464850]
209	[177235, 386904, 423761]
214	[1439548, 1439550, 1439551, 2228409, 2792807]
219	[8435, 485404, 1947302, 1947303, 1947304, 1947305]
222	[214124, 2895363, 3281089, 4085541]
232	[12593, 251716, 611219]
239	[204371, 220622, 803615]
246	[76038, 413739, 440316, 1063528, 1617041]
249	[212295, 462490, 1796258, 1896482]
255	[95546, 140042, 268272]
260	[84975, 3324005, 3326895]
263	[309902, 659169, 1724450]
281	[214122, 304968, 535134]
289	[16375, 202191, 259769, 272121, 279922, 281474, 292323, 322529, 351419, 359632, 368787, 515885, 548225, 603179, 659883, 704625, 736768, 780796, 820900, 824459, 852942, 1054895, 1786015]
298	[482162, 1326222, 1326223]
303	[1259038, 5448673, 5448674]
325	[3087451, 3924808, 3924809]
326	[4366464, 4443403, 4443404]
341	[259769, 279922, 281474, 292323, 351419, 368787, 548225, 659883, 704625, 736768, 780796, 820900, 852942, 1786015]
