1	[55080, 83904, 166320]
10	[32201, 179366, 228408]
17	[32190, 219565, 457732]
29	[76028, 177340, 207945, 899517]
30	[16406, 6181509, 6181511]
56	[184439, 184440, 184441, 184712]
59	[153980, 170355, 410038]
203	[26955, 646135, 646136]
345	[201571, 266348, 340642]
366	[76028, 110593, 732482]
520	[32202, 166793, 328853, 621480, 621481, 621483, 621485, 863751, 1016358, 1246568, 1327402, 1496904, 1817820, 1984367, 1984378]
522	[48275, 51849, 51857, 96033, 108870, 358629]
523	[347438, 2735388, 3406514, 4411904, 5748629, 7012159, 7514704, 7514705, 7514706]
524	[4654, 11012, 86618, 103064, 104958, 144998, 170358, 240248, 284253, 291337, 297533, 393500, 426655, 468153, 468154, 539260, 554446]
527	[10081, 2783572, 5455066, 6165918, 7262187, 7262188, 7262189]
528	[15900, 51672, 61499, 309900, 361418, 560717, 981629, 1736801]
530	[26955, 32196, 202092, 539813, 624405, 784737]
532	[130243, 230788, 309857, 368085, 538197, 1303711, 1777178, 3182422]
533	[95537, 206281, 231413, 304973, 567511, 1050151, 2602393, 2602394, 2602395]
536	[32190, 95540, 95544, 262357, 262358, 578727, 623293, 703539, 1236441]
540	[32181, 32200, 32207, 1318761, 3875910]
541	[406150, 750087, 952324, 957219, 957222, 957223, 1357291]
543	[227875, 573116, 725143, 725144, 778532]
551	[154396, 240755, 1326847, 2302078]
554	[304095, 656799, 784737, 784738, 784739]
556	[661894, 1027800, 1027801, 1963662, 3160016]
557	[297994, 784738, 1147368, 1668180, 2817436]
558	[97664, 555126, 679507, 3164466]
561	[5668, 17589, 18985, 94874, 227036]
564	[8672, 299702, 388185]
566	[184430, 184432, 187065]
568	[56675, 342906, 423761, 810077]
569	[351664, 365976, 365979]
570	[510516, 4473971, 4473972]
579	[65645, 159615, 268962, 725162, 837348]
581	[305378, 335785, 525147]
583	[323414, 696503, 696504]
584	[256132, 443741, 1462476, 1933424]
585	[353919, 707941, 1044517]
586	[157480, 1031926, 3280090]
587	[516232, 676918, 845742, 1591343]
589	[628737, 1200940, 2111270, 2457407]
590	[8575, 91815, 957238, 1377229]
592	[130243, 230788, 368085, 538197, 1777178, 2472248]
597	[22946, 26955, 253245, 312208]
600	[166534, 334601, 510332, 812596]
602	[2210954, 4238966, 6767415, 6767416]
630	[113428, 115467, 1717766]
634	[32202, 166793, 328853, 621481, 621483, 621485, 863751, 1016358, 1246568, 1327402, 1496904, 1817820, 1984367, 1984378]
652	[1030840, 3231313, 5365780]
654	[65645, 159616, 413766]
656	[187066, 600884, 780238]
