1	[55080, 83904, 166320]
10	[32201, 179366, 228408]
17	[32190, 219565, 457732]
29	[76028, 177340, 207945, 899517]
30	[16406, 6181509, 6181511]
56	[184439, 184440, 184441, 184712]
59	[153980, 170355, 410038]
203	[26955, 646135, 646136]
214	[1439550, 1439551, 2736707]
343	[8672, 30122, 47333, 48433, 55080, 73062, 119009, 136135, 138572, 153674, 160904, 249829, 255047, 259913, 271392, 273141, 289040, 301687, 330618, 387647, 721567, 798518, 1288075, 1288076]
345	[11012, 34524, 83904, 201571, 256053, 259352, 259770, 262940, 266348, 266407, 273427, 340642, 570542, 602552]
346	[32201, 212863, 384856, 395814, 395816, 395817]
348	[281518, 341739, 421447, 1094340, 1315380, 2450025, 2450026, 2450028, 2450029, 2669376, 2669381, 3061959, 4824388, 4824464, 4841415]
351	[32190, 456211, 495002]
353	[2096278, 2684094, 2934363, 2955805, 3018984, 3404805, 3583311]
355	[345477, 350933, 353791, 433723, 977708, 1053309, 1060954, 1212526, 1232708, 1232709, 1309244, 1402419]
363	[593729, 593731, 593733, 2020346, 2284577, 2284579]
364	[288239, 652720, 685014, 716921, 1832819, 1833072, 1833073, 1833074, 1833075, 1833076, 1833078]
365	[51857, 144954, 261930, 269287, 292323, 358629, 457608, 548816]
366	[76028, 108566, 108568, 110593, 227875, 732482]
373	[1317836, 1317837, 1317838, 1317839]
377	[219849, 237741, 896338, 1268013, 1650986]
378	[6708, 803722, 803728, 4776145, 4776146, 4776152]
380	[26955, 190370, 304968, 1099152]
386	[2117752, 2468585, 2518753, 2518754, 2518755, 2717028]
387	[115605, 1589140, 1813499, 1986083]
389	[148227, 469026, 815286]
393	[9297, 26955, 32208, 32210, 97544, 957131]
395	[115467, 262358, 439843, 585579]
400	[1341633, 4974238, 4974239, 4974240]
406	[214122, 224223, 535117, 1558920, 1558921]
407	[91509, 953640, 1036941]
411	[844737, 2585864, 4395491]
414	[4285879, 4558263, 4772509]
424	[91509, 327587, 439843, 991532, 1877095]
427	[45676, 485780, 485781, 567653]
430	[526574, 2140261, 3772336, 4474608]
436	[366470, 751638, 2538925, 2996863]
441	[164971, 370045, 1262754]
445	[1432230, 1439550, 1439551, 1973909, 2736707]
453	[9297, 32208, 32210, 97544, 957131]
454	[1142135, 1848557, 1848559]
465	[410748, 491088, 1581803]
483	[220622, 240755, 240758]
492	[60559, 1044517, 1623053]
