1	[55080, 83904, 166320]
10	[32201, 179366, 228408]
29	[76028, 177340, 207945, 899517]
30	[16406, 6181509, 6181511]
56	[184439, 184440, 184441, 184712]
59	[153980, 170355, 410038]
345	[201571, 266348, 340642]
366	[76028, 110593, 732482]
527	[10081, 5455066, 7262188]
528	[15900, 61499, 1736801]
540	[32181, 109661, 188810]
592	[130243, 368085, 1777178]
597	[22946, 253245, 312208]
676	[347276, 1059683, 2035499]
771	[154028, 1043775, 1132706]
819	[3865, 872312, 1421378]
820	[430553, 630957, 2360753]
1008	[51398, 56675, 73721, 189916, 302565, 342906, 423746, 423761, 621178, 707721, 789790, 796823, 846443, 908132, 908133, 948683, 1125365, 1302207, 1334068, 2058551, 2065517, 2733897, 2734899, 4122099, 5876672]
1010	[10360, 201571, 227461]
1020	[84643, 182998, 1728735]
1022	[10360, 256779, 256780]
1029	[3682, 4654, 8405, 9271, 10088, 10383, 10589, 11650, 12196, 18980, 20560, 26912, 28026, 32166, 35200, 35611, 37416, 39715, 42907, 51946, 51979, 55804, 61269, 62653, 65939, 67036, 68809, 77034, 79095, 80092, 81013, 81398, 81401, 82730, 87149, 87814, 90494, 95886, 98684, 98767, 102095, 102100, 106460, 107597, 131987, 134570, 136280, 138076, 146284, 149347, 151458, 151462, 167079, 169154, 170709, 170755, 193603, 215514, 220048, 251595, 345832, 384596, 474867, 497608]
1046	[235031, 235032, 235033]
1050	[191271, 926682, 1781229]
1053	[32191, 32192, 91511]
1069	[41408, 474083, 728829]
1092	[13774, 830694, 894994]
1172	[10360, 256777, 256782]
1207	[2266, 174890, 453875]
1294	[29936, 323172, 950650]
1321	[48392, 48413, 84101]
1351	[4205, 4654, 6274, 6708, 7549, 14045, 14185, 18547, 18666, 21148, 33201, 38863, 41326, 47966, 48425, 52308, 69193, 69866, 75922, 87147, 89337, 98767, 142345, 154434, 162399, 162670, 188968, 194431, 250959, 325081, 394670, 686470]
1552	[17413, 42360, 141308]
1556	[10552, 17589, 107598, 1337172]
1578	[14683, 42172, 104913, 106085]
1580	[17546, 370971, 1211833]
1627	[7027, 60316, 274718]
1680	[26050, 211886, 1317839]
1728	[3476, 121607, 916708]
2272	[3474, 42180, 194498]
2394	[3898, 11201, 637432]
2867	[1835, 324987, 457786]
3181	[391, 187134, 190997]
3643	[4205, 17963, 122507]
4373	[6270, 6274, 10383, 14045, 14185, 18983, 20560, 29827, 30979, 37413, 48865, 51946, 69193, 69201, 69866, 98767, 131767, 154434, 162670, 169154]
4554	[6270, 6274, 10383, 14185, 30979, 51946, 69193, 98767, 169154]
4823	[2713, 12588, 201571]
5090	[3476, 3480, 48582]
5120	[2725, 30146, 421723]
5282	[4654, 9271, 10088, 10383, 30979, 35200, 39715, 55804, 61269, 79095, 80092, 86336, 87814, 95452, 98767, 146284, 169154, 170755, 345832]
5413	[4654, 14185, 18547, 69193, 98767, 250959]
5414	[8571, 44312, 57521, 59655, 61485, 61486, 147823, 234866, 234871, 234872, 252383, 253632, 272111, 272112, 272117, 272119, 289274, 289276, 289277, 289278, 289279, 289280, 297365, 302709, 462131, 529229, 833092, 1167513, 1413646, 2024749, 2124723, 2665247, 4700392]
5419	[8571, 61486, 302364, 302709, 345805, 852242, 1259037, 1413646]
5450	[948864, 948865, 948866, 948868, 948869, 948871, 948872, 948876, 948877]
5459	[7027, 602873, 716085, 1342794, 1353483, 1382006, 1522603, 2661003, 3511113, 3511114, 3511159, 3511160, 3511161, 3511163, 3511164, 3511165, 3511166, 3511167, 3511168, 3511169, 3511170, 3511171, 3511173, 3511174, 3511175]
5460	[149103, 324751, 324752]
5487	[69719, 309822, 309824, 434763, 473508]
5488	[19962, 191269, 249373, 498130, 720082, 749437, 1625139, 1625140, 1625141, 1625143, 1625146, 3390975]
5494	[340117, 343704, 430625, 653535, 1590815]
5498	[84008, 258554, 418630, 860177, 860189, 931090, 1310496, 1310497, 1377124, 4166905]
5500	[35303, 44313, 45670, 130563, 130575, 166986, 611219, 965701, 1082224, 1124433, 3209612]
5511	[22061, 58173, 313143, 811762, 1418770, 1496197, 1542787, 1641413, 1866120, 3440923, 3485537, 3485540, 3485542]
5521	[56675, 73721, 189916, 423751, 423761, 789790, 796823, 846443, 908132, 908133, 908134, 948683, 1302207, 1311788, 1334068, 2058551, 2065517, 2069116, 2733897, 4122099, 4502359]
5524	[48651, 108068, 153810, 183390, 222891, 370769]
5525	[49819, 114210, 221490, 270468, 306012, 575524, 614946, 940800, 1350772, 1494543, 1494545, 2057836]
5528	[271521, 585082, 1601753, 1601754, 1601755, 1601756, 1601759, 1601760, 1601761, 1601762, 1601763, 1601764, 1638186, 1681859, 1822627, 2959238, 3003300, 5622293, 5622294]
5529	[535653, 617321, 857697, 857701, 882127, 1142660, 1225779, 1225782, 1257489, 1319170, 1565588, 1587275, 2427302, 3869663, 3869664]
5535	[6270, 56799, 114483, 237890, 265138, 483773]
5541	[108566, 264026, 283102, 287785, 410750, 641763, 716921, 745677, 2746800]
5551	[51851, 89322, 214812, 252850, 1533213, 1887909, 2554339, 6008936, 6008938]
5552	[64664, 70377, 106425, 184698, 315537, 1084123]
5561	[1325100, 1796675, 2453056, 2703581, 2703582, 2703583, 3877705, 3890610]
5565	[126085, 186579, 491430, 579860, 632604, 642524, 642527, 642528]
5575	[81882, 95536, 108439, 192327, 369053, 488362, 488363, 525460]
5576	[26955, 32180, 32208, 184713, 202092, 205525, 646821, 1253409, 4637417]
5578	[296268, 690248, 865123, 1292975, 3766927]
5579	[4654, 26912, 61269, 90494, 98361, 98767]
5581	[27527, 648658, 752205, 828441, 832775, 1040628, 5696533, 6764218, 6764219]
5587	[24220, 24221, 24222, 24223, 24224, 24225, 24226, 24227, 82605, 198319]
5590	[3682, 4654, 6274, 8405, 9221, 9271, 10088, 10383, 10589, 11650, 12196, 12596, 18980, 20560, 22061, 26912, 28026, 32166, 32434, 35200, 35611, 37416, 39064, 39715, 42907, 51946, 51979, 54913, 55804, 61269, 62653, 65939, 66373, 67036, 68809, 74188, 75922, 77034, 79095, 80092, 81013, 81398, 81401, 82730, 87149, 87814, 90494, 95452, 95886, 98684, 98767, 102095, 102100, 106460, 107597, 112966, 131987, 134570, 136280, 138076, 146284, 149347, 151458, 151462, 162399, 167079, 169154, 170709, 170755, 193603, 215514, 220048, 246094, 251595, 345832, 384596, 474867, 497608]
5592	[18981, 50933, 74073, 75928, 80019, 80128, 170598, 189430, 248403, 269036]
5596	[235979, 350933, 716009, 807175, 914909, 1351592, 3510332]
5605	[291339, 302596, 760548, 893629, 1765052, 2424746, 2453606, 2453608, 2453609, 2453611]
5607	[165105, 388722, 532353, 619463, 710042, 754862, 2341158]
5608	[422464, 425618, 425619]
5614	[42903, 87839, 95886, 99318, 151461, 237890, 587715]
5616	[324987, 490460, 1232708, 1521835, 1543572, 1721606, 1727644, 3486523, 3486529, 3486531]
5619	[2725, 67618, 80093, 89429, 100584, 105988]
5625	[201620, 201632, 201633, 224839, 225164, 225165, 297288, 568964, 590225, 1343876]
5627	[36543, 112154, 308115, 857565, 2030844, 2680570, 3324393, 3484901, 3484903, 3484906, 6451119]
5630	[58563, 58566, 82607, 83214, 141086, 155317, 215565, 571609, 868653, 3145833]
5635	[56594, 74392, 705303, 922819, 922820, 1046772, 1525025, 1525027, 3224164, 3224165, 3224166, 3497541, 5239826]
5640	[100654, 505147, 1596397, 2349700, 2349701, 2349704, 2526117, 2884044, 2884045, 6458275, 7265161]
5641	[154066, 172408, 229866, 297258, 297262, 299355, 308846, 1157691, 1160246, 2268826, 2532433, 2723099, 2915933, 4134414]
5642	[5049, 54440, 60742]
5645	[1451992, 1862854, 2242005, 2242006, 2242007, 2242008, 2242009, 2242021, 2242023]
5655	[26955, 32180, 32190, 32202, 119484, 184713, 202092, 205525, 227870, 234890, 294480, 429320, 646821, 868168, 1051386, 1253409]
5660	[20590, 48865, 130185, 267138, 371805, 465791, 676162, 991947, 1668666]
5661	[274587, 274588, 274589, 928876]
5669	[9767, 9768, 222832, 316759]
5677	[421915, 484393, 550483, 809583, 809588, 809591, 1044994, 1044998, 1355682, 1355683, 1355686, 1355689, 1355694]
5679	[2705, 16534, 23183, 59247, 161785, 252650, 4961642]
5687	[119104, 266246, 266926, 288039, 304396, 354002, 425301, 784216, 784217]
5692	[4494, 114675, 153346, 202780, 216771]
5697	[407363, 407375, 407380, 757261, 843447, 879582, 1043476, 1172129, 1189331, 1273141, 2021090]
5702	[98228, 139260, 409266, 413071, 1086304, 2575663]
5704	[276375, 604900, 974827, 974828, 974829, 974830, 974831, 974832]
5715	[14683, 569232, 920016, 1032226, 1747145, 1786759, 2583578, 3487481]
5716	[111196, 421057, 538256, 552513, 979325, 1769959, 1798790, 3361785, 3680215]
5720	[76933, 78003, 115016, 182694, 768444, 1057560]
5722	[10389, 264436, 535043, 1133642, 1488563]
5729	[375279, 1255055, 2598399]
5740	[15501, 167339, 222263, 437054, 1000529, 1000531]
5746	[456102, 495228, 546337, 752600, 810431, 817650, 1383483]
5757	[103447, 302019, 327416, 376570, 380864, 639142]
5762	[1107811, 1110900, 1368509, 1438873, 6861518, 6861523]
5767	[24050, 36945, 162154, 194976]
5770	[1369210, 1369211, 1369212, 1369213, 1369216, 1369217, 1369218]
5772	[1122940, 1378528, 2296687, 2296688, 4975280]
5777	[1062980, 1325075, 1325077, 2592662, 5631232, 5637263, 5638258, 5663260]
5780	[17958, 20590, 48865, 130185, 267138, 371805, 465791, 676162, 991947, 1668666]
5786	[3865, 38207, 46706, 101124]
5791	[26168, 26205, 130829, 559887, 3858247]
5793	[114977, 215920, 239054, 252196, 253974, 294721]
5796	[207103, 651295, 651298, 651299, 2870474]
5797	[18983, 34746, 67928, 81440, 88624]
5806	[15977, 16794, 17047, 19587, 42194, 43281, 66916, 67959, 73974, 87359, 106371, 113673, 133857, 162225, 164183, 224755, 379876, 412565, 737604]
5807	[430616, 430622, 430631, 939163, 1685806]
5817	[714428, 1728405, 4813357, 4813358, 4813360, 4813361, 4813362, 4813363]
5819	[240099, 627903, 2311534, 5333855, 6395604]
5824	[10380, 52509, 359000, 556869]
5834	[215398, 257328, 306448, 452976, 1233379, 1233381, 1448892]
5836	[91565, 200821, 519766, 868759, 1113576, 1189450, 4185293]
5846	[10290, 32010, 261880, 266704, 2276292]
5867	[26955, 32180, 32196, 184713, 202092, 205525, 429320, 624405, 646821, 1253409]
5873	[48404, 52509, 75280, 256185]
5877	[260098, 329635, 1105360, 1129709, 1129714, 1148299]
5891	[1529766, 1529771, 6251922]
5892	[13878, 41276, 41279, 47366, 49346]
5895	[29225, 98767, 100553, 164790]
5897	[658383, 833270, 1338403]
5898	[8600, 84301, 95509, 109510, 307065, 592606]
5899	[327764, 591255, 1237555, 1237576, 1237611, 1237718, 3127342]
5906	[98443, 300967, 316418, 373312]
5909	[7027, 252391, 1753712, 3480364]
5918	[81857, 269286, 345026, 788312]
5922	[301264, 332983, 332985, 1735441, 1735444]
5923	[3470, 8272, 8600, 17413]
5933	[95147, 168867, 185992, 272699, 393461, 1603137]
5934	[485782, 485783, 678716, 965528]
5939	[8571, 711613, 1988760]
5944	[570340, 579111, 1167778, 2223723, 2227745, 2227746]
5956	[108870, 292670, 302709, 468461, 830099, 1311087]
5957	[5420938, 5420939, 5420940, 5420941]
5963	[1225687, 3769198, 3769199, 3769200, 3785974]
5973	[2187769, 2675005, 2983422, 4749784, 7132001]
5984	[39885, 520769, 524182, 1100648]
5986	[56675, 423761, 621180, 707717, 908132, 908133, 1302207, 4122099, 4663061]
5992	[98177, 202861, 458549, 1207155]
6008	[18981, 50933, 74073, 75928, 80019, 80128, 139979, 170598, 189430, 248403, 269036]
6010	[76045, 149326, 280538, 369369, 630527, 1108657]
6017	[31929, 249597, 275340, 1245634]
6020	[621666, 696504, 1991903, 3857269]
6027	[10383, 10389, 12196, 17827, 23036, 38563, 45467, 57103, 65939, 81013, 86074, 100378, 101028, 107597, 151767, 255411, 465604]
6037	[30092, 52317, 83170, 292376, 542754]
6049	[8571, 44312, 57521, 59655, 61485, 61486, 147823, 234866, 234871, 234872, 252383, 253632, 272111, 272112, 272117, 272119, 289274, 289276, 289277, 289278, 289279, 289280, 297365, 302364, 302709, 345805, 462131, 529229, 711613, 833092, 852242, 1167513, 1259037, 1413646, 1644726, 2024749, 2124723, 2665247, 4700392]
6051	[51398, 56675, 302565, 342906, 423746, 423761, 621179, 707721, 789790, 796823, 846443, 908132, 908133, 908134, 1302207, 2160141, 2734899, 3397445, 4122099, 5415608]
6052	[150374, 152096, 264793, 849205]
6060	[32205, 92245, 899900]
6062	[2713, 3288, 3476, 3477, 3682, 3860, 4654, 6054, 6055, 6270, 6274, 7549, 8402, 8405, 8760, 9271, 9706, 9707, 10383, 10389, 10390, 10592, 12341, 12688, 12834, 13151, 14185, 15885, 15977, 16747, 16794, 16795, 16798, 17033, 17047, 17531, 17551, 17964, 18547, 18956, 18980, 19587, 20561, 21262, 23035, 26159, 26162, 27506, 29815, 29890, 29938, 30979, 31929, 32434, 32454, 33201, 34746, 35200, 35611, 37413, 38863, 39064, 44581, 48721, 48723, 48727, 49294, 51979, 53486, 54997, 56739, 60480, 61269, 62047, 65628, 65939, 66373, 69193, 73202, 74188, 75922, 79963, 80092, 80134, 86336, 86574, 87622, 87839, 89604, 95452, 98767, 99503, 105997, 106371, 110089, 111201, 112966, 124115, 131768, 142345, 149347, 162399, 163158, 169154, 169574, 188968, 198102, 246094, 252521, 301428, 303028, 433561, 434487, 465604, 474867, 531383, 603236, 694026, 732629, 1185108]
6066	[10262, 23036, 100378, 251595]
6074	[33762, 92578, 142065, 171652, 428283]
6076	[1268808, 1268809, 1268811]
6082	[2713, 2725, 3288, 3476, 3477, 3682, 3860, 4654, 6055, 6270, 6274, 7549, 7987, 8402, 8405, 9271, 9707, 10383, 10389, 10390, 12341, 12688, 14185, 15885, 15977, 16127, 16747, 16794, 16795, 17033, 17047, 17551, 18956, 18983, 19587, 20560, 20957, 21262, 23035, 27506, 28154, 29815, 29827, 29890, 29938, 30979, 31351, 31929, 32434, 32454, 34746, 35200, 35611, 38863, 39064, 39727, 43281, 43286, 44581, 48865, 49294, 51946, 51979, 53486, 54913, 54997, 56739, 58916, 61269, 62047, 62391, 65628, 66373, 67928, 69193, 69201, 69866, 73202, 74188, 75922, 75999, 79963, 80092, 80134, 81013, 81440, 86336, 87622, 87814, 87839, 89005, 89604, 89978, 95452, 98767, 101256, 105997, 106371, 110089, 110599, 111201, 112961, 112966, 131767, 131768, 142345, 154434, 155154, 162399, 162670, 163158, 169154, 188968, 198102, 252521, 303028, 433357, 433561, 434487, 465604, 474867, 531383, 603236, 732629, 826240, 1324549, 1824668]
6088	[6270, 6274, 10383, 14185, 20560, 30979, 37413, 48865, 51946, 69193, 69866, 98767, 131767, 154434, 162670, 169154]
6098	[558503, 3897104, 3897106]
6105	[2713, 2725, 3476, 6270, 7549, 9706, 10383, 10389, 12196, 13932, 18547, 18666, 30979, 33201, 35200, 43286, 54997, 65939, 70735, 74188, 79963, 81013, 84752, 86336, 87839, 95452, 101028, 107597, 112584, 124497, 160130, 169154, 201571, 207333, 252521, 261834, 414628, 465604, 531383]
6106	[4205, 4654, 6270, 6274, 9271, 10383, 18980, 30979, 35200, 51979, 54997, 61269, 65939, 66373, 74188, 80092, 86336, 95452, 98767, 101256, 107597, 149347, 169154, 246094]
6108	[19132, 218421, 218424]
6112	[32191, 269868, 784734, 784736]
6117	[1022008, 4275012, 4275013]
6120	[8571, 57521, 59655, 61485, 147823, 234866, 234871, 234872, 252383, 253632, 272111, 272112, 272117, 272119, 289274, 289276, 289277, 289278, 289279, 289280, 297365, 462131, 529229, 833092, 1167513, 2024749, 2124723, 2665247, 4700392]
6130	[245285, 271475, 281001, 366242, 395528]
6131	[56799, 63628, 120634]
6133	[240851, 293791, 511614]
6145	[133857, 380870, 924805]
6153	[16794, 43281, 66916, 73974, 87359, 113673, 133857, 162225, 164183, 379876, 412565, 737604]
6170	[4205, 4654, 6270, 9271, 10383, 18980, 35200, 51979, 54997, 61269, 65939, 66373, 74188, 80092, 98767, 101256, 107597, 149347, 169154]
6171	[15562, 472800, 1384018, 1800108]
6174	[6351, 22035, 25955, 30975, 31351, 37898, 42360, 83240, 87128, 115000, 128646, 131995, 142022, 161229, 198721, 303486, 309114, 7270329]
6176	[196276, 269321, 1236836]
6179	[67657, 144310, 177586]
6182	[525175, 753727, 2144320]
6183	[184401, 334859, 384465, 384466]
6190	[1325100, 1796675, 2703581, 2703583, 3877705, 3890610]
6191	[143916, 994026, 4394635]
6199	[12688, 164994, 173125]
6205	[164971, 340355, 553340, 2046310]
6209	[77701, 460697, 460698, 691292]
6212	[2713, 3288, 3476, 3477, 3860, 6055, 6270, 6274, 7549, 8402, 8405, 9271, 9707, 10383, 10390, 12688, 14185, 15977, 16127, 16747, 16794, 16795, 17033, 17531, 17551, 18956, 19587, 21262, 23035, 27506, 29815, 29890, 29938, 30979, 31929, 32434, 32454, 35200, 35611, 38863, 39064, 44581, 49294, 51979, 53486, 54997, 56739, 62047, 65628, 66373, 69193, 75922, 79963, 80092, 80134, 87622, 89604, 89978, 98767, 100591, 105997, 106371, 110089, 110599, 111201, 112966, 142345, 160611, 162399, 163158, 169154, 169574, 188968, 198102, 303028, 433561, 474867, 652303, 732629]
6224	[8571, 44312, 61486, 302364, 302709, 345805, 711613, 852242, 1259037, 1413646, 1644726]
6230	[269321, 1171817, 1214576]
6239	[8405, 16989, 126894, 295137, 382961, 492554, 1299607]
6243	[316759, 316760, 738010]
6249	[3479, 10383, 10389, 12196, 17827, 23036, 57103, 65939, 81013, 101028, 107597, 172408, 180708, 192557, 255411, 272814, 465604]
6253	[149325, 167748, 266768]
6255	[423751, 786319, 1311788, 2058551, 2069116, 2069117, 3044052]
6256	[1150444, 1150735, 7262699]
6257	[148722, 155977, 184979]
6258	[2492492, 2492493, 6425787]
6263	[2463494, 2524776, 3523243]
6278	[292488, 578763, 1964753]
6280	[700494, 700496, 3074850]
6281	[91570, 784746, 951563]
6286	[1552523, 1948036, 2686778, 5207060]
6287	[1062980, 1325075, 2592662, 5631232, 5637263, 5638258]
6293	[2713, 3476, 3682, 6274, 7549, 10383, 12340, 16127, 16794, 18547, 23035, 29936, 30979, 33201, 35200, 39727, 66373, 69866, 74188, 79963, 86336, 87622, 154434, 169154, 169574, 252521, 394670]
6297	[3479, 3918, 5873, 11882, 48432, 56742, 66253, 68040, 70395, 112758, 156745, 210653, 250959, 721960, 1306777]
6305	[3461, 17047, 26170, 27506, 35289, 42194, 57912, 65628, 66843, 92578, 105984, 106371, 122287, 145611, 157853, 176362, 224755, 242349, 355154, 443458, 443459]
6307	[154287, 1674846, 1674848]
6308	[95147, 168867, 185992, 272699, 393461]
6314	[56675, 423761, 621180, 908132, 908133, 1302207, 4122099]
6316	[2713, 3288, 3476, 3477, 3682, 3860, 4654, 6055, 6270, 6274, 7549, 8402, 8405, 9271, 9707, 10380, 10383, 10388, 10390, 11650, 12688, 14185, 15885, 15977, 16747, 16794, 16795, 17033, 17551, 18956, 18980, 19587, 21262, 23035, 23036, 26912, 27506, 28026, 29815, 29890, 29938, 30979, 31929, 32434, 32454, 34746, 35200, 35611, 37413, 37416, 38863, 39064, 42907, 44581, 45467, 49294, 51946, 51979, 53486, 54997, 55804, 56739, 61269, 62047, 62653, 65628, 66373, 68809, 69193, 74188, 75922, 77034, 79095, 79963, 80092, 80122, 80134, 81398, 81401, 86336, 87149, 87622, 87814, 87839, 89604, 90494, 95452, 95886, 98684, 98767, 100378, 102095, 102100, 105997, 106371, 106460, 110089, 111201, 112966, 131768, 131987, 134570, 136280, 138076, 142345, 146284, 149347, 151458, 151462, 151767, 162399, 163158, 167079, 169154, 170709, 170755, 188968, 193603, 198102, 215514, 220048, 251595, 258639, 301428, 303028, 345832, 384596, 433561, 434487, 474867, 497608, 732629]
6318	[5049, 5114, 6708, 26950, 33931, 143563, 163768, 178047, 179966, 180279, 186991, 203192, 204112, 204657, 220114, 227438, 229368, 239919, 239935, 282964, 282968, 282969, 282971, 282973, 282974, 282975, 282976, 458402, 514066, 1441266, 2668427]
6320	[3996137, 3996138, 3996172]
6329	[233496, 374292, 820485, 1817541]
6332	[6274, 9221, 9271, 10383, 11650, 12596, 18980, 22061, 26912, 32434, 35200, 39064, 51979, 54913, 66373, 74188, 75922, 80092, 81013, 90494, 95452, 102095, 112966, 149347, 162399, 215514, 246094, 474867, 497608]
6340	[154066, 172408, 229866, 297258, 297262, 299355, 308846, 1157691, 1160246, 2268826, 2532433, 2723099, 4134414]
6341	[3473252, 7208437, 7208438]
6345	[32205, 91565, 91569, 200821, 519766, 868759, 1113576, 1189450, 4185293]
6349	[153304, 184439, 318046, 795464, 1255087]
6358	[642532, 644545, 1462289]
6377	[253947, 760004, 2355113]
6386	[51398, 56675, 73721, 189916, 302565, 342906, 423746, 423761, 621178, 707721, 787195, 789790, 796823, 846443, 908132, 908133, 948683, 965396, 1125365, 1302207, 1334068, 1786060, 2058551, 2065517, 2066456, 2733897, 2734899, 4122099, 5518925, 5876672]
6399	[260744, 457146, 3704226]
6401	[8571, 57521, 61485, 147823, 234866, 234871, 234872, 253632, 272111, 272112, 272117, 272119, 289274, 289276, 289278, 289279, 289280, 297365, 529229, 833092, 1167513, 2665247, 4700392]
6404	[211999, 212255, 220337, 220338]
6409	[40152, 42200, 66385, 107597]
6419	[4654, 12196, 14185, 18547, 69193, 98767, 250959]
6428	[51858, 1508073, 5086204]
6429	[2713, 3476, 3898, 5873, 6268, 7209, 10383, 23698, 46720, 55839, 66302, 95452, 102095, 135478, 165296, 206277, 210577, 215514, 239092, 260959, 263210, 306513, 314584, 404980, 683196, 1178889, 1857500, 5694691]
6430	[29225, 61270, 99850, 110884]
6440	[2725, 43286, 81013, 201571]
6441	[6055, 14185, 62047, 67928, 110089, 255274]
6445	[61848, 252850, 277324, 699485]
6450	[6270, 6274, 10383, 14185, 20560, 30979, 37413, 48865, 51946, 69193, 69866, 98767, 154434, 162670, 169154]
6461	[3140929, 3140936, 3140937]
6467	[24220, 24221, 24222, 24223, 24224, 24225, 24226, 24227, 198319]
6471	[10388, 10389, 22798, 23036, 38563, 45467, 86074, 90494, 100378, 108103, 151767, 288601, 328061]
6476	[13932, 17551, 18956, 20957, 28332, 29827, 29936, 38863, 69201, 75922, 105997, 112966, 144193, 164269, 188968, 198102, 277549, 333987, 433357, 630532]
6479	[403804, 1863331, 1863333, 1863383]
6483	[26947, 475582, 1853958]
6484	[2264, 3470, 16127]
6492	[1187195, 2821422, 4179536]
6503	[56675, 342906, 423761, 707721, 787195, 789790, 796823, 846443, 908132, 908133, 965396, 1125365, 1302207, 1786060, 2066456, 2734899, 4122099, 5518925]
6507	[43281, 66916, 73974, 87359, 113673, 133857, 162225, 164183, 379876, 412565, 737604]
6517	[10383, 12340, 14185, 17551, 18956, 28026, 32166, 35200, 44581, 51224, 69193, 74188, 75922, 95452, 108907, 112966, 157039, 162399, 169574, 209415]
6528	[240099, 846450, 4951168, 6394906]
6532	[2713, 3461, 3477, 6055, 6270, 6274, 8402, 8405, 9271, 10383, 12688, 15977, 16794, 17033, 17047, 17551, 19587, 21262, 24046, 26170, 27506, 29890, 31929, 32454, 35200, 42194, 44581, 51979, 54997, 57912, 60480, 62047, 65628, 66843, 75922, 86574, 87622, 87839, 89604, 98767, 106371, 110089, 142345, 145611, 162399, 176362, 188968, 224755, 355154, 419396, 443458, 443459, 474867]
6534	[2713, 2725, 6270, 6274, 7549, 9706, 13932, 14185, 18547, 18666, 30979, 33201, 43286, 54997, 69193, 70735, 79963, 86336, 87839, 124497, 160130, 164269, 201571, 207333, 252521, 261834, 394670, 414628, 531383]
6536	[8571, 61485, 147823, 234866, 234871, 253632, 272111, 272112, 272117, 272119, 289274, 289276, 289278, 289279, 289280, 297365, 529229, 833092, 2665247, 4700392]
6541	[5049, 5114, 6708, 26950, 33931, 143563, 163768, 178047, 179966, 180279, 186991, 203192, 204112, 204657, 220114, 229368, 239919, 239935, 282964, 282968, 282969, 282971, 282973, 282974, 282975, 282976, 458402, 514066, 1441266, 2668427]
6559	[8571, 61485, 234866, 234871, 253632, 272111, 272112, 272117, 272119, 289274, 289276, 289278, 289279, 289280, 297365, 529229, 833092, 2665247, 4700392]
6568	[6274, 6720, 12196, 13911, 14185, 18547, 23693, 29786, 33748, 36932, 38323, 57912, 69193, 163153, 250959, 323088, 394670, 1084123, 1386755, 4102516]
6581	[9462, 10383, 11650, 26912, 69887, 90494, 95452, 98361, 174890, 180921, 281068]
6583	[147823, 355145, 1526390]
6586	[6055, 6274, 9707, 10383, 12596, 15977, 17032, 19587, 35200, 54913, 62047, 74188, 92220, 95452, 110089, 111201, 246094, 433561, 603236, 1710039]
6590	[119104, 266246, 266926, 304396, 354002, 425301, 784216, 784217]
6593	[714428, 1728405, 4813357, 4813358, 4813360, 4813362, 4813363]
6594	[2713, 3288, 3476, 3477, 3860, 4654, 6055, 6270, 6274, 7549, 8402, 8405, 9271, 9707, 10383, 10390, 12688, 12834, 14185, 15885, 15977, 16747, 16794, 16795, 17033, 17551, 18956, 19587, 21262, 21715, 23031, 23035, 27506, 29815, 29890, 29938, 30092, 30979, 31929, 32434, 32454, 32550, 34746, 35200, 35611, 37413, 38863, 39064, 44581, 49294, 51979, 53486, 54997, 56739, 61269, 62047, 65628, 66373, 69193, 73202, 74188, 75922, 79963, 80092, 80134, 86336, 87622, 87839, 89604, 89978, 95452, 98767, 105997, 106371, 110089, 111201, 112966, 131768, 142345, 162399, 163158, 169154, 188968, 198102, 301428, 303028, 343989, 433561, 434487, 474867, 591829, 732629, 1614775, 4988595]
6599	[2713, 7549, 10384, 10389, 12588, 16127, 47202, 47966, 52509, 81013, 84752, 110599, 465604]
6604	[502979, 698927, 2032437]
6605	[26912, 81013, 85030, 217628, 251595, 297846, 425619, 503529]
6606	[3288, 47966, 319060, 620489, 856801, 2649312]
6607	[33931, 204648, 262411]
6610	[10383, 12340, 18956, 28026, 32166, 44581, 51224, 95452, 108907, 157039, 169574, 209415]
6612	[2725, 9221, 22856, 115911, 180921, 311510, 380862, 737604, 1299408]
6613	[18981, 50933, 75928, 80128, 170598, 189430, 248403, 269036]
6614	[67618, 87128, 139043]
6617	[4654, 10383, 11650, 26912, 28026, 32166, 41326, 61269, 67036, 90494]
6620	[589521, 1541466, 1541467]
6621	[10390, 66916, 242415, 1145441]
6630	[20590, 130185, 267138, 371805, 465791, 676162, 991947]
6635	[2713, 6274, 7549, 12340, 16794, 18547, 23035, 33201, 79963, 169574, 252521, 394670]
6636	[7209, 265767, 460023]
6640	[15977, 16794, 19587, 106371, 161159, 167788, 183593, 208551, 293706, 551220]
6642	[2713, 6274, 7549, 12340, 16794, 18547, 23035, 33201, 79963, 252521, 394670]
6643	[715250, 1762635, 1762636]
6647	[6270, 6274, 10383, 14185, 18983, 20560, 29827, 30979, 37413, 48865, 51946, 69193, 69201, 69866, 98767, 131767, 154434, 162670, 169154]
6649	[2713, 3476, 3682, 4654, 5873, 7209, 8405, 9271, 10088, 10383, 10589, 11650, 18980, 26912, 28026, 32166, 35200, 35611, 37416, 39715, 42907, 48865, 51946, 51979, 55804, 61269, 62653, 65939, 67036, 68809, 74188, 77034, 79095, 80092, 81398, 81401, 87149, 87814, 90494, 95452, 95886, 98684, 98767, 102095, 102100, 106460, 131987, 134570, 136280, 138076, 146284, 149347, 151458, 151462, 167079, 169154, 170709, 170755, 193603, 215514, 220048, 263210, 345832, 384596, 497608, 598250]
6653	[603122, 6927871, 6927872]
6655	[78003, 143457, 202316]
6658	[321661, 504794, 1144036]
6663	[11323, 69531, 121140]
6666	[3476, 3898, 5873, 6268, 7209, 23698, 46720, 55839, 66302, 102095, 135478, 165296, 206277, 210577, 239092, 260959, 263210, 306513, 314584, 404980, 683196, 1178889, 1857500, 5694691]
6668	[6274, 12340, 18547, 394670]
6669	[3461, 26170, 27506, 57912, 65628, 66843, 106371, 145611, 176362, 355154, 443458, 443459]
6676	[12834, 16747, 16794, 17551, 21715, 23031, 23035, 30092, 32550, 49294, 56739, 89978, 163158, 303028, 591829, 1614775, 4988595]
6677	[3667, 142345, 285651, 2414159]
6679	[2713, 3288, 3476, 3477, 3860, 6270, 6274, 7549, 10383, 10389, 10390, 10582, 12341, 14185, 16747, 16794, 16795, 17531, 18547, 18666, 21262, 23035, 24046, 30979, 31929, 34746, 35200, 47966, 49294, 53486, 54997, 60480, 66373, 66843, 69193, 73202, 74188, 75922, 79963, 80134, 86574, 87839, 88624, 89604, 97320, 111201, 112966, 131768, 162399, 169154, 198102, 252521, 265417, 394670, 419396, 465604, 603236, 615730, 732629]
6683	[6720, 12196, 13911, 18547, 23693, 29786, 33748, 36932, 38323, 57912, 163153, 250959, 323088, 394670, 1084123, 1386755, 4102516]
6685	[291339, 302596, 760548, 893629, 1765052, 2453606, 2453608, 2453609, 2453611]
6686	[8571, 61486, 302364, 302709, 345805, 852242, 1259037]
6688	[490449, 3634577, 3634578]
6691	[3682, 4654, 8405, 9271, 10383, 11650, 18980, 26912, 28026, 32166, 35200, 35611, 37416, 42907, 51946, 55804, 61269, 62653, 67036, 68809, 77034, 79095, 80092, 81398, 81401, 87149, 87814, 90494, 95886, 98684, 98767, 102095, 102100, 106460, 131987, 134570, 136280, 138076, 146284, 151458, 151462, 167079, 169154, 170709, 170755, 193603, 215514, 220048, 345832, 384596, 497608]
6693	[3682, 6270, 10383, 18983, 20560, 20957, 26641, 28154, 29827, 30979, 31351, 34746, 39727, 43281, 48865, 51946, 58916, 67928, 69201, 69866, 73202, 75999, 81440, 86336, 87814, 89005, 98767, 101256, 112961, 131767, 154434, 155154, 162670, 169154, 433357]
6696	[100654, 505147, 1596397, 2349700, 2349701, 2349704, 2526117, 7265161]
6697	[505147, 2349704, 2884044, 2884045, 6458275]
6700	[162039, 283311, 1966039]
6704	[2713, 2725, 9706, 13932, 18547, 18666, 33201, 43286, 70735, 124497, 160130, 201571, 207333, 252521, 261834, 414628]
6706	[37898, 93198, 115465, 161332]
6707	[5049, 5114, 6708, 26950, 33931, 143563, 163768, 179966, 180279, 186991, 203192, 204112, 204657, 220114, 229368, 239935, 282964, 282968, 282969, 282971, 282973, 282974, 282975, 282976, 458402, 514066, 2668427]
6708	[6720, 12196, 13911, 18547, 23693, 29786, 33748, 36932, 38323, 57912, 163153, 250959, 323088, 1084123, 1386755, 4102516]
6710	[2713, 3288, 3476, 3477, 3860, 4654, 6055, 6270, 6274, 8402, 8405, 9271, 9707, 10383, 10389, 10390, 12341, 12688, 14185, 15977, 16747, 16794, 16795, 17033, 17551, 18956, 19587, 21262, 23035, 27506, 29815, 29890, 29938, 30979, 31929, 32434, 32454, 34746, 35200, 35611, 38863, 39064, 44581, 49294, 51979, 53486, 54997, 56739, 61269, 62047, 65628, 66373, 69193, 74188, 75922, 79963, 80092, 80134, 87622, 98767, 105997, 106371, 110089, 111201, 112966, 131768, 142345, 162399, 169154, 188968, 198102, 303028, 433561, 465604, 474867, 603236, 732629]
6711	[56675, 342906, 423761, 787195, 846443, 965396, 1125365, 1786060, 2066456, 5518925]
6713	[923463, 5737087, 5737088]
6715	[6270, 6274, 9081, 10383, 13932, 16127, 20957, 22164, 26641, 28795, 29936, 33762, 54913, 58648, 69201, 94538, 115911, 164269, 169154, 177651, 235979, 277549, 433357]
6716	[153304, 184439, 318046, 1255087]
6718	[12688, 14185, 17047, 42194, 47835, 66916, 67928, 67959, 99787, 125448, 224755]
6720	[64684, 1083227, 3230952]
6721	[51398, 302565, 342906, 423746, 423761, 621178, 707721, 789790, 948683, 2733897, 2734899, 5876672]
6723	[12834, 16747, 16794, 17551, 21715, 23031, 23035, 30092, 32550, 49294, 89978, 163158, 591829, 1614775, 4988595]
6725	[5049, 5114, 6708, 26950, 33931, 143563, 163768, 179966, 180279, 186991, 203192, 204112, 220114, 229368, 239935, 282964, 282968, 282969, 282971, 282973, 282974, 282975, 282976, 458402, 514066, 2668427]
6726	[3682, 4654, 8405, 9271, 10383, 11650, 18980, 26912, 28026, 35611, 37416, 42907, 51946, 55804, 61269, 62653, 68809, 77034, 79095, 80092, 81398, 81401, 87149, 87814, 90494, 95886, 98684, 102095, 102100, 106460, 131987, 134570, 136280, 138076, 146284, 151458, 151462, 167079, 169154, 170709, 170755, 193603, 215514, 220048, 345832, 384596, 497608]
6733	[2725, 12196, 18509, 21767, 81013, 85030, 152368, 153089, 465604]
