1	[55080, 83904, 166320]
10	[32201, 179366, 228408]
29	[76028, 177340, 207945, 899517]
30	[16406, 6181509, 6181511]
56	[184439, 184440, 184441, 184712]
59	[153980, 170355, 410038]
366	[76028, 110593, 732482]
527	[10081, 5455066, 7262188]
528	[15900, 61499, 1736801]
540	[32181, 109661, 188810]
676	[347276, 1059683, 2035499]
771	[154028, 1043775, 1132706]
819	[3865, 872312, 1421378]
820	[430553, 630957, 2360753]
1020	[84643, 182998, 1728735]
1022	[10360, 256779, 256780]
1046	[235031, 235032, 235033]
1050	[191271, 926682, 1781229]
1053	[32191, 32192, 91511]
1069	[41408, 474083, 728829]
1092	[13774, 830694, 894994]
1172	[10360, 256777, 256782]
1294	[29936, 323172, 950650]
1321	[48392, 48413, 84101]
1556	[10552, 17589, 107598, 1337172]
1580	[17546, 370971, 1211833]
1627	[7027, 60316, 274718]
1680	[26050, 211886, 1317839]
1728	[3476, 121607, 916708]
2272	[3474, 42180, 194498]
2394	[3898, 11201, 637432]
2867	[1835, 324987, 457786]
3181	[391, 187134, 190997]
5120	[2725, 30146, 421723]
5679	[2705, 59247, 4961642]
7371	[1425, 132714, 178941]
8596	[634, 16388, 105272]
8760	[2266, 97835, 386320]
10849	[2725, 9772, 204965]
13480	[2704, 29001, 4053754]
13489	[391, 99731, 123904]
15485	[868, 1705, 17928, 47677]
15780	[78, 83723, 241833]
15987	[2604, 79579, 1411691]
16153	[2264, 52771, 56348]
16411	[3474, 38258, 104664]
16579	[402, 230534, 358880]
16812	[868, 1409977, 1409978]
16848	[2689, 17960, 33281]
16954	[40346, 67070, 86163, 245159]
17654	[1126, 32381, 113284]
18252	[3898, 3909, 31753]
18509	[584, 91322, 94860]
20645	[318, 649, 789, 1676, 1781, 2003, 2692, 2713, 2714, 2725, 2751, 2983, 3165, 3178, 3268, 3865, 3909, 4033, 4079, 4091, 4119, 4533, 4614, 4834, 4970, 5063, 5545, 5876, 6092, 6518, 6714, 7028, 7247, 7253, 7278, 7289, 7291, 7298, 7299, 7400, 7613, 7619, 7662, 7686, 7690, 7698, 7703, 7717, 8024, 8760, 9074, 10357, 10422, 10643, 11012, 11073, 11449, 12136, 12137, 12339, 12591, 12693, 13187, 13195, 13196, 13606, 13820, 13879, 14457, 14468, 14469, 14472, 14473, 14486, 14648, 14675, 14894, 15163, 16430, 16622, 17546, 17551, 17802, 18034, 18509, 18726, 19298, 19674, 19973, 20700, 21039, 21295, 21767, 22193, 22757, 22796, 24778, 26044, 26641, 28122, 28209, 28795, 29236, 30024, 30088, 30093, 30542, 30617, 30662, 31011, 31146, 31185, 31526, 31792, 32394, 32411, 32416, 32417, 32429, 32990, 33058, 33534, 34074, 34155, 34276, 34521, 34547, 35746, 36112, 36550, 36621, 37032, 38379, 38403, 38781, 39471, 40409, 40583, 41182, 41266, 41767, 42554, 42895, 42976, 43589, 43733, 43744, 44559, 45033, 45534, 46304, 47946, 47950, 48433, 48863, 49085, 51324, 53982, 54650, 55804, 56150, 56331, 56551, 58266, 59632, 61250, 61730, 62320, 63462, 63507, 64062, 66261, 66861, 67260, 67435, 67526, 67964, 67977, 68290, 71147, 72292, 72308, 72358, 72872, 72898, 74500, 74505, 75729, 76012, 79114, 79433, 81368, 82333, 83143, 84626, 84751, 84752, 86074, 86417, 87420, 88722, 88742, 90153, 95972, 96921, 98541, 98545, 99663, 99778, 100405, 101028, 105449, 105450, 105452, 105902, 107643, 108103, 111159, 111569, 113986, 114087, 114093, 114483, 117026, 117224, 117598, 120883, 125045, 126813, 126816, 130979, 136858, 142142, 148982, 152882, 155104, 155227, 157594, 167898, 168359, 178572, 181073, 191891, 191964, 194092, 214625, 218605, 228032, 235825, 240652, 251172, 251944, 255292, 255363, 260742, 274209, 283400, 289816, 299130, 302123, 303756, 317140, 317696, 332850, 347976, 351814, 381394, 383016, 441695, 449855, 474756, 493582, 606855, 655778, 1010823, 1079581, 1107228, 1137728]
20694	[391, 15791, 26453]
20910	[484, 431734, 522102]
22200	[634, 23859, 105272]
24325	[15751, 36563, 182862, 333729, 333731, 525185, 534315, 3326229]
24393	[868, 4871, 21475]
25461	[31757, 105915, 191416]
26184	[19812, 39885, 65645, 65725, 67657, 76038, 99731, 124166, 143235, 177582, 212292, 220722, 245155, 260616, 269868, 306954, 361814, 373345, 457098, 537389, 583394, 590331, 738899, 738901, 738902, 738903, 738906, 739231, 739232, 739234, 1060813, 1265126, 1397707]
26195	[294112, 316083, 394092, 401214, 589661, 1929078, 3216469]
26200	[459244, 459245, 459246, 459247, 459248, 459249, 459250, 459251, 459252]
26202	[95165, 119018, 149588, 179118, 200185, 283657, 287345, 747816, 844678, 844684, 961481, 1484292, 1918582, 3761364, 3761366, 3761367, 3761368, 3761369, 4563059]
26208	[27982, 42415, 42417, 114160, 129378, 249184, 327454, 359803, 373984, 532043, 605983, 684030, 857883, 1081820, 1412304, 1784743, 1854043, 2424814, 3339936, 4608451]
26210	[3178, 7289, 7291, 7686, 7698, 7702, 11951, 12137, 13187, 14468, 14894, 17551, 17594, 19973, 21295, 26345, 33534, 35746, 38379, 38403, 38781, 49529, 50693, 55804, 58089, 58266, 67260, 74500, 79114, 79433, 82333, 84626, 84751, 96921, 114093, 117224, 126816, 142060, 194667, 274209, 283400]
26213	[32886, 59692, 63308, 98018, 190580, 190583, 191000, 253451, 282709, 305169, 391794, 437255, 568011, 627025, 982473, 1162898, 1169776, 1213881, 1857843, 2154022, 2427923, 3059110, 3059112]
26214	[1781, 2725, 7426, 7722, 9938, 21327, 21893, 25751, 26742, 27430, 28648, 36936, 47872, 50320, 55521, 57412, 58022, 61612, 67323, 68345, 82901, 98801, 108129, 486260, 705416, 1358412, 1737542, 5105693]
26231	[7579, 27546, 38794, 48077, 55969, 60232, 79473, 81148, 81474, 81475, 81477, 86535, 158057, 210011, 211771, 231577, 263823, 298707, 301082, 301083, 301084, 301086, 301087, 301088, 301089, 307686]
26232	[8672, 12007, 12593, 12974, 95537, 95539, 95541, 95542, 95544, 95546, 96123, 96266, 102506, 108439, 108566, 115463, 192325, 192327, 205127, 216140, 226461, 229547, 254070, 261293, 268272, 283469, 294746, 304975, 335045, 342543, 346688, 375279, 386675, 430876, 442010, 442174, 456926, 473207, 497542, 523642, 621694, 627442, 671328, 703539, 765352, 833315, 834224, 967915, 978126, 999914, 1016551, 1143370, 1259101, 1343876, 1608537, 1659668, 1668683, 1741776, 2000915, 2306069, 3234888, 4222626, 4223076, 4223077]
26249	[157298, 160820, 256982, 263749, 273706, 295339, 299333, 529870, 820040, 820041, 2669593, 2828138, 3311285]
26258	[14025, 26293, 106696, 166513, 197094, 276137, 630413, 772739, 1536545, 1689533, 2984303, 2984304, 2984305, 2984306, 2984307, 2984308, 2984309, 2984310, 2984311]
26275	[2123763, 2594552, 5128565, 5554180, 5613561, 6275620, 6564152, 6577702, 6898628, 6898630, 6898631]
26303	[109923, 142962, 142992, 177209, 177210, 177211, 198937, 223296, 227438, 241962, 254917, 270152, 366111, 791715, 791716, 791718, 791719, 791720, 791723, 791724, 1411145, 1482025, 1533954, 1930937, 1930939, 1930940, 1930941, 1930943]
26316	[18799, 18802, 228869, 240978, 335786, 339679, 344854, 375670, 377375, 389074, 589387, 625609, 889632, 1050457, 1096965, 1130370, 1222808, 1418152, 1491940, 1608537, 2124057, 2925824, 3338469, 4257253, 6145855]
26317	[153980, 196278, 262940, 492243, 984079, 984080, 984083, 1572229, 1572230, 1572231, 2133360, 2360558, 3001127, 3200521, 3682452]
26319	[14563, 26955, 32190, 32199, 32202, 76028, 92243, 119083, 119084, 188041, 190370, 202094, 207968, 219565, 222088, 262357, 373345, 457732, 610798, 619818, 621396, 1013597]
26325	[128516, 257619, 284858, 436167, 914006, 990337, 1055021, 1379671, 1446529, 1572333, 1580441, 1705327, 3823755, 3823756, 3823762, 3823763, 3823764, 3823765, 3823766, 3823767]
26329	[1102547, 1128241, 1276936, 1276964, 1277024, 1277093, 1277095, 1277099, 1277109, 1277114, 1277116, 1277119, 1277216, 1277243, 1277273, 1277274, 1277275, 1277276, 1277277, 1277278]
26353	[484, 17135, 98165]
26363	[8729, 29060, 52898, 63078, 193613, 203916, 205002, 232045, 234587, 275907, 310999, 326697, 333412, 396584, 465093, 535750, 870303, 886488, 1343412, 2003715, 2003716, 4172351]
26365	[1188, 2707, 7637, 7640, 15213, 19664, 28838, 33617, 36957, 44265, 52456, 57270, 68945, 146516, 1359418]
26367	[2077, 11612, 23686, 34058, 44605, 253313, 255964, 275400, 281230, 282277, 288866, 294103, 294106, 299754, 313910, 332473, 347360, 663197, 1258144]
26383	[75474, 98418, 99064, 168708, 473035, 750993, 2830534, 3129317, 4208112, 4822129, 6521186, 6521187, 6521188, 6521189, 6521190, 6521191, 6521192, 6521193, 6551545]
26393	[91596, 566545, 570961, 994316, 1053305, 1070040, 1070068, 1078512, 1078660, 1090340, 1093960, 1095428, 1098008]
26394	[13268, 49849, 65699, 141201, 141212, 159352, 202293, 213741, 644382, 645244, 645245, 645246, 645247, 645248, 645284, 645285, 645286]
26403	[2725, 34829, 151767, 175008, 226971, 1223562, 1693382]
26410	[12589, 12969, 15285, 15560, 22501, 23208, 58520, 68671, 75331, 75585, 79576, 79618, 80713, 82598, 104517, 119090, 134586, 137071, 138231, 139463, 144668, 178653, 188911, 210045, 224321, 225237, 250076, 250077, 295734, 392075, 516407]
26421	[45771, 73041, 91826, 572176, 572177, 572178, 572931, 691066, 790923, 790924]
26434	[4759, 39796, 47117, 158953, 279023, 282934, 740587, 791012, 908721, 1201413, 1583416, 1599935, 1603614, 1838920, 2677536, 7375265, 7375267]
26468	[18802, 228869, 240978, 339679, 344854, 375670, 377375, 389074, 589387, 625609, 1050457, 1096965, 1130370, 1222808, 1418152, 1491940, 1608537, 2124057, 2925824, 3338469, 4257253, 6145855]
26472	[117020, 117021, 122051, 122052, 122053, 122054, 1086610]
26498	[13811, 26653, 34157, 63191, 79935, 168344, 329265]
26509	[29936, 37413, 64664, 66385, 101096]
26522	[12007, 12974, 16388, 95537, 95539, 95541, 95542, 95544, 95546, 96123, 96266, 102506, 108439, 108566, 115463, 192325, 192327, 205127, 216140, 226461, 229547, 261293, 268272, 283469, 294746, 304975, 335045, 342543, 346688, 375279, 375661, 386675, 430876, 442010, 442174, 456926, 473207, 497542, 523642, 621694, 627442, 703539, 833315, 834224, 967915, 978126, 999914, 1016551, 1259101, 1343876, 1608537, 1659668, 1668683, 1741776, 2000915, 2306069, 3234888, 4222626, 4223076, 4223077]
26533	[3243, 7677, 16312, 17554]
26534	[2707, 2709, 2710, 2714, 2769, 9542, 13410, 18170, 19564, 27963, 36663, 36664, 101664, 101667, 349357]
26544	[204672, 214404, 270981, 270983, 345001, 559099, 3236479, 4796620, 7161533, 7510174]
26546	[61849, 76553, 88412, 111569, 114857, 166857, 426228, 457600, 731154, 1972531]
26575	[56675, 73721, 302565, 387732, 490162, 621202, 707717, 751345, 789790, 908132, 1031007, 1273697, 1302207, 1844384, 2058551, 4746948, 5917000]
26580	[19768, 45498, 48331, 51669, 52135, 150604, 161497, 191099, 339141, 580382, 846174, 875429, 1032199, 1100088]
26583	[52737, 180586, 394617, 484422, 1035947, 1676156, 2567387, 3401406, 3401408, 3750237]
26663	[347, 17892, 28846, 41569, 74981, 92146, 253634, 253635]
26669	[69720, 81290, 86075, 129359, 272007, 465451, 1095601, 3315523, 3315524, 3315525]
26670	[11136, 85929, 124506]
26676	[24101, 65740, 142116, 221910, 259932, 267749, 267939, 269559, 269561, 288922, 294671, 295939, 314862, 314863, 314864, 314865, 314867, 314868, 2418360]
26719	[122511, 157368, 174247, 180283, 637469, 650698, 650701, 650705, 1117669]
26730	[75688, 160956, 438451, 509988, 530368, 1450260, 1676060, 1764448, 3071295, 3085291]
26734	[7662, 58533, 77307]
26738	[10643, 24220, 40152, 56331, 150337]
26740	[12879, 276791, 280517, 3827368]
26748	[179038, 252850, 299238, 349288, 388501, 398268, 398269]
26749	[7409, 7412, 7413, 7414, 7416, 7417, 7418, 526831, 1541349, 6194170]
26751	[87564, 87565, 87566, 87567, 91917, 91918, 486229, 486230]
26761	[424795, 455988, 612307, 1002555, 1031400, 1032847, 1242537, 1354772, 1583647, 2238357, 3574247, 3834167, 4169790]
26773	[56860, 320364, 351500, 415557, 593357, 4929962, 4929964]
26778	[235362, 323362, 3569758, 5296641, 6345370, 6345371, 6345372, 6345373, 6345400]
26794	[2003, 3178, 4533, 7253, 7289, 7291, 7690, 8024, 8760, 9074, 13196, 14457, 14468, 14469, 14473, 17551, 26345, 28122, 30093, 31011, 31146, 31328, 34521, 43589, 44002, 47946, 50911, 67977, 72292, 80366, 83143, 90153, 105450, 114483, 130979, 184648, 474756]
26798	[366682, 503123, 826240]
26799	[56675, 73721, 240099, 302565, 423749, 490162, 621202, 707717, 751345, 789790, 908132, 1031007, 1273697, 1302207, 1690732, 1690734, 1844384, 2058551, 5917000]
26800	[7166, 28198, 58287, 64928, 186106, 304395, 549443, 648141, 6696619]
26801	[31054, 75594, 456122, 1038711, 2103143]
26808	[207963, 338360, 355729, 355730, 400765, 1123020, 1157691, 1209483, 1568206, 1733262]
26818	[347, 17892, 28846, 41569, 74981, 92146, 253634]
26829	[37729, 59656, 62391, 74391, 102333, 229726, 290588, 297950, 328333, 328334, 328335]
26835	[780173, 1130461, 1579353, 3767683, 7740825]
26855	[11409, 11414, 38288, 854803, 854804, 854806, 854807, 854808, 854810]
26864	[335683, 335691, 351818, 351821, 352722, 352723, 353633, 363000, 394138, 394139, 394140, 394141, 394142]
26865	[575, 5099, 11606, 47117, 70544]
26896	[389045, 598073, 598086, 598089, 598090, 644196, 644348, 851341]
26897	[59848, 89342, 89343, 89344, 223673]
26904	[1945726, 4273418, 7680555, 7680558, 7680559, 7680560, 7680561, 7680562, 7680563, 7680564, 7680566, 7680567]
26915	[16258, 51115, 122286, 145352, 145353, 264268]
26939	[23508, 25283, 31526]
26940	[4211, 40158, 50187, 103530]
26941	[82333, 228859, 258141, 263200, 263201, 263202, 263203, 263204, 263206, 272901, 2798490]
26942	[34547, 70062, 75187, 104364, 259633, 592181, 1023928]
26943	[11332, 17926, 44599, 65987, 81278, 113606, 155304, 394092, 2288788, 2445132, 2445133, 2445135, 3107915]
26954	[1266125, 1266126, 1266127, 1266128, 1266129]
26955	[4655, 76753, 151144, 166558, 267853, 285693, 290588, 297338, 344080, 512886]
26960	[4614, 111323, 138315, 563313]
26961	[43956, 44153, 44913, 60121, 68174, 96173, 142652, 840932]
26967	[28122, 68979, 125168, 127177, 188264, 342117, 343569, 370189, 846174]
26975	[1196, 26493, 29372, 32866, 118198, 4159878]
26979	[3857, 26968, 120232, 289746, 307752, 1301298, 1301299]
26990	[165219, 207408, 207409, 207410, 207411, 207412, 207413]
26991	[722419, 829278, 901963, 1308449, 2347956, 2355816, 2360588, 2360589, 2360591, 3274991, 3444235, 7658514]
26995	[222322, 268386, 268387, 287310]
26996	[12589, 22533, 34069, 83832, 93112, 967691]
27000	[61222, 61265, 148585, 208639, 274885, 363623, 411804, 631861, 783122, 1224191]
27005	[325, 12181, 15778, 22712]
27010	[7551, 10422, 187641, 288121, 308794]
27012	[66371, 70946, 70949, 261727, 1114691]
27032	[754, 1812, 4556, 6118, 7297, 7383, 18041, 155559]
27033	[5876, 10590, 19594, 21581, 161487, 219213]
27050	[26955, 32180, 32197, 113428, 227870, 234890]
27052	[473, 6212, 243995, 557231]
27078	[4451, 22416, 38521, 56870, 127338, 203376, 223013, 527012]
27097	[12007, 12593, 12974, 95537, 95539, 95541, 95542, 95544, 95546, 96123, 96266, 102506, 108439, 108566, 115463, 192325, 192327, 205127, 216140, 226461, 229547, 254070, 261293, 268272, 283469, 294746, 304975, 335045, 342543, 346688, 375279, 386675, 430876, 442010, 442174, 456926, 473207, 497542, 523642, 621694, 627442, 671328, 703539, 765352, 833315, 834224, 967915, 978126, 999914, 1016551, 1143370, 1259101, 1343876, 1608537, 1659668, 1668683, 1741776, 2000915, 2306069, 3234888, 4222626, 4223076, 4223077]
27103	[2077, 11612, 23686, 34058, 42102, 44605, 76764, 253313, 255964, 275400, 281230, 282277, 288866, 294103, 294106, 299754, 313910, 332473, 347360, 663197, 1258144]
27106	[4078401, 4078402, 4078403, 4078404, 4078405, 4078406]
27108	[13898, 19762, 36214, 36243, 80374, 101838, 161898, 687988, 2810527]
27109	[99056, 298368, 304992, 1177719, 2821966, 4797156, 4797157, 4797158, 4797159]
27114	[12879, 88471, 150990, 1457183, 1749057, 1749058, 1749059]
27119	[567446, 1432907, 1464704, 1464706, 1520162, 1520165, 2096867, 3637057, 4095576, 4095577]
27135	[7266, 41428, 145639, 492173]
27136	[866, 2147, 125723]
27143	[650, 3133, 3231, 45987]
27144	[2264, 2265, 3288, 3477, 17957, 32166, 35289, 37413, 57627, 64664, 66385, 87814, 101096, 177651]
27145	[19762, 228254, 1241686]
27153	[3474, 96114, 274209]
27156	[30190, 627291, 627292, 627293, 627294, 627295, 727762, 1160683]
27165	[139377, 152426, 227463, 434295]
27178	[29703, 70864, 94630, 509789]
27181	[116805, 195670, 198946, 235371, 1031547, 1490338, 3485382, 6555182, 6555183]
27187	[367539, 367540, 370963, 617891]
27205	[946, 1877, 4530, 7260, 10388, 17566, 69933, 70864, 85692, 95908, 116356, 151610, 169074, 248110]
27218	[267872, 356004, 3524406]
27222	[44101, 933376, 933377]
27224	[34155, 36562, 221063]
27225	[24467, 60127, 77646, 91135, 98152, 170458]
27226	[394882, 530931, 1078737, 1733884, 1733885, 1733887, 1733888, 1734183]
27228	[257961, 1529144, 1577369, 1607577, 3855984]
27233	[81483, 292155, 880175]
27240	[1380593, 1380594, 1380595, 1380596, 1380599, 2742750]
27245	[189794, 203676, 349768, 389353, 1362295]
27250	[4058, 16083, 50320, 125089]
27253	[1580366, 1580376, 1658772, 2783565]
27256	[9659, 364902, 370640, 744392]
27259	[84667, 84682, 149041, 930705, 1133843, 1412855]
27263	[10390, 14497, 25262, 131244]
27267	[28421, 29845, 75020, 128665]
27272	[7557056, 7557058, 7557059, 7557060, 7557061, 7557062]
27286	[2782, 32414, 81559, 100532, 138943, 175569, 185863, 234413, 1328550]
27297	[86448, 150757, 599644, 624907, 1008303, 1008304]
27298	[60179, 104613, 226558, 389237, 395242, 395255, 403951]
27303	[46594, 46596, 46597, 69321, 69324, 327796]
27319	[382799, 389666, 814830]
27326	[43733, 67806, 125876]
27327	[8958, 9658, 254471, 1213250]
27337	[381345, 808517, 886748, 886749, 1336219, 1422534, 2056576]
27342	[15751, 36563, 182862, 333729, 333731, 525185, 534315]
27355	[532415, 906604, 1033038, 1302604, 3376639]
27390	[15118, 79159, 218602, 332918, 535968, 691292]
27397	[176435, 395176, 445608, 1631522]
27398	[681688, 715225, 820393, 2522414, 2793123]
27399	[61419, 253051, 421866, 441147, 441148]
27408	[132499, 132500, 210394, 303201]
27414	[2318, 5288, 271013]
27425	[28857, 55566, 346879]
27441	[149103, 324751, 324752, 790539]
27449	[12007, 12593, 12974, 95537, 95539, 95541, 95542, 95544, 95546, 96123, 96266, 102506, 108439, 108566, 115463, 192325, 192327, 205127, 216140, 226461, 229547, 254070, 261293, 268272, 283469, 294746, 304975, 335045, 342543, 346688, 375279, 386675, 430876, 442010, 442174, 456926, 473207, 497542, 523642, 621694, 627442, 703539, 833315, 834224, 967915, 978126, 999914, 1016551, 1259101, 1343876, 1608537, 1659668, 1668683, 1741776, 2000915, 2306069, 3234888, 4222626, 4223076, 4223077]
27473	[26955, 224467, 286198, 293983, 366773, 603188]
27474	[2921, 4058, 4066, 4605, 6881, 7182, 7396, 11929, 18740, 19973, 30974, 33534, 58281, 75212, 185792, 216971, 224179, 274209, 358899]
27475	[251767, 1185893, 1185894, 1185895, 1185896, 1185897]
27484	[55326, 185343, 273968, 413212, 413350]
27489	[161671, 220919, 2284970, 4077766]
27495	[12007, 12593, 12974, 95537, 95539, 95541, 95542, 95544, 95546, 96123, 96266, 102506, 108439, 108566, 115463, 192325, 192327, 205127, 216140, 226461, 229547, 261293, 268272, 283469, 294746, 304975, 335045, 342543, 346688, 375279, 386675, 430876, 442010, 442174, 456926, 473207, 497542, 523642, 621694, 627442, 671328, 703539, 765352, 833315, 834224, 967915, 978126, 999914, 1016551, 1143370, 1259101, 1343876, 1608537, 1659668, 1668683, 1741776, 2000915, 2306069, 3234888, 4222626, 4223076, 4223077]
27511	[3682, 4778, 29059, 35746]
27512	[7682, 23035, 80501, 125410]
27522	[12007, 12593, 12974, 95537, 95539, 95541, 95542, 95544, 95546, 96123, 96266, 102506, 108439, 108566, 115463, 192325, 192327, 205127, 216140, 226461, 229547, 261293, 268272, 283469, 294746, 304975, 335045, 342543, 346688, 375279, 386675, 430876, 442010, 442174, 456926, 473207, 497542, 523642, 621694, 627442, 703539, 833315, 834224, 967915, 978126, 999914, 1016551, 1259101, 1343876, 1608537, 1659668, 1668683, 1741776, 2000915, 2306069, 3234888, 4222626, 4223076, 4223077]
27535	[24023, 81147, 157702, 157981, 414036, 613133, 613134]
27547	[109923, 142962, 142992, 177209, 177210, 177211, 198937, 223296, 227438, 241962, 254917, 270152, 366111, 791715, 791716, 791718, 791719, 791720, 791723, 791724, 1411145, 1482025, 1533954, 1930937, 1930940]
27552	[30712, 80836, 508727]
27553	[7399, 16539, 27455, 101344]
27570	[32210, 143947, 155981, 294084, 294085, 366918]
27573	[68670, 717459, 1548161, 1548162, 1548163, 1548164]
27575	[7396, 21581, 67895, 1997722, 2163554]
27579	[42429, 161197, 161198]
27580	[18839, 36603, 56798, 71872, 137399, 170319, 381390]
27590	[133314, 765533, 1006335, 1109217]
27591	[318, 649, 789, 1676, 1781, 2003, 2692, 2713, 2714, 2725, 2751, 2983, 3165, 3178, 3268, 3865, 3909, 4033, 4079, 4091, 4119, 4533, 4614, 4834, 4970, 5063, 5545, 5876, 6092, 6518, 6520, 6714, 7028, 7247, 7253, 7278, 7289, 7291, 7298, 7299, 7400, 7613, 7619, 7662, 7686, 7690, 7698, 7703, 7717, 8024, 8760, 9074, 10357, 10422, 10643, 11012, 11073, 11449, 12136, 12137, 12339, 12591, 12693, 13187, 13195, 13196, 13606, 13820, 13879, 13961, 14457, 14468, 14469, 14472, 14473, 14486, 14648, 14675, 14894, 15163, 16430, 16622, 17546, 17551, 17802, 18034, 18509, 18726, 19298, 19674, 19973, 20700, 21039, 21295, 21767, 22193, 22757, 22796, 24778, 26044, 26641, 28122, 28209, 28795, 29236, 30024, 30088, 30093, 30542, 30617, 30662, 31011, 31146, 31185, 31526, 31792, 32394, 32411, 32416, 32417, 32429, 32990, 33058, 33534, 34074, 34155, 34276, 34521, 34547, 35746, 36112, 36550, 36621, 37032, 38379, 38403, 38781, 39471, 40409, 40583, 41182, 41266, 41767, 42554, 42895, 42976, 43589, 43733, 43744, 44559, 45033, 45534, 46304, 47946, 47950, 48433, 48863, 49085, 50703, 51324, 53982, 54650, 55804, 56150, 56331, 56551, 58266, 59632, 61250, 61730, 62320, 63462, 63507, 64062, 66261, 66861, 67260, 67435, 67526, 67964, 67977, 68290, 69722, 71147, 72292, 72308, 72358, 72872, 72898, 74500, 74505, 75729, 76012, 79114, 79433, 81368, 82333, 83143, 84626, 84751, 84752, 86074, 86417, 87420, 88722, 88742, 90153, 95972, 96921, 98541, 98545, 99663, 99778, 100405, 101028, 105449, 105450, 105452, 105902, 107643, 108103, 111159, 111569, 113986, 114087, 114093, 114483, 117026, 117224, 117598, 120883, 125045, 126813, 126816, 130979, 136858, 142142, 148982, 152425, 152882, 155104, 155227, 157594, 167898, 168359, 178572, 181073, 191891, 191964, 194092, 196350, 214625, 218605, 228032, 235825, 240652, 251172, 251944, 255292, 255363, 260742, 261770, 261941, 274209, 283400, 289816, 299130, 302123, 303756, 317140, 317696, 332850, 347976, 351814, 381394, 383016, 441695, 449855, 474756, 493582, 606855, 655778, 1010823, 1079581, 1107228, 1137728]
27594	[1545103, 3447440, 5891718, 6575114, 6575115]
27597	[2725, 7426, 7722, 9938, 21327, 21893, 25751, 26742, 27430, 28648, 36936, 47872, 50320, 55521, 57412, 58022, 61612, 67323, 68345, 82901, 98801, 108129, 486260, 705416, 1358412, 1737542, 5105693]
27602	[5954, 11050, 13537, 24308, 24606, 81703, 2213259]
27608	[239921, 318052, 428424, 754066, 6430048]
27612	[30181, 68342, 70548, 70549]
27621	[2997828, 2997831, 2997832, 2997833, 2997834, 4881860]
27624	[87637, 700458, 2717488, 3082961, 7638656, 7638657]
27626	[44266, 72312, 196114]
27631	[1388313, 2513951, 2513952]
27635	[92180, 99731, 129738, 143567, 800184, 1208660]
27637	[10704, 11387, 11389, 79776, 87048, 153363, 228718]
27638	[318, 649, 789, 1676, 1781, 2003, 2692, 2713, 2714, 2725, 2751, 2983, 3165, 3178, 3268, 3865, 3909, 4033, 4079, 4091, 4119, 4533, 4614, 4834, 4970, 5063, 5545, 5876, 6092, 6518, 6714, 7028, 7247, 7253, 7278, 7289, 7291, 7298, 7299, 7400, 7613, 7619, 7662, 7686, 7690, 7698, 7703, 7717, 8024, 8760, 9074, 10357, 10422, 10643, 11012, 11073, 11449, 12136, 12137, 12339, 12591, 12693, 13187, 13195, 13196, 13606, 13820, 13879, 14457, 14468, 14469, 14472, 14473, 14486, 14648, 14675, 14894, 15163, 16430, 16622, 17546, 17551, 17802, 18034, 18509, 18726, 19298, 19674, 19973, 20700, 21039, 21295, 21767, 22193, 22757, 22796, 24778, 26044, 26641, 28122, 28209, 28795, 29236, 30024, 30088, 30093, 30542, 30617, 30662, 31011, 31146, 31185, 31526, 31792, 32394, 32411, 32416, 32417, 32429, 32990, 33058, 33534, 34074, 34155, 34276, 34521, 34547, 35746, 36112, 36550, 36621, 37032, 38379, 38403, 38781, 39471, 40409, 40583, 41182, 41266, 41767, 42554, 42895, 42976, 43589, 43733, 43744, 44559, 45033, 45534, 46304, 47946, 47950, 48433, 48863, 49085, 51324, 53982, 54650, 55804, 56150, 56331, 56551, 58266, 59632, 61250, 61730, 62320, 63462, 63507, 64062, 66261, 66861, 67260, 67435, 67526, 67964, 67977, 68290, 69722, 71147, 72292, 72308, 72358, 72872, 72898, 74500, 74505, 75729, 76012, 79114, 79433, 81368, 82333, 83143, 84626, 84751, 84752, 86074, 86417, 87420, 88722, 88742, 90153, 95972, 96921, 98541, 98545, 99663, 99778, 100405, 101028, 105449, 105450, 105452, 105902, 107643, 108103, 111159, 111569, 113986, 114087, 114093, 114483, 117026, 117224, 117598, 120883, 125045, 126813, 126816, 130979, 136858, 142142, 148982, 152882, 155104, 155227, 157594, 167898, 168359, 178572, 181073, 191891, 191964, 194092, 214625, 218605, 228032, 235825, 240652, 251172, 251944, 255292, 255363, 260742, 274209, 283400, 289816, 299130, 302123, 303756, 317140, 317696, 332850, 347976, 351814, 381394, 383016, 441695, 449855, 474756, 493582, 606855, 655778, 1010823, 1079581, 1107228, 1137728]
27641	[19768, 45498, 48331, 51669, 52135, 150604, 161497, 191099, 206020, 291550, 295249, 339141, 382563, 580382, 615393, 672565, 840931, 840932, 846174, 875429, 1032199, 1100085, 1100088]
27642	[330168, 368085, 634327, 1058541, 1058542, 2023012, 2127763]
27643	[5114, 81290, 135828, 179738, 528762]
27650	[339934, 370781, 924805]
27670	[93674, 139727, 244848, 296216, 296218, 298643]
27677	[318, 649, 789, 1676, 1781, 2003, 2692, 2713, 2714, 2725, 2751, 2983, 3165, 3178, 3268, 3865, 3909, 4033, 4079, 4091, 4119, 4533, 4614, 4834, 4970, 5063, 5545, 5876, 6092, 6518, 6714, 7028, 7247, 7253, 7278, 7289, 7291, 7298, 7299, 7613, 7619, 7662, 7686, 7690, 7698, 7703, 7717, 8024, 8760, 9074, 10357, 10422, 10643, 11012, 11449, 12136, 12137, 12339, 12591, 12693, 13187, 13195, 13196, 13606, 13820, 13879, 14457, 14468, 14469, 14472, 14473, 14486, 14648, 14675, 15163, 16430, 16622, 17546, 17551, 17802, 18034, 18509, 18726, 19298, 19674, 19973, 20700, 21039, 21295, 21767, 22193, 22757, 24778, 26044, 26641, 28122, 28209, 28795, 29236, 30024, 30088, 30093, 30542, 30617, 30662, 31011, 31146, 31185, 31526, 31792, 32394, 32411, 32416, 32417, 32429, 32990, 33058, 33534, 34074, 34155, 34276, 34521, 34547, 35746, 36112, 36550, 36621, 37032, 38379, 38403, 38781, 39471, 40409, 40583, 41182, 41266, 41767, 42554, 42895, 42976, 43589, 43733, 43744, 44559, 45033, 45534, 46304, 47946, 47950, 48433, 48863, 49085, 51324, 53982, 54650, 55804, 56150, 56331, 56551, 58266, 59632, 61250, 61730, 62320, 63462, 63507, 64062, 66261, 66861, 67260, 67435, 67526, 67964, 67977, 68290, 71147, 72292, 72308, 72358, 72872, 72898, 74500, 74505, 75729, 76012, 79114, 79433, 81368, 82333, 83143, 84626, 84751, 84752, 86074, 86417, 87420, 88722, 88742, 90153, 95972, 96921, 98541, 98545, 99663, 99778, 100405, 101028, 105449, 105450, 105452, 105902, 107643, 108103, 111159, 111569, 113986, 114087, 114093, 114483, 117026, 117224, 117598, 120883, 125045, 126813, 126816, 130979, 136858, 142142, 148982, 152882, 155104, 155227, 157594, 167898, 168359, 178572, 181073, 191891, 194092, 214625, 218605, 228032, 235825, 240652, 251172, 251944, 255292, 255363, 260742, 274209, 283400, 289816, 299130, 302123, 303756, 317140, 317696, 332850, 347976, 351814, 381394, 383016, 441695, 449855, 474756, 493582, 606855, 655778, 1010823, 1079581, 1107228, 1137728]
27684	[30024, 35144, 50915, 129898]
27687	[116266, 1160594, 1411542, 2093306]
27691	[22485, 56680, 61406, 327650]
27694	[34074, 52918, 296184]
27696	[14894, 112897, 141044, 1106265]
27698	[3009996, 3115515, 3115516]
27700	[2725, 7426, 7722, 9938, 21327, 21893, 25751, 26742, 27430, 28648, 36936, 47872, 50320, 55521, 57412, 58022, 68345, 82901, 98801, 108129, 486260, 705416, 1358412, 1737542, 5105693]
27701	[41513, 110283, 254441, 312014, 603448]
27721	[834, 40076, 57386, 229304]
27725	[531322, 678079, 1169313]
27726	[347, 17892, 28846, 92146, 253634, 253635]
27740	[191891, 507686, 507687]
27746	[2682, 3863, 5759, 36980, 40173, 88754]
27752	[51398, 240099, 302565, 423749, 751345, 789790, 813635, 1690732, 1690734, 1844384, 5950304]
27765	[167317, 397601, 768085]
27766	[7177, 26429, 50910, 548143]
27772	[2707, 2709, 2710, 2714, 2769, 9542, 13410, 18170, 19564, 27963, 36663, 101664, 101667, 349357]
27797	[7669, 37439, 72312]
27801	[12007, 12974, 95537, 95539, 95541, 95542, 95544, 95546, 96123, 96266, 102506, 108439, 108566, 115463, 192325, 192327, 205127, 216140, 226461, 229547, 261293, 268272, 283469, 294746, 304975, 335045, 342543, 346688, 375279, 386675, 430876, 442010, 442174, 456926, 473207, 497542, 523642, 621694, 627442, 703539, 833315, 834224, 967915, 978126, 999914, 1016551, 1259101, 1343876, 1608537, 1659668, 1668683, 1741776, 2000915, 2306069, 3234888, 4222626, 4223076, 4223077]
27829	[14751, 37048, 38379, 52199]
27832	[17892, 29463, 42684, 82534, 621014]
27833	[6092, 7419, 124853, 124854, 1631941]
27839	[35096, 46724, 408415]
27840	[835, 891, 4911, 6875]
27841	[22660, 49941, 272162]
27844	[7419, 48331, 68979, 72761, 416450, 1399696]
27850	[5914, 33896, 128017, 146978]
27859	[22078, 34291, 240019]
27862	[5125, 254918, 355361]
27867	[6207, 7425, 16090, 46768, 76889, 113027]
27883	[106566, 135453, 920099]
27886	[74213, 96266, 194015, 201632, 201633, 201642, 224839, 225163, 225164, 225168, 317421, 403158, 494377, 1375171]
27890	[14794, 116433, 124603]
27898	[18802, 167262, 178746, 222633, 273805, 309703, 315696, 321389, 339679, 344854, 376360, 377375, 432289, 589387, 592375, 926965, 1050457, 1133849, 1505867, 1608537, 1750177, 2111122, 2124057, 2331289, 2332244, 2456111, 2668756, 3101656, 3898643, 3898644, 4029169, 4281365, 4452748, 5423279, 6986290]
27900	[19600, 32167, 1447375, 7639195]
27907	[1781, 2725, 7426, 7722, 9938, 21327, 21893, 25751, 26742, 27430, 28648, 36936, 47872, 50320, 55521, 57412, 58022, 67323, 68345, 82901, 98801, 108129, 486260, 705416, 1358412, 1737542, 5105693]
27930	[14765, 53272, 53273, 53274, 53275, 53276]
27943	[2725, 7426, 7722, 9938, 21327, 21893, 25751, 26742, 27430, 28648, 36936, 47872, 50320, 55521, 57412, 58022, 67323, 68345, 82901, 98801, 108129, 486260, 705416, 1358412, 1737542, 5105693]
27950	[12007, 12974, 96266, 205127, 386675, 442010, 473207, 627442, 703539, 834224, 967915, 978126, 1016551, 1343876, 1608537, 1659668, 1668683, 2000915, 2306069, 3234888, 4222626, 4223076, 4223077]
27952	[8796, 98744, 202323]
27958	[38432, 46193, 52894, 55942, 78347, 99140, 118908, 126619, 232107, 312073, 426668, 567525]
27965	[58574, 87640, 112743]
27996	[43733, 45200, 45600, 46000]
27999	[76952, 80081, 112221, 141020, 2031383]
28003	[109330, 162182, 162185, 1513241]
28013	[708723, 708725, 796863]
28022	[28421, 32105, 170458, 646474]
28023	[12593, 95537, 95539, 95541, 95542, 95544, 95546, 96123, 102506, 108439, 108566, 115463, 192325, 192327, 216140, 226461, 229547, 261293, 268272, 283469, 294746, 304975, 335045, 342543, 346688, 375279, 430876, 442174, 456926, 497542, 523642, 621694, 627442, 833315, 999914, 1259101, 1741776]
28035	[113673, 116790, 181523]
28051	[147175, 3552750, 3552751]
28057	[21979, 44584, 71634, 79302, 133782, 1458611, 2759893]
28066	[107049, 107132, 113976, 137868, 3594470, 3594472]
28072	[58574, 227737, 227738]
28074	[95537, 95539, 95541, 95542, 95544, 95546, 96123, 102506, 108439, 108566, 115463, 192325, 192327, 216140, 226461, 229547, 261293, 268272, 283469, 294746, 304975, 335045, 342543, 346688, 375279, 430876, 442174, 456926, 497542, 523642, 621694, 627442, 833315, 999914, 1259101, 1741776]
28088	[17852, 36247, 37949, 202778, 325486]
28094	[244070, 547630, 547631, 547632]
28120	[117874, 331740, 331741, 331742]
28121	[24171, 42125, 80877, 4545158]
28134	[1439804, 1439808, 1439809]
28135	[74501, 164485, 486904]
28143	[7717, 180025, 180026]
28147	[783692, 937130, 939970]
28157	[9652, 35144, 47920]
28159	[21633, 44647, 60224, 311157]
28161	[2713, 9707, 30725, 41513, 110283, 254441, 312014, 327731, 370531, 603448]
28165	[681679, 836871, 836872, 836873]
28166	[30190, 627291, 627292, 627293, 627294, 627295, 1160683]
28169	[34829, 151767, 175008, 226971, 1223562, 1693382]
28173	[350132, 542429, 751503]
28175	[13537, 205662, 970345]
28179	[28421, 72157, 96772, 155185]
28190	[10768, 89952, 124964]
28201	[96173, 97001, 150596]
28221	[662768, 2909248, 7471010]
28223	[2264, 3288, 18677]
28224	[49849, 65699, 141201, 141212, 159352, 202293, 213741, 644382, 645244, 645245, 645246, 645247, 645248, 645284, 645285, 645286]
28232	[212585, 1489083, 1489084]
28251	[2266, 20991, 97664]
28258	[2266, 107784, 162670, 195173, 2390019]
28260	[1110297, 1399772, 1399773]
28268	[165219, 207408, 207409, 207411, 207412, 207413]
28270	[7552, 9462, 24334, 40482, 70861, 101256]
28273	[212276, 212288, 837141, 1252448, 2182390]
28274	[3422, 187011, 366455, 1063406]
28280	[115476, 980782, 980783]
28287	[8715, 345786, 409757]
28295	[36232, 69151, 106993, 181281, 208479, 230998, 250185, 2468385, 2727952]
28298	[2077, 11612, 23686, 34058, 253313, 255964, 275400, 281230, 282277, 288866, 294103, 294106, 299754, 332473, 663197, 1258144]
28306	[2707, 2709, 2710, 2714, 2769, 13410, 18170, 19564, 27963, 36663, 101664, 101667, 349357]
28307	[19045, 21986, 34155, 77098]
28323	[653, 34753, 87245, 144653]
28329	[318, 649, 653, 789, 1676, 1781, 2003, 2692, 2713, 2714, 2725, 2751, 2983, 3165, 3178, 3268, 3865, 3909, 4033, 4058, 4079, 4091, 4119, 4533, 4614, 4834, 4970, 5063, 5545, 5876, 6092, 6207, 6518, 6714, 7028, 7247, 7253, 7257, 7278, 7289, 7291, 7298, 7299, 7400, 7613, 7619, 7662, 7686, 7690, 7698, 7702, 7703, 7717, 8024, 8760, 9074, 10357, 10422, 10643, 10933, 11012, 11449, 11951, 12136, 12137, 12339, 12591, 12693, 13187, 13195, 13196, 13606, 13820, 13879, 14457, 14468, 14469, 14472, 14473, 14486, 14648, 14675, 14894, 15163, 15825, 16430, 16622, 17546, 17551, 17594, 17802, 18034, 18509, 18726, 19298, 19674, 19973, 20700, 21039, 21295, 21767, 22193, 22757, 22796, 24778, 26044, 26345, 26641, 27841, 28122, 28209, 28795, 29236, 30024, 30088, 30093, 30542, 30617, 30662, 31011, 31146, 31185, 31328, 31526, 31792, 32394, 32411, 32416, 32417, 32429, 32990, 33058, 33534, 34074, 34155, 34276, 34521, 34547, 35738, 35746, 36112, 36550, 36621, 37032, 38379, 38403, 38781, 39471, 40409, 40583, 41157, 41182, 41266, 41767, 42554, 42895, 42976, 43589, 43733, 43744, 44559, 45033, 45534, 46304, 47946, 47950, 48433, 48863, 49085, 49529, 50693, 51324, 52272, 53982, 54650, 55804, 56150, 56331, 56551, 58089, 58266, 59632, 61250, 61730, 62320, 63462, 63507, 64062, 64535, 64800, 66261, 66861, 67260, 67435, 67526, 67964, 67977, 68290, 71147, 72292, 72308, 72358, 72872, 72898, 74500, 74505, 75729, 76012, 79114, 79433, 81049, 81368, 82333, 83143, 84626, 84751, 84752, 86074, 86417, 87420, 87637, 88722, 88742, 90153, 90184, 92879, 95972, 96921, 98541, 98545, 99663, 99778, 100405, 101028, 105449, 105450, 105452, 105902, 107643, 108103, 111159, 111569, 113986, 114087, 114093, 114483, 117026, 117224, 117598, 120883, 125045, 126813, 126816, 130979, 136858, 142060, 145420, 148982, 152882, 155104, 155227, 157594, 167898, 168359, 178572, 181073, 191891, 194092, 194667, 214625, 218605, 228032, 235825, 240652, 251172, 251944, 255292, 255363, 259136, 260575, 260742, 274209, 283400, 289816, 299130, 302123, 303756, 317140, 317696, 332850, 347976, 351814, 381394, 383016, 439070, 441695, 449855, 474756, 493582, 606855, 655778, 1010823, 1079581, 1107228, 1137728]
28344	[212668, 244298, 305393]
28355	[318, 649, 789, 1676, 1781, 2003, 2692, 2713, 2714, 2725, 2751, 2983, 3165, 3178, 3268, 3865, 3909, 4033, 4079, 4091, 4119, 4533, 4614, 4834, 4970, 5063, 5545, 5876, 6092, 6518, 6714, 7028, 7247, 7253, 7278, 7289, 7291, 7298, 7299, 7400, 7613, 7619, 7662, 7686, 7690, 7698, 7703, 7717, 8024, 8760, 9074, 10357, 10422, 10643, 11012, 11449, 12136, 12137, 12339, 12591, 12693, 13187, 13195, 13196, 13606, 13820, 13879, 14457, 14468, 14469, 14472, 14473, 14486, 14648, 14675, 14894, 15163, 16430, 16622, 17546, 17551, 17802, 18034, 18509, 18726, 19298, 19674, 19973, 20700, 21039, 21295, 21767, 22193, 22757, 22796, 24778, 26044, 26641, 28122, 28209, 28795, 29236, 30024, 30088, 30093, 30542, 30617, 30662, 31011, 31146, 31185, 31526, 31792, 32394, 32411, 32416, 32417, 32429, 32990, 33058, 33534, 34074, 34155, 34276, 34521, 34547, 35746, 36112, 36550, 36621, 37032, 38379, 38403, 38781, 39471, 40409, 40583, 41182, 41266, 41767, 42554, 42895, 42976, 43589, 43733, 43744, 44559, 45033, 45534, 46304, 47946, 47950, 48433, 48863, 49085, 51324, 53982, 54650, 55804, 56150, 56331, 56551, 58266, 59632, 61250, 61730, 62320, 63462, 63507, 64062, 66261, 66861, 67260, 67435, 67526, 67964, 67977, 68290, 71147, 72292, 72308, 72358, 72872, 72898, 74500, 74505, 75729, 76012, 79114, 79433, 81368, 82333, 83143, 84626, 84751, 84752, 86074, 86417, 87420, 88722, 88742, 90153, 95972, 96921, 98541, 98545, 99663, 99778, 100405, 101028, 105449, 105450, 105452, 105902, 107643, 108103, 111159, 111569, 113986, 114087, 114093, 114483, 117026, 117224, 117598, 120883, 125045, 126813, 126816, 130979, 136858, 142142, 148982, 152882, 155104, 155227, 157594, 167898, 168359, 178572, 181073, 191891, 191964, 194092, 214625, 218605, 228032, 235825, 240652, 251172, 251944, 255292, 255363, 260742, 274209, 283400, 289816, 299130, 302123, 303756, 317140, 317696, 332850, 347976, 351814, 381394, 383016, 441695, 449855, 474756, 493582, 606855, 655778, 1010823, 1079581, 1107228, 1137728]
28362	[1121652, 4365659, 5848282]
28389	[67126, 67260, 178574]
28393	[229050, 363421, 4031606]
28405	[774159, 781859, 1184338, 1187934]
28407	[103038, 265093, 502993]
28419	[35640, 65629, 125082]
28447	[8607, 89612, 118324, 219451]
28451	[7672, 7779, 10543, 69578]
28453	[10463, 25262, 28795]
28473	[318, 653, 751, 891, 1699, 1866, 2003, 2713, 2714, 2725, 2751, 2924, 2983, 3178, 3865, 3868, 3909, 4011, 4058, 4079, 4091, 4119, 4521, 4522, 4533, 4605, 4834, 4970, 5063, 5972, 6092, 6207, 6212, 6714, 6876, 7030, 7059, 7060, 7176, 7177, 7247, 7257, 7278, 7280, 7289, 7291, 7299, 7369, 7396, 7400, 7613, 7638, 7662, 7669, 7686, 7698, 7703, 7717, 8024, 8760, 9496, 10383, 10422, 11012, 12137, 12693, 13187, 13195, 13196, 13548, 14457, 14472, 14473, 14486, 14497, 14648, 14675, 16622, 17551, 17609, 17785, 18072, 18725, 18726, 18730, 18734, 18735, 18737, 19674, 19973, 21039, 21238, 21295, 21633, 21767, 22757, 22796, 24552, 24778, 26211, 26641, 27841, 28795, 30024, 30088, 30542, 31035, 31146, 31791, 31792, 32394, 32411, 32416, 32417, 32429, 33155, 33534, 35640, 35746, 36112, 36621, 37032, 37569, 38379, 38403, 38417, 38781, 40583, 41266, 42554, 42976, 43733, 45534, 47946, 47950, 48433, 48863, 50913, 54650, 56150, 58266, 61250, 61730, 62318, 64535, 67260, 67309, 67435, 67526, 67964, 68811, 71190, 72292, 72308, 72358, 72872, 74500, 74505, 75212, 76012, 76373, 79114, 79433, 82333, 83143, 84626, 86074, 86417, 87420, 88722, 88742, 90153, 96921, 98541, 98545, 99663, 99778, 100405, 101028, 105449, 105450, 105902, 107643, 108103, 109718, 111159, 111569, 113986, 114087, 114093, 117224, 125045, 126816, 130979, 135075, 136858, 148409, 148982, 155104, 157594, 168359, 178572, 181073, 191891, 209415, 209696, 214625, 218605, 240652, 251944, 255292, 255363, 274209, 283400, 289816, 317140, 332850, 347976, 351814, 358899, 381394, 383016, 389787, 441695, 449855, 474756, 493582, 655778, 768464]
28476	[1676, 2710, 4653, 5259, 7165, 28164]
28477	[67498, 71873, 269536, 272789, 299130, 391196, 391199, 391200, 391202, 1171160]
28486	[17852, 37949, 202778, 325486]
28488	[51891, 5288424, 5288425]
28490	[51833, 137273, 148528]
28496	[12094, 39828, 41563, 74501, 83071, 90586, 92581, 155030, 171203, 219075, 241755, 252790, 253466, 275835, 299895, 306085, 317001, 1510438, 5033284]
28507	[42661, 42768, 44153, 128668]
28511	[18799, 18802, 228869, 335786, 339679, 344854, 375670, 377375, 389074, 589387, 625609, 889632, 1050457, 1096965, 1222808, 1418152, 1491940, 1608537, 2124057, 2925824, 4257253]
28513	[4868, 6514, 10389, 10643, 12094, 39828, 41563, 74501, 83071, 90586, 92581, 97664, 109350, 125174, 155030, 171203, 179209, 219075, 241755, 252790, 253466, 275835, 299895, 306085, 317001, 350915, 1510438, 5033284]
28531	[17399, 21125, 33200, 48423]
28535	[23510, 224077, 2468384]
28540	[4253880, 4253881, 4253882]
28552	[14362, 32915, 44581, 63010, 546228]
28557	[250181, 398301, 439783, 1506632]
28564	[7552, 9462, 15266, 20500, 24334, 24606, 28218, 34771, 36581, 38379, 40482, 90176, 101256, 114326, 137541, 328350, 1246862]
28565	[11050, 13537, 24606, 36544, 109719, 2213259]
28574	[7426, 7722, 9938, 21327, 25751, 26742, 27430, 28648, 36936, 47872, 50320, 55521, 58022, 68345, 98801, 108129, 486260, 705416, 1358412, 1737542, 5105693]
28578	[81287, 205103, 205104]
28586	[48865, 101028, 261941]
28587	[12339, 27198, 48335, 926564, 951370]
28600	[167262, 178746, 222633, 273805, 309703, 315696, 321389, 339679, 376360, 377375, 432289, 592375, 926965, 1050457, 1133849, 1505867, 1608537, 1750177, 2111122, 2331289, 2332244, 2456111, 2668756, 3101656, 3898643, 3898644, 4029169, 4281365, 4452748, 5423279, 6986290]
28613	[1830, 3865, 4119, 10422, 14457, 14648, 32411, 59632, 86074, 90153, 103687, 143849, 145072, 229806, 254201, 299130, 317001, 317140, 349335, 383016, 449855, 493582, 1606101]
28617	[4719, 17789, 27605]
28618	[1825, 7167, 9504, 23861]
28622	[49849, 65699, 141201, 141212, 159352, 202293, 644382, 645244, 645245, 645246, 645247, 645248, 645284, 645285, 645286]
28624	[4058, 4605, 5720, 5760, 5761, 7177, 7289, 7385, 18730, 47118, 64535, 66852, 69370, 191891, 389787]
28632	[88589, 317665, 2879443]
28636	[834, 14521, 1564971]
28649	[178527, 199537, 942903]
28659	[116366, 921997, 921998]
28666	[20739, 1059315, 1059316]
28668	[1279, 1825, 64135, 90848]
28678	[7690, 45779, 52126, 76642]
28694	[27841, 40467, 41512, 366441]
28699	[172965, 198935, 1081207]
28705	[500606, 556109, 5045560]
28706	[2670464, 2695957, 6325481]
28723	[4690, 46727, 170357]
28734	[1309, 7369, 45187, 120583]
28739	[3178, 4533, 5063, 6092, 7619, 7686, 7690, 11073, 12137, 12591, 14473, 14486, 17551, 18034, 19298, 21295, 30542, 32394, 39471, 54650, 62320, 66261, 72898, 75729, 96921, 120883, 130979, 142142, 228032, 474756]
28747	[7632, 32109, 40111, 317276]
28750	[644961, 1133723, 1133724]
28753	[87453, 5790116, 7618816]
28761	[163960, 495188, 3179425]
28766	[55820, 72405, 128995, 506114, 545575, 587281, 824715]
28769	[95998, 185137, 290141]
28775	[2692, 2697, 2762]
28777	[14457, 43828, 67223, 129337, 171224, 358877]
28786	[154862, 290493, 646324]
28788	[2713, 6274, 16794]
28796	[656, 3178, 4533, 5063, 6092, 7028, 7299, 10357, 14473, 14486, 17551, 17609, 32416, 32417, 32429, 34155, 34276, 37032, 42895, 53637, 68290, 117026, 130979, 235825, 474756]
28801	[363376, 792282, 833581]
28805	[21266, 21940, 38379, 43230, 61601, 105631, 287437, 457205, 1133783]
28813	[4058, 4605, 5760, 5761, 5770, 7177, 7289, 7385, 18730, 47118, 64535, 66852, 69370, 191891, 389787]
28816	[319966, 319972, 492344]
28825	[2264, 2265, 3288, 17957, 32166, 35289, 37413, 57627, 64664, 66385, 87814, 101096, 177651]
28842	[3136, 29077, 36972, 157525]
28847	[7551, 187641, 288121, 308794]
28853	[18737, 24851, 88056, 91467, 94635, 291232, 358369, 369940, 784708, 1099893]
28866	[25404, 27419, 247412]
28871	[45041, 47946, 72309, 189757]
28893	[26101, 348569, 348570]
28896	[24467, 77646, 91135, 98152]
28905	[39938, 2565148, 3588475]
28907	[11853, 134395, 180252]
28910	[1705, 5817, 15975, 155327]
28911	[13525, 223737, 223738]
28914	[24467, 60127, 77646, 91135, 170458]
28920	[1733262, 1897475, 4565181]
28928	[62148, 120236, 523282]
28943	[13608, 62882, 80351]
28946	[318, 653, 751, 891, 1699, 1866, 2924, 3178, 4058, 4521, 4522, 4533, 4605, 5972, 6092, 6207, 6212, 6876, 7060, 7177, 7257, 7280, 7289, 7291, 7369, 7396, 7400, 7638, 7669, 9496, 14473, 17551, 17609, 17785, 18725, 18726, 18730, 18734, 18735, 18737, 18740, 22796, 27841, 31035, 37569, 38417, 39793, 64535, 67309, 76373, 99295, 130979, 135075, 209696, 358899, 389787, 474756]
28952	[19768, 45498, 48331, 52135, 150604, 161497, 206020, 291550, 295249, 339141, 382563, 580382, 615393, 672565, 840931, 840932, 846174, 875429, 1100085, 1100088]
28960	[320, 946, 1699, 1744, 1877, 2142, 4059, 4522, 4530, 6092, 6097, 6212, 6601, 6876, 7260, 7369, 7638, 7645, 10388, 15810, 17566, 30308, 31339, 37045, 37569, 39799, 39878, 44583, 46870, 49549, 49969, 50692, 61147, 70864, 76373, 81554, 95967, 123185, 151610, 209696, 248110, 2381646]
28966	[10504, 56747, 633744]
28970	[56675, 73721, 302565, 490162, 621202, 707717, 751345, 789790, 908132, 1031007, 1273697, 1302207, 1844384, 2058551, 5917000]
28972	[2692, 30915, 34547, 45534, 46233]
28978	[2264, 17035, 24220, 24221, 24222, 25807, 25809, 28465, 40583, 46763, 46764, 46765, 46766, 46767, 50619, 131244]
28979	[95537, 95539, 95541, 95542, 95544, 95546, 96123, 102506, 108439, 108566, 115463, 192325, 192327, 216140, 226461, 229547, 261293, 268272, 283469, 294746, 304975, 335045, 342543, 346688, 375279, 430876, 442174, 456926, 497542, 523642, 621694, 627442, 833315, 999914, 1259101]
28986	[14894, 30313, 43956, 47841]
28988	[21451, 39181, 116677, 337816]
29001	[28630, 54879, 66219]
29003	[3909, 4655, 12588, 13820, 16250, 20739, 21295, 23031, 28972, 38379, 38403, 42554, 44578, 47022, 55804, 58266, 79114, 84751, 96921, 117224]
29016	[32394, 1412855, 1505735]
29021	[4614, 19973, 24778, 27326, 33534, 67260, 74500, 100118, 178572, 274209]
29023	[17035, 24220, 24221, 24222, 25807, 25809, 28465, 40583, 46763, 46764, 46765, 46766, 46767, 50619, 131244]
29027	[43829, 688275, 5489642]
29030	[877336, 3507160, 6883233]
29045	[7289, 7291, 7717, 10357, 21039, 21295, 28209, 46726, 96921, 101552, 235825, 566646]
29050	[14563, 26955, 32190, 32202, 92243, 119083, 119084, 188041, 190370, 202094, 207968, 219565, 222088, 262357, 373345, 610798, 619818, 621396, 1013597]
29052	[17608, 34828, 143961]
29060	[854696, 854697, 2808664]
29061	[3512995, 4979832, 4979833]
29063	[703918, 1027989, 1262539, 5991555]
29072	[240861, 325101, 2728599]
29077	[7613, 7619, 7690, 13726, 14457, 18726, 19298, 32394, 55799, 62320, 79745, 90153, 120883]
29083	[5916433, 7684910, 7684911]
29090	[656, 3421, 7384, 373344]
29097	[2549, 7383, 7408, 30362]
29103	[4451, 29060, 33468]
29117	[22756, 58724, 58727]
29118	[246232, 256200, 256202, 256203]
29130	[18802, 228869, 240978, 339679, 344854, 377375, 589387, 625609, 1050457, 1130370, 1222808, 1418152, 1491940, 1608537, 2124057, 2925824, 3338469, 4257253, 6145855]
29132	[222633, 273805, 321389, 432289, 592375, 1133849, 1608537, 1750177, 2331289, 2332244, 2456111, 3898643, 4029169, 4281365, 4452748, 5423279]
29133	[15118, 218602, 332918, 535968, 691292]
29134	[768270, 1514177, 1579073]
29137	[997688, 997689, 997690]
29150	[52569, 52571, 52574, 52575]
29158	[6710, 31160, 61250, 83242, 113750, 144441, 162620, 272727, 294972, 899392, 2135024]
29160	[653, 1031, 2003, 2692, 2713, 2714, 2725, 2751, 2983, 3178, 3268, 3865, 3909, 4033, 4056, 4057, 4058, 4060, 4066, 4079, 4091, 4119, 4522, 4533, 4605, 4834, 4970, 5063, 6092, 6207, 6714, 7060, 7247, 7253, 7278, 7280, 7289, 7297, 7299, 7396, 7399, 7613, 7638, 7662, 7679, 7682, 7686, 7698, 7703, 7711, 7717, 8024, 8760, 9074, 10422, 10434, 11012, 11951, 12137, 12693, 13151, 13187, 13195, 13196, 13726, 14457, 14469, 14473, 14486, 14648, 14675, 14894, 16622, 17551, 18726, 18740, 19674, 19973, 21039, 21295, 21767, 22757, 24778, 26641, 28218, 28795, 30024, 30088, 30542, 31146, 31328, 31526, 32394, 32411, 32416, 32417, 32429, 33534, 35746, 36112, 36621, 37032, 37222, 38379, 38403, 38781, 40583, 41266, 41428, 42554, 42976, 43733, 45301, 45534, 47946, 47950, 48433, 48863, 50693, 50911, 54650, 56150, 58266, 61250, 61730, 67260, 67435, 67498, 67526, 67964, 72292, 72308, 72358, 72872, 74500, 74505, 75993, 75994, 76012, 79114, 79433, 79745, 80366, 82333, 83143, 84626, 86074, 86417, 87420, 88722, 88742, 90153, 96921, 98541, 98545, 99663, 99778, 100405, 101028, 105449, 105450, 105902, 107643, 108103, 108923, 111159, 111569, 113986, 114087, 114093, 117224, 125045, 126816, 130979, 136858, 142060, 148982, 155104, 157594, 168359, 178572, 181073, 185792, 191891, 194667, 214625, 218605, 240652, 251944, 255292, 255363, 274209, 274519, 283400, 289816, 317140, 332850, 339223, 347976, 351814, 358899, 362322, 381394, 383016, 441695, 449855, 474756, 493582, 655778]
29165	[2707, 2709, 2714, 2769, 13410, 18170, 36663, 101664, 101667, 349357]
29191	[84667, 84682, 149041, 930705, 1412855]
29195	[56675, 73721, 302565, 621202, 707717, 908132, 1031007, 1273697, 1302207, 5917000]
29202	[5087, 68979, 77372, 121163, 251117, 920922]
29205	[597, 3784416, 4230450]
29206	[109923, 142962, 142992, 177209, 177210, 177211, 198937, 223296, 227438, 241962, 254917, 270152, 366111, 791715, 791716, 791718, 791719, 791720, 791723, 791724, 1411145, 1482025, 1533954, 1930937]
29217	[9659, 501792, 594064]
29236	[245801, 1950297, 2116043]
29245	[751, 38418, 6737752]
29254	[18802, 228869, 240978, 339679, 344854, 375670, 377375, 589387, 625609, 1050457, 1096965, 1130370, 1222808, 1418152, 1491940, 1608537, 2124057, 2925824, 3338469, 4257253, 6145855]
29267	[2264, 466703, 851574]
29275	[2265, 3288, 17957, 32166, 35289, 37413, 57627, 64664, 66385, 87814, 101096, 177651]
29276	[207963, 338360, 355730, 400765, 1123020, 1157691, 1209483, 1568206, 1733262]
29282	[109923, 142962, 142992, 177209, 177210, 177211, 198937, 223296, 227438, 241962, 254917, 270152, 366111, 791715, 791716, 791718, 791719, 791720, 791723, 791724, 1411145, 1482025, 1533954]
29287	[2742, 3865, 5993, 7297, 14457, 14483, 16622, 32429, 37032, 43595, 50161, 50263, 56449, 72308, 90153, 94000]
29299	[12471, 21144, 68502]
29311	[34276, 50912, 68076, 98376, 212500]
29321	[12339, 27198, 48335, 65154, 293866, 535612, 665205, 849346, 926564, 951370, 7301814]
29322	[7402, 7677, 60314]
29326	[72735, 147774, 527571]
29327	[1444446, 2066093, 2185288]
29330	[946, 1835, 17015, 47014, 48425, 48865, 92449, 198102, 456670]
29339	[1880021, 2348735, 2386920]
29342	[7247, 1471855, 1471856, 1631040]
29347	[3178, 7618, 11050, 13548, 14490, 14675, 17074, 17531, 17551, 24606, 32909, 37222, 41266, 41428, 42761, 45301, 48331, 74551, 80366, 88417, 108923, 113986, 209400, 294176, 339223, 474756, 655778, 2213259]
29349	[3178, 7289, 7291, 7698, 14468, 14894, 17551, 17594, 19973, 21295, 26345, 33534, 49529, 50693, 55804, 58089, 67260, 74500, 79433, 84626, 84751, 96921, 114093, 194667, 274209, 283400]
29354	[2725, 21893, 36936, 47872, 57412, 58022, 82901, 1737542]
29355	[2921, 4058, 4066, 4605, 7396, 18740, 19973, 33534, 58281, 75212, 144653, 185792, 216971, 274209, 358899]
29357	[107280, 107281, 107282, 107283]
29366	[43956, 44153, 44913, 68174, 142652, 840932]
29367	[52737, 180586, 394617, 484422, 1035947, 1676156, 2567387, 3401406, 3401408]
29379	[295395, 476218, 480861]
29380	[22757, 38258, 38863]
29381	[16127, 31260, 43956, 69151]
29384	[1301349, 4212522, 4212523]
29390	[2003, 2713, 2714, 2751, 3178, 3909, 4033, 4091, 4119, 4614, 5063, 5876, 6518, 6714, 7247, 7289, 7291, 7299, 7613, 7618, 7662, 7686, 7698, 7702, 7717, 8024, 8670, 8760, 10357, 10422, 11913, 11951, 12137, 13187, 13196, 13606, 13720, 13820, 14457, 14473, 14486, 14675, 15163, 16622, 17551, 18034, 19298, 19973, 21039, 21767, 22757, 24778, 26044, 28218, 28795, 29236, 30024, 30088, 30542, 30617, 30662, 31146, 32394, 32416, 32417, 32990, 33058, 33200, 33534, 34155, 34276, 35746, 36550, 36621, 36624, 37222, 38379, 38403, 38781, 39471, 40409, 41182, 41428, 41767, 42554, 42895, 42976, 43733, 43744, 44559, 45260, 46193, 47950, 53982, 54650, 55804, 56150, 56331, 56551, 58266, 59776, 63462, 63507, 64800, 66261, 67260, 67435, 67498, 67526, 67964, 72292, 72358, 75993, 76012, 79114, 79433, 82333, 84626, 84751, 84752, 86074, 88722, 88742, 90153, 95972, 96921, 99663, 99778, 100405, 101028, 105449, 105450, 105902, 107643, 108103, 111159, 113986, 114087, 114483, 117224, 117598, 120883, 121163, 125045, 126816, 130979, 136858, 142060, 148982, 155227, 167898, 168359, 184648, 191891, 194092, 240652, 255292, 260742, 274209, 302123, 303756, 317140, 317696, 332850, 351814, 449855, 474756, 606855, 1010823, 1107228, 1137728]
29391	[33617, 45895, 310897]
29399	[318, 649, 789, 1676, 1781, 2003, 2692, 2713, 2714, 2725, 2751, 2983, 3165, 3178, 3268, 3865, 3868, 3909, 4033, 4079, 4091, 4119, 4533, 4614, 4834, 4970, 5063, 5545, 5876, 6092, 6518, 6714, 7028, 7247, 7253, 7278, 7289, 7291, 7298, 7299, 7400, 7437, 7613, 7619, 7662, 7686, 7690, 7698, 7703, 7717, 8024, 8760, 9074, 10357, 10422, 10643, 11012, 11449, 12136, 12137, 12339, 12591, 12693, 13187, 13195, 13196, 13606, 13820, 13879, 14457, 14468, 14469, 14472, 14473, 14486, 14648, 14675, 14894, 15163, 16430, 16622, 17546, 17551, 17802, 18034, 18509, 18726, 19298, 19674, 19973, 20700, 21039, 21295, 21767, 22193, 22757, 22796, 24778, 26044, 26641, 28122, 28209, 28795, 29236, 30024, 30088, 30093, 30542, 30617, 30662, 31011, 31146, 31185, 31526, 31792, 32394, 32411, 32416, 32417, 32429, 32990, 33058, 33534, 34074, 34155, 34276, 34521, 34547, 35746, 36112, 36550, 36621, 37032, 38379, 38403, 38781, 39471, 40409, 40583, 41182, 41266, 41767, 42554, 42895, 42976, 43589, 43733, 43744, 44559, 45033, 45534, 46304, 47946, 47950, 48433, 48863, 49085, 51324, 53982, 54650, 55804, 56150, 56331, 56551, 58266, 59632, 61250, 61730, 62320, 63462, 63507, 64062, 66261, 66861, 67260, 67435, 67526, 67964, 67977, 68290, 71147, 72292, 72308, 72358, 72872, 72898, 74500, 74505, 75729, 76012, 79114, 79433, 81368, 82333, 83143, 84626, 84751, 84752, 86074, 86417, 87420, 88722, 88742, 90153, 95972, 96921, 98541, 98545, 99663, 99778, 100405, 101028, 105449, 105450, 105452, 105902, 107643, 108103, 111159, 111569, 113986, 114087, 114093, 114483, 117026, 117224, 117598, 120883, 125045, 126296, 126813, 126816, 130979, 136858, 148982, 152882, 155104, 155227, 157594, 167898, 168359, 178572, 181073, 191891, 194092, 214625, 218605, 228032, 235825, 240652, 251172, 251944, 255292, 255363, 260742, 274209, 283400, 289816, 299130, 302123, 303756, 317140, 317696, 332850, 347976, 351814, 381394, 383016, 441695, 449855, 474756, 493582, 606855, 655778, 1010823, 1079581, 1107228, 1137728]
29400	[27982, 42415, 42417, 114160, 129378, 249184, 327454, 359803, 373984, 532043, 605983, 684030, 857883, 1081820, 1412304, 1784743, 1854043, 2424814, 3339936]
29402	[5873, 59632, 63552, 63617, 106450, 176435]
29403	[2003, 4091, 7253, 9074, 14468, 67498, 69334, 72292, 75993, 88722, 96322, 97034, 105450, 117993, 125082, 263619, 395413, 849346, 1087578, 1580696, 2377132, 5612529]
29406	[34162, 44153, 44913, 60121, 96173]
29414	[2077, 11612, 23686, 44605, 253313, 275400, 288866, 294103, 313910, 347360, 663197, 1258144]
29429	[1380593, 1380594, 1380595, 1380599, 2742750]
29434	[12007, 12974, 205127, 386675, 442010, 473207, 627442, 703539, 834224, 967915, 978126, 1016551, 1343876, 1608537, 1659668, 1668683, 2000915, 2306069, 3234888, 4222626, 4223076, 4223077]
29435	[18799, 18802, 228869, 335786, 339679, 375670, 377375, 389074, 625609, 889632, 1050457, 1096965, 1222808, 1418152, 1491940, 1608537, 2925824, 4257253]
29438	[6702, 81445, 187011]
29439	[2709, 17795, 18735, 67498]
29441	[26537, 258788, 258789]
29446	[4079, 5099, 7619, 124860]
29449	[167262, 178746, 309703, 315696, 376360, 377375, 926965, 1133849, 1505867, 1750177, 2111122, 2668756, 3101656, 3898643, 3898644, 6986290]
29452	[18802, 228869, 240978, 339679, 344854, 377375, 589387, 625609, 1050457, 1130370, 1418152, 1491940, 1608537, 2124057, 2925824, 3338469, 4257253, 6145855]
29467	[74213, 194015, 201633, 494377]
29478	[13, 946, 1104, 1835, 2714, 3165, 3178, 3909, 4653, 6270, 10262, 16250, 17551, 21295, 26522, 33200, 42554, 55804, 64664, 67526, 71081, 74185, 79433, 81613, 84751, 96921]
29482	[318, 649, 653, 751, 789, 891, 1031, 1676, 1699, 1781, 1866, 2003, 2692, 2713, 2714, 2725, 2751, 2924, 2983, 3165, 3178, 3268, 3865, 3909, 4056, 4057, 4058, 4060, 4066, 4079, 4091, 4119, 4521, 4522, 4533, 4605, 4834, 4970, 5063, 5545, 5972, 6092, 6207, 6212, 6714, 6876, 7028, 7060, 7177, 7247, 7253, 7257, 7278, 7280, 7289, 7291, 7297, 7298, 7299, 7369, 7396, 7399, 7400, 7613, 7619, 7638, 7662, 7669, 7682, 7686, 7690, 7698, 7703, 7711, 7717, 8024, 8760, 9074, 9496, 10357, 10422, 10434, 10643, 11012, 11449, 12136, 12137, 12339, 12591, 12693, 13187, 13195, 13196, 13548, 13879, 14457, 14468, 14469, 14472, 14473, 14486, 14648, 14675, 14894, 16430, 16622, 17546, 17551, 17609, 17785, 17802, 18509, 18725, 18726, 18730, 18734, 18735, 18737, 18740, 19298, 19674, 19973, 20700, 21039, 21295, 21767, 22193, 22757, 22796, 24778, 26044, 26345, 26641, 27841, 28122, 28209, 28218, 28795, 30024, 30088, 30093, 30542, 30662, 31011, 31035, 31146, 31185, 31328, 31526, 31792, 32394, 32411, 32416, 32417, 32429, 33534, 34074, 34155, 34276, 34521, 34547, 34732, 35746, 36112, 36621, 37032, 37222, 37569, 38379, 38403, 38417, 38781, 40098, 40583, 41266, 41428, 41767, 42554, 42895, 42976, 43589, 43733, 45033, 45534, 46304, 47946, 47950, 48433, 48863, 49085, 50911, 51324, 53982, 54650, 56150, 56331, 58266, 59632, 61250, 61730, 62320, 64062, 64535, 64800, 66861, 67260, 67309, 67435, 67498, 67526, 67964, 67977, 68290, 71147, 72292, 72308, 72358, 72872, 72898, 74500, 74505, 75729, 75993, 75994, 76012, 76373, 79114, 79433, 80366, 81049, 81368, 82333, 83143, 84626, 86074, 86417, 87420, 88056, 88722, 88742, 90153, 90184, 90591, 91467, 96921, 98541, 98545, 99663, 99778, 100405, 101028, 105449, 105450, 105452, 105902, 107643, 108103, 111159, 111569, 113986, 114087, 114093, 114483, 117026, 117224, 120883, 122662, 125045, 125168, 126813, 126816, 130979, 135075, 136858, 146509, 146510, 146511, 146512, 146513, 146515, 148409, 148982, 152882, 155104, 157594, 166420, 168359, 178572, 181073, 184648, 188264, 191891, 205566, 209696, 214625, 218605, 228032, 235825, 240652, 249662, 251172, 251944, 255292, 255363, 259136, 274209, 283400, 289816, 299130, 310458, 317140, 332850, 339223, 347976, 351814, 358899, 373868, 381394, 383016, 384896, 389787, 411804, 439070, 441695, 449855, 474756, 493582, 642697, 655778, 1079581]
29486	[320, 1699, 1744, 1877, 2142, 4059, 4522, 4530, 6092, 6097, 6212, 6601, 6876, 7369, 7638, 7645, 15810, 17566, 30308, 31339, 37569, 39799, 39878, 44583, 46870, 49549, 49969, 50692, 61147, 76373, 81554, 95967, 123185, 209696, 2381646]
29488	[29060, 219443, 219444]
29489	[3178, 8760, 17551, 21295, 30915, 55804, 79433, 84626, 84751, 96921]
29495	[318, 649, 789, 1676, 1781, 2003, 2692, 2713, 2714, 2725, 2751, 2983, 3165, 3178, 3268, 3865, 3909, 4079, 4091, 4119, 4533, 4834, 4970, 5063, 5545, 6092, 6714, 7028, 7247, 7253, 7278, 7289, 7291, 7298, 7299, 7400, 7613, 7619, 7662, 7686, 7690, 7698, 7703, 7717, 8024, 8760, 9074, 10357, 10422, 10643, 11012, 11449, 12136, 12137, 12339, 12591, 12693, 13187, 13195, 13196, 13879, 14457, 14468, 14469, 14472, 14473, 14486, 14648, 14675, 16430, 16622, 17546, 17551, 17802, 18509, 18726, 19298, 19674, 19973, 20700, 21039, 21295, 21767, 22193, 22757, 22796, 24778, 26044, 26641, 28122, 28209, 28795, 30024, 30088, 30093, 30542, 30662, 31011, 31146, 31185, 31526, 31792, 32394, 32411, 32416, 32417, 32429, 33534, 34074, 34155, 34276, 34521, 34547, 35746, 36112, 36621, 37032, 38379, 38403, 38781, 40583, 41266, 41767, 42554, 42895, 42976, 43589, 43733, 45033, 45534, 46304, 47946, 47950, 48433, 48863, 49085, 51324, 54650, 56150, 56331, 58266, 59632, 61250, 61730, 62320, 64062, 66861, 67260, 67435, 67526, 67964, 67977, 68290, 71147, 72292, 72308, 72358, 72872, 72898, 74500, 74505, 75729, 76012, 79114, 79433, 81368, 82333, 83143, 84626, 86074, 86417, 87420, 88722, 88742, 90153, 96921, 98541, 98545, 99663, 99778, 100405, 101028, 105449, 105450, 105452, 105902, 107643, 108103, 111159, 111569, 113986, 114087, 114093, 114483, 117026, 117224, 120883, 125045, 126813, 126816, 130979, 136858, 148982, 152882, 155104, 157594, 168359, 178572, 181073, 191891, 214625, 218605, 228032, 235825, 240652, 251172, 251944, 255292, 255363, 274209, 283400, 289816, 299130, 317140, 332850, 347976, 351814, 381394, 383016, 441695, 449855, 474756, 493582, 655778, 1079581]
29496	[10960, 13608, 73842, 131485, 200369, 245049, 254536, 257768, 262877, 272477, 275110, 349878, 377440, 567872, 671693, 783596, 979963, 1485765]
29497	[634, 10344, 10355]
29508	[2985, 5469, 6244, 7686, 10422, 12137, 17605, 18033, 18034, 18035, 114087]
29510	[32166, 33200, 102293]
29512	[16250, 18737, 37440, 68979, 68980, 70864, 125168, 356933]
29516	[320, 600, 653, 823, 891, 1205, 1268, 1409, 1699, 1720, 1744, 1877, 1879, 2076, 2142, 2170, 2823, 2985, 3026, 3868, 4059, 4060, 4522, 4530, 5993, 6092, 6097, 6207, 6212, 6601, 6873, 7059, 7260, 7369, 7383, 7400, 7437, 7470, 7638, 7645, 7648, 7679, 7682, 9496, 9520, 11210, 12591, 13548, 14486, 14497, 14653, 14903, 14914, 15760, 15762, 15810, 17554, 17566, 18039, 18048, 19056, 19057, 19702, 21238, 21655, 22712, 24594, 26700, 26805, 31232, 31332, 31339, 32486, 36609, 37045, 39181, 39784, 39799, 40083, 40478, 40480, 44319, 46870, 49549, 49969, 50692, 51498, 54965, 55822, 60121, 60224, 61056, 61147, 62378, 64067, 66852, 68935, 72898, 75729, 81013, 81554, 90591, 95967, 97246, 97781, 103512, 105541, 108584, 109718, 123185, 125213, 133964, 168119, 178526, 209696, 243884, 308611, 367212, 517429, 926785, 1044884, 1137357, 2381646]
29517	[11612, 23686, 34058, 255964, 275400, 281230, 282277, 288866, 294103, 294106, 299754, 332473, 663197]
29532	[834, 1196, 2985, 4058, 4605, 4911, 7059, 7396, 13926, 14648, 16082, 17554, 18740, 21238, 23606, 28218, 31146, 40478, 40482, 41428, 45541, 53473, 67498, 75993]
29536	[28122, 68979, 127177, 188264, 342117, 343569, 370189, 846174]
29537	[95537, 95539, 95541, 95542, 95544, 95546, 96123, 102506, 108439, 108566, 115463, 192327, 216140, 226461, 229547, 261293, 268272, 283469, 294746, 304975, 335045, 342543, 346688, 430876, 442174, 456926, 497542, 523642, 621694, 627442, 833315, 999914, 1259101]
29538	[5985, 8292, 258858]
29547	[1699, 1877, 2142, 4059, 4522, 4530, 6092, 6097, 6212, 6876, 7638, 7645, 15810, 17566, 30308, 31339, 37569, 39799, 39878, 44583, 46870, 49549, 61147, 76373, 81554, 95967, 123185, 209696, 2381646]
29553	[17926, 97978, 235939]
29554	[19587, 83107, 231024]
29557	[318, 649, 789, 1676, 1781, 2003, 2692, 2713, 2714, 2725, 2751, 2983, 3165, 3178, 3268, 3865, 3868, 3909, 4033, 4079, 4091, 4119, 4533, 4614, 4834, 4970, 5063, 5545, 5876, 6092, 6518, 6714, 7028, 7247, 7253, 7278, 7289, 7291, 7298, 7299, 7400, 7437, 7613, 7619, 7662, 7686, 7690, 7698, 7703, 7717, 8024, 8760, 9074, 10357, 10422, 10643, 11012, 11073, 11449, 12136, 12137, 12339, 12591, 12693, 13187, 13195, 13196, 13606, 13820, 13879, 14457, 14468, 14469, 14472, 14473, 14486, 14648, 14675, 14894, 15163, 16430, 16622, 17546, 17551, 17802, 18034, 18509, 18726, 19298, 19674, 19973, 20700, 21039, 21295, 21767, 22193, 22757, 22796, 24778, 26044, 26641, 28122, 28209, 28795, 29236, 30024, 30088, 30093, 30542, 30617, 30662, 31011, 31146, 31185, 31526, 31792, 32394, 32411, 32416, 32417, 32429, 32990, 33058, 33534, 34074, 34155, 34276, 34521, 34547, 35746, 36112, 36550, 36621, 37032, 38379, 38403, 38781, 39471, 40409, 40583, 41182, 41266, 41767, 42554, 42895, 42976, 43589, 43733, 43744, 44559, 45033, 45534, 46304, 47946, 47950, 48433, 48863, 49085, 51324, 53982, 54650, 55804, 56150, 56331, 56551, 58266, 59632, 61250, 61730, 62320, 63462, 63507, 64062, 66261, 66861, 67260, 67435, 67526, 67964, 67977, 68290, 71147, 72292, 72308, 72358, 72872, 72898, 74500, 74505, 75729, 76012, 79114, 79433, 81368, 82333, 83143, 84626, 84751, 84752, 86074, 86417, 87420, 88722, 88742, 90153, 95972, 96921, 98541, 98545, 99663, 99778, 100405, 101028, 105449, 105450, 105452, 105902, 107643, 108103, 111159, 111569, 113986, 114087, 114093, 114483, 117026, 117224, 117598, 120883, 125045, 126296, 126813, 126816, 130979, 136858, 142142, 148982, 152882, 155104, 155227, 157594, 167898, 168359, 178572, 181073, 191891, 191964, 194092, 214625, 218605, 228032, 235825, 240652, 251172, 251944, 255292, 255363, 260742, 274209, 283400, 289816, 299130, 302123, 303756, 317140, 317696, 332850, 347976, 351814, 381394, 383016, 441695, 449855, 474756, 493582, 606855, 655778, 1010823, 1079581, 1107228, 1137728]
29559	[318, 2003, 2713, 2714, 2751, 2924, 3165, 3178, 3909, 4033, 4079, 4091, 4119, 4522, 4614, 4654, 5063, 5873, 5876, 5972, 6092, 6518, 6714, 7060, 7247, 7278, 7289, 7291, 7299, 7437, 7613, 7638, 7662, 7686, 7698, 7703, 7717, 8024, 8760, 10357, 10389, 10422, 10933, 11012, 12094, 12137, 12596, 13187, 13196, 13606, 13820, 14457, 14468, 14473, 14486, 14675, 15163, 16250, 16622, 17551, 18034, 19298, 19973, 21039, 21767, 22757, 23035, 24552, 24778, 26044, 26345, 26641, 28795, 29236, 30088, 30093, 30542, 30617, 31146, 31792, 32394, 32411, 32416, 32417, 32990, 33058, 33534, 34155, 34276, 36550, 36621, 38379, 38403, 38781, 39471, 40409, 41182, 41767, 42554, 42895, 42976, 43733, 43744, 44559, 47946, 47950, 48433, 53982, 54650, 55804, 56150, 56331, 56551, 58266, 61250, 63462, 63507, 66261, 67260, 67435, 67964, 72292, 72308, 72358, 72872, 72881, 74500, 74503, 74505, 76012, 79114, 79433, 81049, 82333, 84626, 84751, 84752, 86074, 86417, 86995, 87420, 87637, 88722, 88742, 90153, 95972, 96921, 98541, 99663, 99778, 100405, 101028, 105449, 105450, 105902, 107643, 108103, 111159, 113986, 114087, 117224, 117598, 120883, 125045, 126816, 130979, 136858, 148982, 155104, 155227, 167898, 168359, 178572, 179209, 184648, 191891, 194092, 204891, 218605, 235825, 240652, 243501, 255292, 255363, 260575, 260742, 274209, 275835, 289816, 302123, 303756, 317140, 317696, 332850, 350915, 351814, 381394, 383016, 441695, 449855, 474756, 493582, 512877, 606855, 1010823, 1107228, 1137728]
29562	[2003, 2713, 2714, 2751, 3178, 3909, 4033, 4091, 4119, 4614, 5063, 5876, 6518, 6714, 7247, 7289, 7299, 7369, 7613, 7662, 7686, 7698, 7702, 7717, 8024, 8760, 10357, 10422, 10933, 11012, 12137, 13187, 13196, 13548, 13606, 13820, 14457, 14473, 14486, 14675, 15163, 15266, 16622, 17551, 18034, 19298, 19973, 20500, 20696, 21039, 21767, 24778, 26044, 28795, 29236, 30024, 30088, 30542, 30617, 31146, 31792, 32394, 32416, 32417, 32915, 32990, 33058, 33534, 34771, 36112, 36550, 36621, 38379, 38403, 38781, 39471, 40409, 40520, 41182, 41767, 42554, 42895, 42976, 43733, 43744, 44559, 47950, 53982, 54650, 55804, 56150, 56331, 56551, 58266, 61890, 63462, 63507, 66261, 67260, 67435, 67964, 72292, 72358, 76012, 79114, 79433, 82333, 84626, 84751, 84752, 86074, 88722, 88742, 90153, 92577, 95972, 96921, 99663, 99778, 100405, 101028, 105449, 105450, 105902, 107643, 108103, 111159, 113986, 114087, 114326, 117224, 117598, 120883, 125045, 126816, 130979, 133511, 136858, 142142, 148982, 155227, 167898, 168359, 184648, 191891, 194092, 240652, 255292, 256185, 260575, 260742, 265395, 274209, 276605, 302123, 303756, 304959, 317140, 317696, 332850, 351814, 449855, 474756, 606855, 1010823, 1107228, 1137728, 1246862, 2937491]
29566	[9706, 24225, 25767, 48865, 57103, 59556, 82735, 86163, 94940, 95886, 151466, 174890, 180921, 180939, 219291, 254416, 261941, 370971, 439406]
29569	[3178, 7289, 7291, 7619, 14473, 17551, 17852, 130979, 474756]
29572	[653, 891, 1699, 4522, 6092, 6207, 7369, 7400, 7638, 9496, 13548, 14497, 62378, 66852, 93495, 165295]
29577	[7289, 7703, 34568, 46233, 107643, 218605]
29584	[3178, 8760, 10643, 17551, 21295, 30915, 55804, 79433, 84626, 84751, 96921, 124860]
29586	[4119, 7609, 7662, 7823, 11345, 19973, 21236, 22757, 32101, 32417, 33534, 34276, 38781, 42980, 44969, 50161, 72358, 74500, 86074, 88742, 95355, 99778, 126816, 194667, 274209]
29590	[872, 891, 1699, 2921, 4056, 4060, 4066, 4522, 4909, 6092, 7400, 7638, 7664, 7669, 7677, 9496, 14914, 17258, 19056, 19973, 22796, 24467, 26805, 28218, 36544, 39579, 41428, 42146, 43488, 44153, 49596, 67309, 67460, 75212, 87048, 94135, 117993, 122662, 148409, 229304, 358899]
29598	[2713, 2751, 2921, 3178, 4091, 4119, 7030, 7247, 7289, 7299, 7613, 7662, 7698, 7717, 8024, 8760, 10422, 13187, 13196, 13726, 14457, 14466, 14473, 14486, 16622, 17551, 19973, 21039, 31146, 32394, 32416, 32417, 33155, 33534, 34547, 38379, 38570, 38781, 42976, 42980, 43733, 43828, 45534, 47118, 47950, 56150, 60916, 67223, 67260, 67435, 67964, 68282, 72292, 72358, 74413, 74500, 75212, 76012, 79114, 79433, 79745, 84626, 86074, 88722, 88742, 90153, 96289, 96921, 98545, 99663, 99778, 100405, 102126, 105449, 105450, 105902, 107643, 108103, 114087, 117224, 125045, 126816, 128996, 129337, 130979, 135083, 148982, 155462, 155881, 168359, 191891, 194667, 260983, 274209, 351814, 362986, 446746, 474756, 655778, 3708839]
29599	[4091, 7280, 7673, 48863, 84522, 88722, 113986, 171149, 275232, 441824]
29600	[823, 891, 1031, 1205, 1699, 3026, 4522, 4530, 6092, 7638, 11424, 14653, 23543, 26700, 30308, 34533, 39878, 44583, 49549, 57025, 61147, 80872, 91068, 125213, 209696, 1291241]
29604	[1945726, 4273418, 7680555, 7680558, 7680560, 7680561, 7680562, 7680563, 7680564, 7680566, 7680567]
29608	[4119, 7624, 7662, 14473, 15165, 19298, 22757, 28198, 31961, 32394, 32417, 34155, 34276, 38781, 51324, 67435, 72358, 86074, 88742, 99778, 120883, 126816, 130979, 157402, 165106, 474756, 882340, 882341]
29609	[29237, 41513, 69375, 162670, 195173, 312296, 2390019]
29610	[318, 653, 751, 891, 1699, 1781, 1866, 2003, 2692, 2713, 2714, 2725, 2751, 2921, 2924, 2983, 3178, 3865, 3909, 4056, 4057, 4058, 4060, 4066, 4079, 4091, 4119, 4521, 4522, 4533, 4605, 4614, 4834, 4970, 5063, 5972, 6092, 6207, 6212, 6714, 6876, 7060, 7177, 7247, 7257, 7278, 7280, 7289, 7291, 7297, 7299, 7369, 7396, 7399, 7400, 7613, 7618, 7638, 7662, 7669, 7673, 7678, 7679, 7686, 7698, 7703, 7717, 8024, 8760, 9496, 10389, 10422, 10434, 10933, 11012, 12137, 12693, 13187, 13195, 13196, 13548, 13608, 13726, 14457, 14473, 14486, 14648, 14675, 14894, 14914, 15266, 16430, 16622, 17258, 17531, 17551, 17609, 17785, 17961, 18725, 18726, 18730, 18734, 18735, 18737, 19056, 19674, 19973, 20500, 21039, 21295, 21767, 22757, 22796, 23606, 24778, 26641, 26805, 27841, 28218, 28795, 30024, 30088, 30542, 31035, 31146, 31792, 32394, 32411, 32416, 32417, 32429, 32909, 33534, 34732, 34771, 35746, 36112, 36621, 37032, 37569, 38379, 38403, 38417, 38570, 38781, 40520, 40583, 41266, 41428, 42146, 42554, 42976, 43733, 43828, 45301, 45534, 45541, 45692, 47946, 47950, 48433, 48863, 49529, 49596, 50693, 52136, 54650, 56150, 57640, 58266, 61250, 61730, 64535, 67260, 67309, 67435, 67498, 67526, 67964, 72292, 72308, 72358, 72872, 74500, 74503, 74505, 74551, 75212, 75993, 76012, 76373, 79114, 79433, 79745, 81049, 82333, 83143, 83242, 84626, 86074, 86417, 87048, 87420, 88722, 88742, 89434, 90153, 90591, 96921, 98541, 98545, 99663, 99778, 100405, 101028, 103687, 105449, 105450, 105902, 107643, 108103, 108923, 111159, 111569, 113986, 114087, 114093, 114326, 117224, 125045, 126816, 129337, 130979, 135075, 136858, 137541, 140385, 148409, 148982, 152503, 152504, 152505, 155104, 157594, 168359, 178572, 181073, 191891, 194667, 209696, 214625, 215008, 218605, 240652, 251944, 255292, 255363, 260575, 274209, 274519, 283400, 289816, 317140, 328350, 332850, 347976, 350915, 351814, 358899, 367212, 381394, 383016, 389787, 441695, 449855, 474756, 493582, 655778, 671693, 1246862]
29615	[2003, 2713, 2751, 3178, 3677, 4011, 4058, 4091, 4119, 4605, 5063, 7247, 7289, 7299, 7369, 7613, 7662, 7698, 7717, 8024, 8760, 10422, 13187, 13196, 13548, 14457, 14473, 14486, 16622, 17551, 19973, 21039, 24552, 31146, 32394, 32416, 32417, 36562, 38379, 38781, 39471, 42976, 43733, 44153, 47950, 49594, 54650, 56150, 61890, 66261, 67260, 67435, 67964, 72292, 72358, 76012, 79114, 79433, 84626, 86074, 88722, 88742, 90153, 96921, 99663, 99778, 100405, 105449, 105450, 105902, 107643, 108103, 113986, 114087, 117224, 117752, 125045, 126816, 130979, 142142, 148982, 168359, 184648, 191891, 332850, 351814, 474756]
29617	[2713, 2751, 3178, 4091, 4119, 7247, 7289, 7299, 7613, 7662, 7698, 7717, 8024, 8760, 10422, 10775, 13187, 13196, 13726, 14457, 14473, 14486, 16622, 17551, 18726, 19973, 21039, 21373, 31146, 32394, 32416, 32417, 34155, 34547, 36544, 38379, 38570, 38781, 42976, 43733, 44646, 45534, 45691, 47118, 47950, 51833, 54990, 55799, 56150, 67260, 67311, 67435, 67964, 68076, 68282, 69469, 69495, 72292, 72358, 74413, 76012, 77094, 77415, 79114, 79433, 79745, 84626, 86074, 87151, 88722, 88742, 90153, 95656, 96289, 96921, 98545, 99663, 99778, 100405, 102126, 105449, 105450, 105902, 107643, 108103, 114087, 117224, 125045, 126816, 128397, 128995, 129337, 130979, 135083, 148982, 149645, 149646, 155462, 168359, 191891, 222546, 229096, 351814, 362986, 362987, 411437, 411723, 427611, 446746, 461492, 474756, 655778, 1107460]
29622	[155889, 4297472, 4297473]
29625	[10590, 19594, 21581, 161487]
29629	[59848, 89342, 89343, 223673]
29632	[31185, 61303, 317583]
29641	[2309695, 2312833, 2312834]
29643	[3165, 3909, 4653, 6270, 10262, 26522, 64664, 71081, 74185, 81613]
29648	[87564, 87565, 486229, 486230]
29649	[891, 1699, 2447, 4058, 4522, 4605, 6092, 7400, 7638, 7673, 7679, 7682, 9496, 12591, 14486, 14488, 14497, 17531, 18726, 18740, 19056, 22796, 31035, 34157, 37436, 38417, 51668, 65076, 72898, 75729, 75994, 123937, 125200, 168119, 221081, 274519, 367212]
29651	[4655, 76753, 151144, 166558, 267853, 290588, 297338, 344080, 512886]
29654	[318, 649, 789, 1676, 1781, 2003, 2692, 2713, 2714, 2725, 2751, 2983, 3165, 3178, 3268, 3865, 3909, 4033, 4079, 4091, 4119, 4533, 4614, 4834, 4970, 5063, 5545, 5876, 6092, 6518, 6714, 7028, 7247, 7253, 7278, 7289, 7291, 7298, 7299, 7400, 7613, 7619, 7662, 7686, 7690, 7698, 7703, 7717, 8024, 8760, 9074, 10357, 10422, 10643, 11012, 11073, 11449, 12136, 12137, 12339, 12591, 12693, 13187, 13195, 13196, 13606, 13820, 13879, 14457, 14468, 14469, 14472, 14473, 14486, 14648, 14675, 14894, 15163, 16430, 16622, 17546, 17551, 17802, 18034, 18509, 18726, 19298, 19674, 19973, 20700, 21039, 21295, 21767, 22193, 22757, 22796, 24778, 26044, 26641, 28122, 28209, 28795, 29236, 30024, 30088, 30093, 30542, 30617, 30662, 31011, 31146, 31185, 31526, 31792, 32394, 32411, 32416, 32417, 32429, 32990, 33058, 33534, 34074, 34155, 34276, 34521, 34547, 35746, 36112, 36550, 36621, 37032, 38379, 38403, 38781, 39471, 40409, 40583, 41182, 41266, 41767, 42554, 42895, 42976, 43589, 43733, 43744, 44559, 45033, 45534, 46304, 47946, 47950, 48433, 48863, 49085, 51324, 53982, 54650, 55804, 56150, 56331, 56551, 58266, 59632, 61250, 61730, 62320, 63462, 63507, 64062, 66261, 66861, 67260, 67435, 67526, 67964, 67977, 68290, 69722, 71147, 72292, 72308, 72358, 72872, 72898, 74500, 74505, 75729, 76012, 79114, 79433, 81368, 82333, 83143, 84626, 84751, 84752, 86074, 86417, 87420, 88722, 88742, 90153, 95972, 96921, 98541, 98545, 99663, 99778, 100405, 101028, 105449, 105450, 105452, 105902, 107643, 108103, 111159, 111569, 113986, 114087, 114093, 114483, 117026, 117224, 117598, 120883, 125045, 126813, 126816, 130979, 136858, 142142, 148982, 152882, 155104, 155227, 157594, 167898, 168359, 178572, 181073, 191891, 194092, 214625, 218605, 228032, 235825, 240652, 251172, 251944, 255292, 255363, 260742, 274209, 283400, 289816, 299130, 302123, 303756, 317140, 317696, 332850, 347976, 351814, 381394, 383016, 441695, 449855, 474756, 493582, 606855, 655778, 1010823, 1079581, 1107228, 1137728]
29656	[12686, 14488, 15152, 17546, 18978, 37729, 59770, 63507, 105451, 106467, 160130, 166320, 269036, 291690, 293870, 435498]
29658	[318, 320, 600, 649, 653, 751, 789, 891, 1031, 1205, 1268, 1409, 1676, 1699, 1720, 1744, 1781, 1866, 1879, 2003, 2076, 2170, 2692, 2713, 2714, 2725, 2751, 2823, 2924, 2983, 2985, 3026, 3165, 3178, 3268, 3865, 3909, 4056, 4057, 4058, 4059, 4060, 4066, 4079, 4091, 4119, 4521, 4522, 4530, 4533, 4605, 4834, 4970, 5063, 5545, 5972, 5993, 6092, 6207, 6212, 6601, 6714, 6873, 6876, 7028, 7059, 7060, 7177, 7247, 7253, 7257, 7260, 7278, 7280, 7289, 7291, 7297, 7298, 7299, 7369, 7383, 7396, 7399, 7400, 7437, 7470, 7613, 7619, 7638, 7648, 7662, 7669, 7682, 7686, 7690, 7698, 7703, 7711, 7717, 8024, 8760, 9074, 9496, 9520, 10357, 10422, 10434, 10643, 11012, 11210, 11449, 12136, 12137, 12339, 12591, 12693, 13187, 13195, 13196, 13548, 13879, 14457, 14468, 14469, 14472, 14473, 14486, 14648, 14675, 14894, 14903, 15760, 15762, 16430, 16622, 17546, 17551, 17554, 17609, 17785, 17802, 18039, 18048, 18509, 18725, 18726, 18730, 18734, 18735, 18737, 18740, 19057, 19298, 19674, 19702, 19973, 20700, 21039, 21238, 21295, 21655, 21767, 22193, 22712, 22757, 22796, 24778, 26044, 26345, 26641, 26700, 27841, 28122, 28209, 28218, 28795, 30024, 30088, 30093, 30308, 30542, 30662, 31011, 31035, 31146, 31185, 31232, 31328, 31332, 31526, 31792, 32394, 32411, 32416, 32417, 32429, 32486, 33534, 34074, 34155, 34276, 34521, 34547, 35746, 36112, 36609, 36621, 37032, 37045, 37222, 37569, 38379, 38403, 38417, 38781, 39181, 39799, 39878, 40083, 40478, 40480, 40583, 41266, 41428, 41767, 42554, 42895, 42976, 43589, 43733, 44583, 45033, 45534, 46304, 47946, 47950, 48433, 48863, 49085, 49549, 49969, 50692, 50911, 51324, 51498, 53982, 54650, 54965, 55822, 56150, 56331, 58266, 59632, 60121, 60224, 61056, 61147, 61250, 61730, 62320, 62378, 64062, 64067, 64535, 64800, 66852, 66861, 67260, 67309, 67435, 67498, 67526, 67964, 67977, 68290, 68935, 71147, 72292, 72308, 72358, 72872, 72898, 74500, 74505, 75729, 75993, 75994, 76012, 76373, 79114, 79433, 80366, 81013, 81049, 81368, 82333, 83143, 84626, 86074, 86417, 87420, 88722, 88742, 90153, 90184, 90591, 96921, 97781, 98541, 98545, 99663, 99778, 100405, 101028, 105449, 105450, 105452, 105541, 105902, 107643, 108103, 108584, 109718, 111159, 111569, 113986, 114087, 114093, 114483, 117026, 117224, 120883, 122662, 125045, 126813, 126816, 130979, 133964, 135075, 136858, 148409, 148982, 152882, 155104, 157594, 168359, 178526, 178572, 181073, 184648, 191891, 209696, 214625, 218605, 228032, 235825, 240652, 243884, 251172, 251944, 255292, 255363, 259136, 274209, 283400, 289816, 299130, 317140, 332850, 339223, 347976, 351814, 358899, 381394, 383016, 389787, 439070, 441695, 449855, 474756, 493582, 655778, 926785, 1044884, 1079581, 1137357]
29660	[23624, 70432, 1517318]
29661	[6714, 7613, 12693, 13726, 30088, 31332, 37234, 44279, 47835, 51420, 58089, 58962, 67260, 79745, 95966, 114093, 142347, 181073, 830739]
29664	[1051, 4079, 7060, 18072, 33534, 35746, 48433, 50718, 59770, 64801, 90848, 142060, 274209, 345404, 352440, 488834, 815977]
29667	[2921, 4056, 4060, 7399, 7400, 10434, 14914, 15266, 17258, 19056, 19973, 20500, 22796, 23606, 26805, 28218, 31792, 34771, 38379, 41428, 42146, 45541, 45692, 49596, 52136, 75212, 87048, 114326, 117224, 137541, 194667, 328350, 1246862]
29669	[95537, 95539, 95541, 95542, 95544, 95546, 96123, 102506, 108439, 108566, 115463, 192327, 216140, 226461, 229547, 261293, 268272, 283469, 294746, 304975, 335045, 342543, 346688, 430876, 442174, 456926, 523642, 621694, 627442, 833315, 999914, 1259101]
29673	[2447, 4119, 5099, 31077, 67070, 458298]
29674	[3178, 5084, 13151, 14473, 14648, 17551, 17640, 38389, 39573, 41266, 56150, 95452, 98054, 130979, 155227, 198102, 311109, 362322, 474756, 517132, 655778, 844465, 1107228]
29677	[59656, 97080, 373581]
29688	[320, 600, 653, 823, 1205, 1268, 1409, 1720, 1744, 1877, 1879, 2076, 2142, 2170, 2823, 2985, 3026, 3868, 4059, 4530, 5993, 6097, 6207, 6212, 6601, 6873, 7059, 7260, 7369, 7383, 7400, 7437, 7470, 7638, 7645, 7648, 9496, 9520, 11210, 13548, 14653, 14903, 15760, 15762, 15810, 17554, 17566, 18039, 18048, 19056, 19057, 19702, 21238, 21655, 22712, 24594, 26700, 31232, 31332, 31339, 32486, 36609, 37045, 39181, 39784, 39799, 40083, 40478, 40480, 44319, 46870, 49549, 49969, 50692, 51498, 54965, 55822, 60121, 60224, 61056, 61147, 62378, 64067, 66852, 68935, 81013, 81554, 90591, 95967, 97246, 97781, 103512, 105541, 108584, 109718, 123185, 125213, 133964, 178526, 209696, 243884, 308611, 517429, 926785, 1044884, 1137357, 2381646]
29691	[2080, 23510, 36228, 36232, 69151, 73973, 88821, 106993, 128342, 181281, 208479, 228712, 230998, 250184, 362789, 613757, 652237, 1078025, 2468376, 2468377, 2468378, 2468379, 2468380, 2468381, 2468382, 2468383, 2468384, 2468385, 2468386, 2727952]
29693	[1830, 4119, 8760, 30915, 43589, 86074]
29694	[12007, 12974, 205127, 386675, 442010, 473207, 627442, 703539, 834224, 967915, 978126, 1016551, 1608537, 1659668, 1668683, 2000915, 2306069, 3234888, 4222626, 4223076, 4223077]
29695	[2003, 3178, 4091, 4522, 5063, 6092, 7028, 7060, 7247, 7253, 7289, 7291, 7619, 7638, 7690, 7717, 8760, 9074, 10357, 11073, 12591, 14468, 14473, 14486, 17551, 17802, 19298, 21039, 28209, 28328, 30093, 30542, 31185, 31792, 32394, 32429, 37032, 38379, 43589, 43733, 44614, 57587, 61144, 62320, 63077, 63552, 67498, 72292, 72898, 75729, 75993, 88722, 105450, 117026, 117224, 120883, 130979, 176435, 184648, 219213, 228032, 235825, 365548, 474756, 1412855]
29696	[7426, 7722, 9938, 21327, 25751, 26742, 27430, 28648, 36936, 50320, 55521, 58022, 68345, 98801, 108129, 486260, 705416, 1358412, 1737542, 5105693]
29697	[9081, 9707, 16655, 17827, 26641, 30725, 37223, 47742, 48512, 110283, 121112, 122458, 260190, 262943, 322232, 326874, 327731, 327732, 370531, 375460, 391670]
29700	[15885, 19674, 28332, 30344, 32990, 48863, 57103, 67065, 68693, 106467, 140385, 144807, 262944, 476903]
29702	[653, 4522, 6092, 6207, 7060, 7638, 12830, 18029, 18030, 18031, 135075, 209696, 211771, 220635]
29707	[653, 1699, 4522, 4533, 6092, 6207, 7369, 7638, 10656, 14486, 14625, 17609, 17819, 21242, 30433]
29708	[946, 1877, 2713, 4091, 6714, 7247, 7260, 7613, 7703, 10384, 10388, 12693, 15266, 20500, 20696, 21452, 26493, 28421, 29786, 31792, 32092, 32915, 34771, 38379, 43733, 70864, 80016, 88722, 107643, 108509, 110252, 114326, 117224, 137541, 151610, 180708, 218605, 248110, 256185, 298110, 328350, 1246862, 2937491]
29710	[208110, 288835, 288846]
29717	[7399, 140043, 140044]
29718	[7028, 7613, 10357, 10775, 13726, 14457, 18726, 21373, 32417, 32429, 34155, 34276, 36544, 37032, 38570, 44646, 45691, 51833, 54990, 55799, 67311, 68076, 68282, 69469, 69495, 74413, 77094, 77415, 79745, 87151, 90153, 95656, 96289, 98545, 117026, 128397, 128995, 135083, 148982, 149645, 149646, 155462, 222546, 229096, 235825, 362986, 362987, 411437, 411723, 427611, 446746, 461492, 1107460]
29723	[38432, 52894, 55942, 99140, 118908, 126619, 232107, 567525]
29724	[2921, 7613, 13608, 13726, 14457, 14894, 19973, 32909, 33534, 49529, 50693, 74500, 79745, 84522, 90153, 129337, 194667, 209644, 215008, 274209, 2554370]
29725	[2713, 2725, 2751, 3178, 4060, 4091, 4119, 4614, 5063, 7247, 7289, 7297, 7299, 7300, 7369, 7613, 7662, 7698, 7717, 8024, 8760, 10422, 13187, 13196, 13548, 14457, 14473, 14486, 14675, 14894, 15166, 16250, 16622, 17551, 19674, 19973, 21039, 31146, 31724, 32394, 32416, 32417, 32893, 33534, 38379, 38432, 38781, 42146, 42554, 42976, 43733, 45301, 47950, 48863, 50693, 53982, 56150, 64800, 67260, 67435, 67964, 72292, 72358, 76012, 76910, 79114, 79433, 84626, 86074, 88722, 88742, 90153, 96921, 98541, 99663, 99778, 100405, 105449, 105450, 105902, 107643, 108103, 108923, 113986, 114087, 117224, 125045, 126816, 130979, 148982, 168359, 191891, 194667, 242717, 242718, 242719, 274209, 332850, 351814, 441377, 474756]
29740	[320, 600, 653, 1205, 1409, 1720, 1744, 1879, 2170, 2823, 3026, 4059, 5993, 6207, 6212, 6601, 7369, 7470, 7648, 9520, 11210, 13548, 15760, 15762, 17554, 18039, 19702, 21655, 22712, 26700, 31232, 31332, 32486, 36609, 39181, 39799, 49549, 49969, 50692, 51498, 55822, 60224, 61056, 61147, 64067, 66852, 68935, 81013, 105541, 108584, 109718, 133964, 209696, 243884, 926785, 1044884, 1137357]
29741	[318, 649, 789, 1676, 1781, 2003, 2692, 2713, 2714, 2725, 2751, 2983, 3165, 3178, 3268, 3865, 3909, 4079, 4091, 4119, 4533, 4834, 4970, 5063, 5545, 6092, 6714, 7028, 7247, 7253, 7278, 7289, 7291, 7298, 7299, 7613, 7619, 7662, 7686, 7690, 7698, 7703, 7717, 8024, 8760, 9074, 10357, 10422, 10643, 11012, 11449, 12136, 12137, 12339, 12591, 12693, 13187, 13195, 13196, 13879, 14457, 14468, 14469, 14472, 14473, 14486, 14648, 14675, 14894, 16430, 16622, 17546, 17551, 17802, 18509, 18726, 19298, 19674, 19973, 20700, 21039, 21295, 21767, 22193, 22757, 24778, 26044, 26641, 28122, 28209, 28795, 30024, 30088, 30093, 30542, 30662, 31011, 31146, 31185, 31526, 31792, 32394, 32411, 32416, 32417, 32429, 33534, 34074, 34155, 34276, 34521, 34547, 35746, 36112, 36621, 37032, 38379, 38403, 38781, 40583, 41266, 41767, 42554, 42895, 42976, 43589, 43733, 45033, 45534, 46304, 47946, 47950, 48433, 48863, 49085, 51324, 54650, 56150, 56331, 58266, 59632, 61250, 61730, 62320, 64062, 66861, 67260, 67435, 67526, 67964, 67977, 68290, 71147, 72292, 72308, 72358, 72872, 72898, 74500, 74505, 75729, 76012, 79114, 79433, 81368, 82333, 83143, 84626, 86074, 86417, 87420, 88722, 88742, 90153, 96921, 98541, 98545, 99663, 99778, 100405, 101028, 105449, 105450, 105452, 105902, 107643, 108103, 111159, 111569, 113986, 114087, 114093, 114483, 117026, 117224, 120883, 125045, 126813, 126816, 130979, 136858, 148982, 152882, 155104, 157594, 168359, 178572, 181073, 191891, 214625, 218605, 228032, 235825, 240652, 251172, 251944, 255292, 255363, 274209, 283400, 289816, 299130, 317140, 332850, 347976, 351814, 381394, 383016, 441695, 449855, 474756, 493582, 655778, 1079581]
29742	[34465, 75834, 75835]
29745	[33801, 39344, 49848]
29750	[95537, 95539, 95541, 95542, 95544, 95546, 96123, 102506, 108439, 108566, 115463, 192327, 216140, 226461, 229547, 261293, 268272, 283469, 294746, 304975, 335045, 342543, 346688, 442174, 456926, 523642, 621694, 627442, 833315, 999914, 1259101]
29753	[2703, 3178, 3394, 3422, 3909, 4057, 4098, 4158, 7289, 7291, 7437, 7613, 7679, 7686, 7703, 7717, 10357, 12137, 12591, 12693, 13151, 13606, 13726, 13889, 14473, 14648, 16250, 17531, 17551, 18034, 18200, 19056, 21039, 21295, 23446, 24606, 26233, 26537, 28209, 28421, 28795, 31011, 32411, 32454, 33200, 34520, 34568, 38570, 41266, 42554, 46233, 55804, 56150, 65292, 67526, 72328, 72898, 75729, 75928, 79745, 81368, 84751, 90591, 90848, 96921, 98545, 107643, 111555, 130979, 145420, 148982, 155227, 168119, 198102, 209696, 218605, 235825, 274519, 308611, 362322, 383016, 474756, 655778, 1246646]
29755	[946, 1877, 2713, 4091, 6714, 7247, 7260, 7613, 7703, 10384, 10388, 12693, 15266, 20500, 20696, 21452, 26493, 28421, 29786, 31792, 32092, 34771, 38379, 43733, 70864, 80016, 88722, 107643, 108509, 110252, 114326, 117224, 137541, 151610, 180708, 218605, 248110, 256185, 298110, 328350, 1246862]
29756	[320, 600, 1205, 1268, 1409, 1720, 1744, 1879, 2076, 2170, 2823, 2985, 3026, 4059, 5993, 6212, 6601, 6873, 7059, 7260, 7369, 7383, 7437, 7470, 7648, 11210, 14903, 15760, 15762, 17554, 18039, 18048, 19057, 19702, 21238, 21655, 22712, 26700, 31232, 31332, 32486, 36609, 37045, 39181, 39799, 40083, 40478, 40480, 49969, 50692, 51498, 54965, 55822, 60121, 60224, 64067, 66852, 68935, 105541, 109718, 133964, 178526, 209696, 243884, 926785, 1044884, 1137357]
29758	[1453433, 1945509, 2515282]
29759	[2782, 32414, 81559, 138943, 175569, 185863, 234413, 1328550]
29760	[1268, 1477, 31249]
29767	[52818, 57640, 127093]
29770	[7613, 10775, 13726, 14457, 18726, 21373, 34155, 36544, 44646, 54990, 68282, 69469, 69495, 74413, 77094, 79745, 87151, 95656, 135083, 155462, 222546, 229096, 362986, 362987, 411437, 411723, 427611, 446746, 461492]
29774	[2003, 3178, 4119, 5063, 7552, 7698, 7702, 10933, 11012, 12094, 14473, 14486, 15887, 17551, 18547, 19674, 21767, 22757, 33534, 36112, 38379, 38781, 40409, 40520, 48863, 58089, 67260, 72292, 74501, 82333, 86074, 88742, 105450, 114093, 117224, 126816, 130979, 179209, 184648, 219075, 260575, 274209, 275835, 474756]
29775	[7260, 17566, 69933, 85692, 95908, 116356, 169074]
29779	[4056, 4060, 7397, 7399, 7402, 7667, 10434, 14914, 19056, 26805, 31109, 33521, 46870]
29781	[18737, 24851, 88056, 91467, 94635, 291232, 358369, 369940, 1099893]
29783	[946, 1877, 7247, 7260, 10384, 10388, 15266, 20500, 20696, 21452, 26493, 28421, 29786, 34771, 38379, 43733, 70864, 80016, 108509, 110252, 114326, 137541, 151610, 180708, 248110, 256185, 298110, 328350, 1246862]
29784	[2003, 2713, 2714, 2725, 2751, 2983, 3178, 3365, 3677, 3865, 3909, 4011, 4091, 4119, 4834, 4970, 5063, 6067, 6714, 7247, 7278, 7289, 7299, 7400, 7552, 7613, 7662, 7686, 7698, 7703, 7717, 8024, 8760, 10422, 12137, 12693, 13187, 13195, 13196, 14457, 14473, 14486, 14648, 14675, 16622, 17551, 19674, 19973, 21039, 21295, 22796, 26641, 27197, 28795, 29848, 30024, 30088, 31146, 31792, 32394, 32416, 32417, 32429, 33534, 35746, 36112, 36562, 36621, 37032, 38379, 38403, 38781, 39155, 39471, 40583, 41266, 42554, 42976, 43733, 44649, 44650, 45534, 47950, 48542, 48863, 54650, 56150, 58089, 58266, 61730, 61890, 66261, 67260, 67435, 67526, 67964, 68811, 69382, 70861, 72292, 72358, 76012, 79114, 79433, 82333, 83143, 84626, 86074, 88722, 88742, 90153, 96921, 98541, 98545, 99663, 99778, 100405, 105449, 105450, 105902, 107643, 108103, 111159, 111569, 113986, 114087, 114093, 117224, 117752, 125045, 126816, 126991, 130979, 142142, 148982, 157594, 168359, 181073, 184648, 191891, 214625, 251944, 274209, 283400, 332850, 347976, 351814, 474756, 655778]
29786	[2504100, 2504101, 2504103]
29791	[2003, 4091, 14468, 69334, 72292, 88722, 96322, 97034, 105450, 117993, 125082, 263619, 395413, 849346, 1087578, 1580696, 2377132, 5612529]
29793	[3178, 5084, 14648, 17551, 17640, 38389, 95452, 98054, 311109, 362322, 474756, 517132, 844465, 1107228]
29794	[318, 1781, 5081, 5816, 7028, 8024, 8760, 10643, 12339, 18509, 30662, 32417, 32429, 34276, 34521, 34946, 37032, 38258, 43589, 49085, 56150, 56331, 58266, 64062, 66232, 66839, 66861, 67977, 89434, 90184, 114483, 117026, 167665, 191098, 214625, 381783, 663904, 1038967]
29795	[423743, 1788897, 2154831]
29798	[1835, 17015, 47014, 48425, 48865, 92449, 198102, 456670]
29802	[17162, 100890, 4470190]
29803	[872, 4066, 4909, 7400, 7664, 7669, 7677, 24467, 36544, 39579, 41428, 43488, 44153, 49596, 67460, 87048, 94135, 122662, 148409, 229304]
29810	[10960, 13608, 73842, 131485, 200369, 245049, 254536, 257768, 262877, 272477, 275110, 349878, 377440, 567872, 671693, 979963, 1485765]
29814	[2725, 6520, 11449, 11879, 14362, 17203, 22854, 23858, 36663, 36665, 55029, 66361, 74500, 79574, 110570, 193816, 314733]
29816	[12094, 39828, 41563, 74501, 83071, 90586, 92581, 155030, 171203, 241755, 252790, 253466, 275835, 299895, 306085, 317001, 1510438, 5033284]
29821	[5063, 7260, 70861]
29824	[318, 3868, 4011, 4058, 4605, 7030, 7035, 7369, 7400, 7669, 10383, 11073, 13195, 13196, 13548, 14472, 14497, 16622, 19973, 21238, 22796, 24552, 30542, 31328, 31791, 31792, 33155, 33534, 35640, 38379, 50913, 61890, 62318, 68811, 74500, 75212, 109718, 113986, 117224, 185792, 194667, 209415, 274209, 768464]
29825	[2703, 3178, 3394, 3422, 4057, 4098, 4158, 7679, 7703, 12591, 13151, 13606, 13889, 14473, 14648, 17531, 17551, 18200, 19056, 21295, 23446, 24606, 26233, 26537, 28209, 28421, 28795, 32454, 33200, 34520, 34568, 41266, 46233, 55804, 67526, 72328, 72898, 75729, 75928, 81368, 84751, 90591, 90848, 96921, 98545, 111555, 130979, 145420, 168119, 209696, 274519, 308611, 362322, 474756, 655778, 1246646]
29827	[4533, 4970, 10643, 16622, 17594, 19973, 24167, 28558, 31526, 33534, 37234, 56133, 67976, 74500, 194667, 274209, 325958]
29829	[36232, 55343, 106993, 162240, 178015, 181281, 208479, 218595, 224077, 230998, 250185, 371274, 392784, 392785]
29830	[1817844, 1817845, 1817847]
29832	[653, 6207, 7400, 40098, 88056, 125168, 146509, 146510, 146511, 146512, 146515, 166420, 188264, 205566, 249662, 373868, 384896, 411804, 642697]
29833	[2725, 6520, 11449, 11879, 14362, 17203, 22854, 23858, 36663, 36665, 55029, 66361, 74500, 110570, 193816, 314733]
29835	[7030, 14457, 14466, 42980, 47950, 60916, 90153, 96289, 128996, 155881, 260983, 3708839]
29836	[320, 600, 1205, 1409, 1720, 1744, 1879, 2170, 2823, 3026, 4059, 5993, 6212, 6601, 7369, 7470, 7648, 11210, 13548, 15760, 15762, 17554, 18039, 19702, 21655, 26700, 31232, 31332, 32486, 36609, 39181, 39799, 49969, 50692, 51498, 55822, 60224, 61056, 64067, 105541, 109718, 133964, 209696, 243884, 926785, 1044884, 1137357]
29838	[30088, 31332, 37234, 44279, 47835, 51420, 58962, 67260, 95966, 114093, 142347, 830739]
29840	[4119, 4654, 14473, 51472, 86074, 99696, 100405, 130979, 134825, 163490, 165104, 218108, 445299, 474756, 1395412]
29841	[10775, 14457, 18726, 21373, 34155, 36544, 44646, 54990, 68282, 69469, 69495, 74413, 77094, 87151, 95656, 135083, 222546, 229096, 362986, 362987, 411437, 411723, 427611, 446746, 461492]
29846	[320, 823, 1744, 3868, 4059, 6601, 7369, 9520, 13548, 14653, 15762, 19056, 24594, 31332, 39784, 39799, 44319, 49969, 50692, 61056, 62378, 66852, 81013, 97246, 97781, 103512, 108584, 125213, 517429]
29847	[2703, 3394, 3422, 4057, 4098, 4158, 7679, 7703, 12591, 13151, 13606, 13889, 14648, 17531, 18200, 19056, 21295, 23446, 24606, 26233, 26537, 28209, 28421, 28795, 32454, 34520, 34568, 41266, 46233, 55804, 72328, 72898, 75729, 75928, 81368, 84751, 90591, 90848, 96921, 98545, 111555, 145420, 168119, 209696, 274519, 308611, 1246646]
29849	[49633, 412288, 1593345]
29853	[8729, 29060, 52898, 63078, 193613, 203916, 205002, 232045, 275907, 310999, 326697, 333412, 396584, 465093, 535750, 870303, 886488, 1343412, 2003715, 2003716, 4172351]
29854	[318, 3165, 4079, 5873, 7289, 7291, 7437, 10357, 10389, 10933, 12094, 12596, 19973, 21039, 23035, 31792, 33534, 38379, 72292, 72881, 74503, 81049, 86995, 100405, 105450, 117224, 136858, 168359, 179209, 235825, 260575, 274209, 350915, 441695, 512877]
29857	[75474, 98418, 99064, 168708, 473035, 750993, 2830534, 3129317, 4822129, 6521186, 6521187, 6521188, 6521189, 6521190, 6521191, 6521193, 6551545]
29859	[4480, 7607, 7703, 14788, 29058, 32620, 43589, 72328, 168359, 225962, 236173]
29860	[946, 4091, 7542, 32092]
29861	[1676, 3178, 3268, 4033, 4119, 4533, 5545, 7169, 7253, 7289, 7291, 7400, 7613, 7619, 7686, 7698, 8024, 8760, 9074, 11151, 12137, 12693, 13196, 13726, 13876, 14457, 14468, 14473, 17551, 18143, 18726, 19973, 20590, 21043, 21373, 21639, 22796, 23229, 24552, 26345, 29990, 30093, 31146, 33534, 35738, 36550, 36621, 38782, 39471, 41157, 43589, 44530, 51324, 56331, 58089, 61730, 66261, 67435, 69674, 74411, 74500, 79745, 82663, 86074, 90153, 92879, 105902, 111159, 114483, 130979, 191964, 274209, 474756]
29867	[43956, 44153, 68174, 142652, 840932]
29869	[1830, 2003, 3865, 4119, 8024, 8760, 14457, 16622, 19298, 21767, 24778, 26044, 30088, 30542, 32009, 32394, 32990, 33534, 34547, 36112, 39471, 40409, 41182, 41767, 43589, 43744, 45534, 51324, 54650, 59632, 63462, 63507, 66261, 67435, 69722, 72292, 86074, 90153, 101028, 105450, 105902, 114483, 120883, 136201, 142142, 194092, 201571, 240652, 252393, 255292, 274209, 299130, 302123, 303756, 317140, 317696, 381534, 449855, 606855, 1010823]
29870	[320, 600, 1205, 1409, 1720, 1744, 1879, 2170, 2823, 3026, 4059, 6212, 6601, 7369, 7470, 7648, 15760, 15762, 17554, 18039, 19702, 21655, 26700, 31232, 31332, 32486, 36609, 39181, 39799, 49969, 50692, 51498, 55822, 60224, 64067, 105541, 109718, 133964, 209696, 243884, 926785, 1044884, 1137357]
29872	[7426, 7722, 9938, 21327, 25751, 26742, 27430, 28648, 50320, 55521, 58022, 68345, 98801, 108129, 486260, 705416, 1358412, 5105693]
29873	[318, 649, 789, 1676, 1781, 2003, 2692, 2713, 2714, 2725, 2751, 2982, 2983, 3165, 3178, 3268, 3865, 3909, 4079, 4091, 4119, 4533, 4834, 4970, 5063, 5545, 6092, 6714, 7028, 7247, 7253, 7278, 7289, 7291, 7298, 7299, 7613, 7619, 7662, 7686, 7690, 7698, 7703, 7717, 8024, 8670, 8760, 9074, 10357, 10422, 10643, 11012, 11449, 12136, 12137, 12339, 12591, 12693, 13187, 13195, 13196, 13726, 13820, 13879, 14457, 14468, 14469, 14472, 14473, 14486, 14648, 14675, 14894, 16430, 16622, 17546, 17551, 17802, 18509, 18726, 19298, 19674, 19973, 20700, 21039, 21295, 21767, 22193, 22757, 24778, 26044, 26641, 28122, 28209, 28795, 30024, 30088, 30093, 30542, 30662, 31011, 31146, 31185, 31526, 31792, 32394, 32411, 32416, 32417, 32429, 32434, 33534, 34074, 34155, 34276, 34521, 34547, 34946, 35746, 36112, 36621, 37032, 37222, 38379, 38403, 38570, 38781, 40409, 40583, 41266, 41767, 42554, 42895, 42976, 43589, 43733, 45033, 45534, 46304, 47118, 47946, 47950, 48433, 48863, 49085, 50263, 51324, 52272, 53982, 54650, 55804, 56150, 56331, 58266, 59632, 61250, 61730, 62320, 64062, 64800, 66839, 66861, 67260, 67435, 67526, 67964, 67977, 68290, 71147, 72292, 72308, 72358, 72872, 72898, 74500, 74505, 75729, 76012, 79114, 79433, 79745, 81368, 81666, 82333, 83143, 84626, 84751, 86074, 86417, 87420, 88722, 88742, 90153, 90184, 96921, 98541, 98545, 99663, 99778, 100405, 101028, 101552, 105449, 105450, 105452, 105902, 107643, 108103, 111159, 111569, 113986, 114087, 114093, 114483, 117026, 117224, 117598, 120883, 121163, 125045, 126813, 126816, 130979, 136858, 137541, 145420, 148982, 152882, 155104, 155227, 157594, 168359, 178572, 181073, 184648, 191891, 194667, 214625, 218605, 228032, 235825, 240652, 251172, 251944, 255292, 255363, 274209, 283400, 289816, 299130, 317140, 332850, 347976, 351814, 381394, 383016, 441695, 449855, 474756, 493582, 655778, 1079581]
29877	[14563, 26955, 32202, 92243, 119083, 119084, 188041, 190370, 202094, 207968, 219565, 222088, 262357, 373345, 610798, 619818, 621396, 1013597]
29879	[339700, 555351, 692259]
29884	[4066, 6881, 7182, 11929, 30974, 58281, 216971, 224179]
29886	[2703, 3394, 3422, 4057, 4098, 4158, 7679, 7703, 12591, 13151, 13606, 13889, 14648, 17531, 18200, 19056, 23446, 24606, 26233, 26537, 28209, 28421, 28795, 32454, 34520, 34568, 41266, 46233, 72328, 75928, 84751, 90591, 90848, 98545, 111555, 145420, 168119, 209696, 308611, 1246646]
29887	[2703, 3394, 3422, 4057, 4098, 4158, 7679, 7703, 12591, 13151, 13606, 13889, 14648, 17531, 18200, 19056, 23446, 24606, 26233, 26537, 28209, 28421, 28795, 32454, 34520, 34568, 46233, 72328, 75928, 84751, 90591, 90848, 98545, 111555, 145420, 168119, 209696, 308611, 1246646]
29888	[13961, 23259, 39775, 121112]
29891	[27982, 42415, 42417, 114160, 249184, 327454, 359803, 373984, 532043, 605983, 684030, 857883, 1081820, 1412304, 1784743, 1854043, 2424814, 3339936]
29893	[69720, 81290, 86075, 129359, 272007, 465451, 3315523, 3315524, 3315525]
29894	[95165, 119018, 149588, 179118, 200185, 283657, 287345, 747816, 844678, 844684, 961481, 1484292, 3761364, 3761366, 3761367, 3761368, 3761369, 4563059]
29895	[56860, 320364, 351500, 415557, 4929962, 4929964]
29896	[3178, 3865, 4690, 13911, 17551, 31937, 32429, 36547, 37032, 40583, 50263, 58349, 72308, 80019, 95886, 125541, 230624, 271470, 347976, 474756]
