1	[55080, 83904, 166320]
10	[32201, 179366, 228408]
29	[76028, 177340, 207945, 899517]
30	[16406, 6181509, 6181511]
56	[184439, 184440, 184441, 184712]
59	[153980, 170355, 410038]
366	[76028, 110593, 732482]
527	[10081, 5455066, 7262188]
528	[15900, 61499, 1736801]
540	[32181, 109661, 188810]
676	[347276, 1059683, 2035499]
771	[154028, 1043775, 1132706]
819	[3865, 872312, 1421378]
820	[430553, 630957, 2360753]
1020	[84643, 182998, 1728735]
1022	[10360, 256779, 256780]
1046	[235031, 235032, 235033]
1050	[191271, 926682, 1781229]
1053	[32191, 32192, 91511]
1069	[41408, 474083, 728829]
1092	[13774, 830694, 894994]
1172	[10360, 256777, 256782]
1294	[29936, 323172, 950650]
1321	[48392, 48413, 84101]
1556	[10552, 17589, 107598, 1337172]
1580	[17546, 370971, 1211833]
1627	[7027, 60316, 274718]
1680	[26050, 211886, 1317839]
1728	[3476, 121607, 916708]
2272	[3474, 42180, 194498]
2394	[3898, 11201, 637432]
2867	[1835, 324987, 457786]
3181	[391, 187134, 190997]
5120	[2725, 30146, 421723]
5679	[2705, 59247, 4961642]
7371	[1425, 132714, 178941]
8596	[634, 105272, 363512]
8760	[2266, 97835, 386320]
8885	[634, 10363, 60149]
10849	[2725, 9772, 204965]
13480	[2704, 29001, 4053754]
13489	[391, 99731, 123904]
15465	[2713, 4711, 7256, 8760, 12196, 12596, 13961, 22193, 28795, 30542, 31260, 46233, 54650, 57103, 63462, 67260, 72872, 156023, 174890, 249597, 264475]
15485	[868, 1705, 17928, 47677]
15518	[302565, 342906, 423749, 707717]
15780	[78, 83723, 241833]
15987	[2604, 79579, 1411691]
16153	[2264, 52771, 56348]
16378	[48275, 51857, 96034, 108870, 196792, 269287, 279922, 304821, 343401, 345805, 351845, 351846, 780796, 1831183, 2524776, 2714265, 4949265]
16411	[3474, 38258, 104664]
16579	[402, 230534, 358880]
16812	[868, 1409977, 1409978]
16848	[2689, 17960, 33281]
16954	[40346, 67070, 86163, 245159]
17654	[1126, 32381, 113284]
18051	[168680, 242462, 290202, 290603, 441544, 708140]
18153	[18799, 18802, 335786, 339679, 375670, 389074, 625609, 889632, 1096965, 1222808, 1418152, 1491940]
18204	[1781, 2753, 3288, 4970, 5362, 7028, 7030, 7035, 7256, 7257, 7262, 7289, 7363, 7426, 7543, 7545, 7659, 9938, 11050, 11737, 12339, 12695, 13092, 14457, 14461, 15365, 17802, 21910, 27202, 28444, 29236, 30681, 31118, 32381, 33294, 35073, 36230, 36246, 37222, 42488, 45183, 47014, 48686, 60455, 63462, 67260, 69364, 86464, 88821, 92652, 93065, 98372, 106294, 115771, 124860, 125082, 137867, 148406, 158694, 185729, 185730, 185731, 185732, 712703]
18252	[3898, 3909, 31753]
18263	[29691, 43956, 86163]
18403	[2264, 2713, 15529, 17033, 19768, 51946, 65628, 66842, 66843, 82832, 187085, 246975, 264151]
18509	[584, 91322, 94860]
18957	[19762, 25052, 225276]
19111	[3470, 3682, 108907, 169574]
19996	[8760, 12582, 17413, 56772, 64485, 104519, 207982, 402989]
20313	[37198, 80040, 492745]
20380	[65710, 67451, 75589, 108050, 124035, 134061, 269252, 314473, 352804, 392341, 499861, 541879, 619217, 680977, 681823, 764595, 844666, 888181, 1055379, 1101638, 1103439, 1236351, 1751745, 2138363, 2138364, 2138365, 2138366, 2138367, 2138368, 2138369, 2138370, 2138371, 2138373, 2138374, 2138375, 2138376, 2138378, 2138379, 2138380, 2138382, 2138383, 2138384, 2138385, 2138386, 2138387, 2138388, 2147078, 2322514]
20406	[13119, 15559, 19952, 26101, 40880, 48236, 58520, 58544, 74869, 76952, 76974, 79246, 79576, 80713, 82598, 83227, 84005, 84009, 102546, 118500, 141023, 179116, 185652, 202298, 210045, 224321, 276792, 277903, 409559, 489749]
20413	[11606, 21349, 21350, 28524, 49061, 84050]
20451	[24039, 2123763, 4714892, 4715007, 5128564, 5553105, 5553106, 5556385, 5613560, 5917648, 6275620, 6898632]
20469	[383962, 629205, 2254473, 2355280, 2649242, 2900952, 3086395, 3195402, 3817915, 3817916, 3817918, 3817919, 3817920, 3817921, 3817922]
20475	[12969, 15562, 84056, 97668, 97670, 97671, 114195, 145834, 187775, 236669, 1554086]
20489	[4834, 7260, 7540, 22500, 25942, 25996, 30972, 32605, 32606, 32607, 36519, 48072, 59810, 70547, 70968, 93813, 172083, 209706, 234876]
20492	[3335947, 3338504, 3338505, 4714888, 5556376, 5917648, 6454572, 6532182, 6541241, 6627710, 6946888, 6946967, 6946968, 6946973, 6946979]
20499	[104613, 104614, 104615, 104616, 152860]
20503	[148542, 434904, 538156, 637987, 974787, 1065654, 1796664, 1796724, 1939719, 2283491, 2317871]
20505	[88589, 182110, 417087, 475719, 593684, 1752796, 2187616, 2773854, 3055626, 7281864]
20506	[104093, 133213, 249443, 298191, 310579, 319595, 352589, 361720, 1095097, 2096803, 2887223, 6264958, 6264959, 7664545, 7664546, 7664547, 7664548]
20515	[264638, 273343, 383309, 441361, 441362, 487692, 565741, 593795, 1036057, 1378290, 1853971, 1894910, 3028602, 3181787, 3181788, 3873527, 3873529, 3873530, 3873531]
20523	[109012, 1699118, 2641443, 3323354, 3323355, 3323356, 3323357, 3323358, 3323359, 3323360]
20546	[22501, 96001, 103159, 114086, 171151, 200369, 330301, 424148, 431697, 544706, 614166, 705569, 855950, 946873, 992691, 1010768, 1030903, 1178278, 2936210, 3391722, 3391723]
20560	[276870, 828208, 3104065, 3957726, 5739379]
20566	[187776, 231837, 293369, 328969, 330220, 330222, 330223, 330224, 330226, 2652712, 5604070]
20570	[83232, 167610, 203554, 490819, 629759, 2115945, 2115946, 2151092, 2485731]
20575	[76115, 151138, 188990, 359386]
20576	[41001, 42093, 91015, 255862, 380264]
20582	[2713, 4711, 6520, 7256, 8760, 12196, 12596, 13961, 22193, 28795, 30542, 31260, 32411, 46233, 54650, 57103, 63462, 67260, 72872, 156023, 174890, 249597, 264475]
20586	[18666, 22765, 55902, 77222, 114729, 114731, 114732, 114733, 1318287]
20601	[12974, 14974, 197325]
20611	[84023, 184972, 203554, 271580, 317237, 387363, 728596, 1820844, 2303663]
20612	[741824, 1282017, 1435672, 1588054, 2453427, 2891333, 2891336, 4649214]
20635	[10543, 211960, 224839, 225165, 225168, 254963, 316791, 317421, 494377, 998229, 1779537]
20645	[3909, 7552, 8670, 106460]
20650	[147223, 223687, 348602, 569232, 597440, 728837, 779289, 794663, 796542, 802137, 966140, 966190, 1001215, 1028484, 1317109, 1376072]
20655	[5993, 14483, 31546, 102293, 154434, 237049]
20662	[48455, 149060, 1163236, 1166393, 1299874, 1904314, 1904315, 1904316, 1935162, 3396927]
20679	[67331, 97469, 97472, 109012, 127535, 148781, 201878, 282520, 516080, 516806, 521667, 570948, 689016, 797557, 878982, 885308, 1268493, 1445029, 1864070]
20691	[45672, 224307, 283148, 283149, 307638, 374767, 440746, 516854, 612305, 612306, 624536, 683178, 688512, 959010, 4392237]
20694	[391, 7444, 15791, 26453, 30253, 30254, 34510, 260479, 298810]
20705	[3461, 4205, 26641]
20710	[175045, 201712, 297223, 449877, 1103069, 1151516, 1222306, 2111979, 3296644, 4050672, 7669288, 7669289, 7669291]
20729	[30772, 189916, 1273697, 1716021, 5878645, 6555259, 6555260, 6555262, 7178506, 7682965, 7682966]
20738	[91993, 115701, 584625, 661894, 1027801, 1098453, 1259700, 1259701, 1259702]
20740	[1354118, 1540964, 1948520, 3064008, 3083376, 3225796, 3382632, 5128564, 5190221, 6325083, 6482383, 6891922]
20767	[374683, 515566, 1278182, 1983105, 2657030, 2657049, 3174711, 6355509, 6355510, 6355511]
20771	[141441, 141443, 286412, 654093, 689028, 692632, 692633, 692634, 692635, 692636]
20772	[32204, 92242, 105397, 212290, 258394, 583251]
20776	[67223, 206133, 238278, 350933, 365767, 433729, 483352, 491035, 856847, 856852, 869265, 959204, 1025734, 1477237, 1970139]
20780	[165581, 165582, 165584, 165585, 165586, 165587]
20785	[211266, 332978, 1428711, 1467615]
20792	[65773, 433974, 1647002, 2113939, 2113941, 2113946, 2113947, 2113948, 2113949, 2113950]
20797	[58781, 63913, 207524, 494932]
20798	[905, 30605, 30606, 77775, 243450, 279860]
20802	[742270, 939235, 2263105, 3130125, 3654306, 3654310, 3654316, 3655815, 6444366, 7532906, 7532907, 7579287]
20803	[2778, 46186, 86702, 621051]
20808	[8024, 18948, 48246, 128995, 193299, 201356, 380657, 380658, 380659, 768697]
20813	[37752, 40521, 49262, 112586, 133641, 197802, 262820, 262823, 262825, 621582]
20816	[44615, 279421, 838044, 911818, 931265, 1380312, 1380313, 1481553]
20817	[36961, 61702, 95378, 388047, 388048, 388049, 388050, 388051, 388052]
20824	[730121, 943789, 1604055, 1604056, 1604057, 1659873]
20835	[1677976, 3235849, 3235851, 4493312, 7413082]
20839	[198935, 213897, 265560, 318490, 442226, 623666, 677744, 677746, 1904358]
20860	[45114, 77017, 101610, 155777, 162808, 188822, 188823, 228032]
20868	[4711, 32429, 38713, 38718, 48246, 48424, 49078, 52272, 93067, 94068, 154315, 201356, 250721, 398103, 517862, 517863, 517865, 517867]
20882	[8024, 48246, 128995, 150126, 151888, 201356, 380657, 1148940, 1298671]
20891	[5873, 16534, 26168, 44562, 151462, 151464, 586970]
20897	[348590, 512401, 569232, 669099]
20898	[16127, 100446, 133232, 149428, 207103, 253612, 582398, 599438]
20905	[8672, 84839, 95537, 95542, 95544, 115463, 115466, 144051, 152402, 153980, 335045, 375279, 442174, 523642]
20910	[484, 17135, 26101, 49982, 62491, 84023, 98165, 179117, 191269, 328969, 356173, 431734, 522102, 522103]
20912	[19762, 22720, 36241, 51420, 61848, 119713, 145779, 363457, 573804, 593647, 853538, 956972, 2009724, 2009725]
20916	[40237, 393169, 1594516, 2361788, 2650544, 2650545, 6481091]
20923	[679490, 805584, 936109, 1220409, 1253221, 1253222, 1584333]
20925	[2713, 8760, 12196, 12596, 22193, 28795, 30542, 46233, 57103, 67260, 72872, 156023, 264475]
20928	[486012, 979165, 1122126, 1731361]
20942	[17827, 56799, 185751]
20944	[84839, 95537, 95542, 95544, 115463, 115466, 144051, 152402, 153980, 254070, 335045, 375279, 442174, 523642]
20951	[228904, 374509, 1070495, 1161652]
20954	[56675, 1031007, 1394436, 3533480, 4335036]
20955	[240099, 423743, 627903, 846450, 1788897, 1788904, 1986501, 2219740, 3171879, 4329770, 4951168, 6054459, 6402299, 6427128, 6941982, 6968697, 6969027]
20957	[4507683, 4507688, 6897801, 6897802, 6897803, 6897804, 6897805, 6897806, 6897807, 6897808, 6897809]
20961	[67496, 939234, 939235, 939236, 939237, 1216839]
20970	[95376, 116790, 124115, 181523, 227402, 341692, 663992, 669099]
20980	[62493, 75594, 186916, 202293, 648995, 906868, 1131209, 4345069]
20987	[691262, 755239, 1243983, 1268071, 1268076]
20996	[612307, 751735, 819511, 840136, 843870, 1172267, 1386713]
21002	[11419, 16748, 61485, 1386819]
21022	[1141, 5817, 17785, 33643, 369862, 6320789]
21031	[330336, 416959, 492174, 687804]
21035	[4533, 125038, 125041, 125768, 142459, 148765, 165323, 167859, 249535, 850766, 870256]
21045	[255019, 1388268, 1537532, 3343925, 3343926]
21050	[21763, 57947, 160202, 272487, 286334, 323088, 465254]
21076	[2725, 7613, 12698, 36240, 36244]
21081	[223196, 270225, 1972198, 1972199]
21084	[2760, 11004, 46566]
21086	[946, 1830, 2447, 2714, 2753, 3132, 3165, 3175, 3479, 3868, 4033, 4079, 4719, 5310, 6270, 6689, 6704, 7030, 7035, 7142, 7165, 7247, 7262, 7289, 7543, 7545, 7702, 8024, 8099, 8760, 9074, 10262, 10431, 12596, 12693, 12695, 13608, 13735, 13820, 14457, 14482, 15169, 15365, 15885, 16745, 17015, 17640, 17961, 19814, 19964, 20957, 21639, 21910, 22193, 23446, 23716, 24167, 26522, 26523, 28795, 29230, 29232, 30093, 30542, 30681, 30907, 30915, 32990, 33200, 34074, 34568, 36314, 37806, 38379, 38403, 38781, 38863, 39771, 40360, 41157, 41266, 41644, 42485, 42488, 44125, 45132, 48686, 49085, 49530, 51324, 52918, 57927, 59249, 63139, 64801, 67214, 67260, 69364, 71081, 72695, 72872, 73202, 74481, 76370, 77019, 77837, 81013, 82333, 83143, 86417, 88235, 89359, 91890, 95886, 96221, 96826, 100405, 101028, 106294, 117224, 121112, 124489, 124860, 143883, 144439, 145072, 145420, 145532, 149693, 152882, 155662, 156541, 178572, 182841, 185730, 192160, 214625, 252443, 264475, 271626, 279629, 300307, 333367, 363081, 410409, 478431, 480090, 659677, 695560, 899340]
21096	[75431, 1832231, 2053880, 4115196, 4126614, 5340592, 5340593, 5340594, 5340595, 5340596, 5340597, 5340598, 5340599]
21097	[2713, 3288, 15977, 54913, 89604]
21098	[154393, 412740, 412741, 412742, 412743]
21101	[2742, 17785, 44022, 54831, 191891]
21103	[349284, 349286, 463152, 1758286]
21115	[60364, 1077365, 1189597, 2305120]
21120	[17414, 30900, 30902, 31048, 31049, 51324]
21129	[240099, 240100, 423743, 1986499, 6056319, 6217918, 6269605]
21131	[18983, 25260, 105587, 112810, 236144, 952847]
21141	[7387545, 7387547, 7387549]
21146	[6692, 19771, 19777, 22291, 23510, 88506, 91762, 162108, 180217]
21149	[50077, 104732, 169893, 252463, 271898, 310353, 326124, 337149]
21153	[4800, 7142, 81364, 89359, 96221, 1110754]
21156	[2770914, 3303937, 3641055, 3656737, 7204321, 7204322, 7204323]
21168	[799244, 807182, 924928, 1382166, 1463492, 1584750]
21169	[76869, 156375, 156376, 156377, 156379, 156380]
21175	[171886, 406169, 948979, 976025, 987103, 987104]
21186	[789, 9050, 312110]
21188	[3470, 15165, 17413]
21195	[12879, 94868, 141461, 172963]
21200	[1091954, 1470826, 1648676, 1938391, 2088518, 6542094]
21201	[37224, 133988, 468756]
21209	[7247, 72872, 120883, 3101298]
21221	[12969, 15562, 84056, 97668, 97670, 97671, 114195, 187775, 236669, 1554086]
21228	[67964, 75280, 285003, 2079549]
21239	[15889, 30880, 30881, 30884, 284816, 1393310]
21244	[14045, 60916, 157853, 253612, 1111861, 4965493]
21249	[31843, 31844, 69501]
21252	[14466, 14473, 165106]
21256	[28871, 39061, 59764, 59765]
21267	[197673, 324073, 324074, 324075]
21268	[283642, 314682, 409556, 409558, 409559, 409562, 675851, 675853]
21271	[6692, 19771, 19777, 19789, 19799, 22291, 23510, 36207, 36228, 36240, 88506, 88821, 91749, 91762, 98608, 162108, 162240, 180217, 189796, 211827]
21280	[13911, 58349, 72308]
21291	[4098, 78586, 151411, 151413, 151424]
21292	[253232, 409141, 616547, 938266, 1098365, 1465047, 1623042, 2188330, 2320769]
21294	[83740, 366438, 1086841, 1183657]
21297	[3111, 652783, 1436193, 4558537]
21302	[15167, 32834, 51290, 52771, 59876, 59877]
21304	[16748, 38201, 59656, 435555]
21308	[4116, 18736, 24554, 24566]
21309	[1705, 2684, 9269, 13185]
21311	[258113, 423927, 1494965, 1823771]
21319	[113679, 126298, 126816]
21321	[245321, 344954, 421933]
21333	[191271, 621203, 927864, 4125600, 4412367, 4412368]
21338	[3288, 16747, 39294, 66550, 149487]
21344	[14457, 39155, 114087, 296591, 760545]
21352	[17603, 17604, 37006, 40632, 95649]
21355	[211613, 606145, 1856261, 5197178]
21359	[235820, 298229, 298231]
21364	[17546, 35022, 92051]
21388	[84030, 222290, 341481, 341482, 441790, 515525]
21395	[12879, 75355, 84413, 233571, 526556, 549161, 550955]
21397	[1781, 2545, 3868, 16557, 21475, 38717, 39485, 41057, 42976, 66624, 66628, 81666, 196949, 356276, 614090]
21411	[3474, 106802, 135244, 136611, 282137, 313732]
21417	[235116, 471690, 735198]
21447	[89241, 165930, 1046765]
21450	[7209, 32181, 444598, 445911]
21459	[1005367, 1005368, 1052939]
21466	[240099, 423743, 627903, 846450, 1788897, 1788904, 1986501, 2219740, 3171879, 4329770, 4951168, 6402299, 6427128, 6968697, 6969027]
21483	[3288, 21702, 81088]
21485	[2965599, 2965600, 4287914]
21486	[695845, 887686, 1213916, 1549281, 3158253]
21487	[29089, 125421, 365411]
21494	[105397, 153303, 220604, 366271, 403746, 403747]
21498	[154439, 391512, 1182902, 1273852, 1356122, 4303277]
21499	[9076, 50693, 92764]
21500	[55069, 160696, 430561]
21502	[629933, 1063382, 1181028, 1657623, 2957238]
21514	[7035, 30207, 172240]
21520	[387565, 518686, 687804, 720549, 720561]
21521	[240099, 627903, 1788897, 2154831, 2219738, 3171879, 4951168, 6269713, 6427128, 6968697]
21524	[240099, 589080, 1986501, 6248754, 6248755]
21526	[6707, 36246, 136886, 246232, 368478, 1036618]
21529	[84414, 238650, 1038260]
21532	[1441439, 2281983, 2956760, 3329094]
21540	[240099, 627903, 1788897, 2154831, 2219738, 3171879, 4951168, 6269713, 6968697]
21547	[11861, 19750, 19751, 548474]
21548	[34568, 39834, 85413]
21552	[31756, 38323, 139918]
21554	[53818, 187134, 199792, 215650, 292491]
21555	[2459028, 2652516, 2652517]
21564	[12879, 82835, 114892, 279119]
21574	[26908, 445663, 674885]
21580	[1560681, 1873113, 2295447, 3828191, 4015873, 4830616, 4830617]
21593	[14975, 151692, 248304, 3313274, 4273988, 4273989, 4273990]
21596	[234716, 740557, 801443, 2269029, 2365513, 2445345]
21598	[428222, 3134674, 3733319, 3733332, 3733336, 3733337]
21604	[46394, 46401, 470365]
21608	[119713, 1136905, 2423860, 3231822]
21617	[227869, 314165, 1023392, 1349964]
21623	[7142, 52376, 229194]
21647	[240099, 423743, 627903, 846450, 1788897, 1986501, 2219740, 3171879, 4329770, 4951168, 6402299, 6427128, 6968697, 6969027]
21656	[131043, 131044, 195181]
21661	[62855, 66473, 186445, 518374, 1031201, 7078767]
21670	[471207, 1635322, 3655815, 7533886]
21681	[297234, 297235, 806669, 3934354]
21691	[164803, 649964, 662438]
21693	[15529, 19799, 33294, 34155, 59315, 61223, 73973, 87799, 95516, 105033, 118072, 172491, 183337, 216157, 218153, 228712, 274820, 278256, 318322, 352590, 694707, 1054493, 1054494, 1054495]
21703	[15118, 18666, 44000, 66302, 98755, 124386, 155484, 227395, 249758, 295035, 323594, 415258, 475443, 657598]
21708	[115024, 170399, 396241, 5027248]
21713	[35301, 47841, 88744, 91803, 107070, 107270, 110710, 135866]
21714	[436075, 1193262, 4731964]
21732	[2713, 6520, 8760, 12196, 22193, 28795, 30542, 32411, 46233, 57103, 67260, 72872, 156023, 264475]
21741	[13880, 13911, 30542, 35746]
21751	[172083, 204177, 204178, 204179, 204180]
21754	[7260, 7540, 22500, 25942, 25996, 30972, 32606, 32607, 36519, 48072, 59810, 70547, 70968, 93813, 172083, 234876]
21759	[33762, 35611, 82365]
21760	[69493, 486522, 486523]
21765	[3593, 30996, 31978]
21771	[31146, 31802, 34568, 39573, 39677, 40336, 96221, 171427, 285003]
21774	[3134, 13092, 298041]
21779	[212295, 344166, 361595, 626175, 869054, 890223]
21784	[2725, 58574, 87640]
21785	[98922, 98923, 98924, 123628]
21788	[2751, 2755, 28521, 194667]
21796	[2713, 15529, 17033, 19768, 51946, 65628, 66842, 66843, 82832, 187085, 246975, 264151]
21809	[515109, 833246, 1061299, 1531151, 1756407, 1811683]
21828	[15885, 85030, 124736]
21832	[102506, 1012190, 2304520, 3267556]
21834	[283148, 349280, 799210, 799211, 799212]
21839	[76980, 161260, 2301853]
21847	[56675, 302565, 1031007, 1273697, 1394436, 2058652, 3533480]
21851	[6021, 8405, 76905]
21858	[870, 167315, 167317, 168042, 1114125]
21899	[6692, 19771, 19777, 91749, 91762, 162108, 180217]
21903	[17583, 168680, 168681, 242462, 290202, 290603, 290606, 329853, 401300, 441544, 708140, 1743838, 1754448]
21909	[3474, 8760, 12582, 15885, 17640, 30907, 31016, 57103, 64485, 67260, 81013, 89628, 95886, 96774, 104519, 106467, 124489, 207982, 254406]
21918	[503566, 763729, 2025060]
21923	[240099, 240100, 1986499, 6056319, 6217918, 6269605]
21930	[12969, 15562, 84056, 97668, 97670, 114195, 145834, 187775, 236669, 1554086]
21932	[659, 4655, 4878, 11606, 21349, 21350, 26732, 27274, 27455, 28524, 49061, 84050, 100654, 147211, 7591682]
21936	[56675, 302565, 342906, 423749, 496282, 707717, 1031007, 1064233, 1394436, 1844384, 3533480, 5386621]
21939	[7986, 21154, 122578]
21940	[179117, 182052, 525603]
21942	[2447, 7669, 8585, 14465, 15529, 20751, 38318, 48246, 49970, 59315, 87799, 98545, 106067, 148739, 169154, 172491, 183337, 218153, 257577, 288796, 316749, 694707, 825335, 950047, 972553, 1020490, 1054493, 1054494, 1080243, 1144289, 1411231, 2959167, 7054699]
21948	[1280, 2713, 3909, 7289, 7552, 8670, 8729, 17743, 19784, 23031, 41511, 60480, 106449]
21950	[84839, 95537, 95542, 95544, 115463, 115466, 144051, 152402, 153980, 335045, 375279, 442174, 523642]
21967	[83904, 180926, 279629, 292385]
21971	[5829, 6021, 33201]
21976	[1791442, 7383275, 7383276]
21990	[12097, 260023, 1098490, 1384387]
22005	[1781, 2692, 2753, 3132, 3288, 3868, 4970, 5362, 6092, 7028, 7030, 7035, 7256, 7257, 7262, 7289, 7363, 7426, 7543, 7545, 7659, 9938, 10429, 11737, 12339, 12695, 13092, 13820, 14457, 14461, 15365, 17743, 17783, 17802, 21475, 21910, 28444, 29236, 30681, 31118, 32381, 33294, 35073, 36230, 36246, 42488, 45183, 47014, 48686, 49085, 60455, 60480, 63462, 64801, 67260, 67389, 69364, 86464, 91890, 92652, 93065, 98372, 106294, 115771, 124860, 125082, 137867, 145420, 148406, 158694, 185729, 185730, 185731, 185732, 214759, 257577, 712703, 1089888, 2959167]
22006	[25872, 30116, 90199]
22008	[946, 2725, 4654, 4711, 6270, 6520, 6704, 7256, 7987, 8024, 8760, 12686, 12691, 12693, 13961, 15885, 16655, 17640, 17961, 19814, 22193, 28795, 29230, 30542, 30907, 32411, 32990, 35301, 37757, 38863, 45467, 46233, 46481, 48512, 54650, 57103, 63462, 67260, 68693, 69722, 81013, 89628, 94066, 95886, 96774, 96826, 100405, 101028, 106467, 110283, 114210, 114483, 124489, 124541, 128395, 144439, 145072, 149347, 156023, 156120, 162670, 174890, 178572, 201571, 217628, 219986, 249597, 254406, 254416, 255473, 268131, 279629, 3406158]
22020	[6520, 8760, 22193, 28795, 30542, 32411, 46233, 57103, 67260, 72872, 156023, 264475]
22022	[754622, 754623, 754626, 3017763]
22026	[2184, 6004, 895114]
22028	[140370, 234424, 366100, 2492831]
22030	[1747196, 1747197, 1747198]
22039	[30772, 189916, 1716021, 5878645, 6555259, 6555260, 6555262]
22042	[17896, 21475, 149189]
22045	[2003, 193563, 193564, 344271]
22046	[35342, 36221, 36230, 36232, 66993, 99485, 105115, 105116, 118070, 128342, 181281, 218595, 224077, 230231, 236511, 240974, 250185, 250204, 250210, 1247844, 1404587]
22053	[6190891, 6190892, 6190895]
22054	[3171879, 4951168, 6086103, 6402299, 6968697]
22055	[83227, 112221, 1136256, 1410581]
22068	[5099, 40173, 57397, 94896, 99129, 127636]
22072	[98228, 252850, 491422, 520960, 520961]
22073	[38863, 90542, 1478935, 3172618]
22080	[32202, 666552, 673857]
22081	[12551, 75327, 75592, 80076]
22085	[37784, 40409, 180922]
22099	[20593, 30915, 97073]
22100	[18034, 24338, 39086, 65237, 78162, 79470, 106454, 114116, 200893, 811461, 7591682]
22107	[2447, 7669, 8024, 8585, 14465, 15529, 16805, 20751, 38318, 39727, 48246, 49970, 59315, 61223, 73973, 87799, 98545, 106067, 148739, 169154, 172491, 183337, 201356, 216157, 218153, 257577, 278256, 288796, 316749, 318322, 352590, 694707, 825335, 950047, 972553, 1020490, 1054493, 1054494, 1054495, 1080243, 1144289, 1411231, 2959167, 7054699]
22119	[54053, 62925, 79687, 188911]
22120	[2709, 2778, 6716, 7117, 7254, 12691, 12693, 31127, 32090, 70440, 72288, 76357, 80657]
22128	[212264, 274503, 506007]
22131	[2751, 2755, 14002, 194667]
22139	[30918, 56449, 387489]
22147	[15629, 141023, 354854]
22151	[12211, 224321, 958203]
22164	[2695, 2778, 84321, 86702]
22166	[6271, 28026, 411280]
22169	[57914, 1978681, 1978682]
22178	[3682, 29936, 58574]
22194	[80081, 179112, 526346]
22199	[2713, 16127, 112966]
22200	[634, 23858, 23859]
22207	[20991, 41513, 166093]
22209	[7669, 8024, 8585, 11449, 12691, 12693, 12695, 13932, 14457, 15885, 16805, 17961, 21910, 30024, 30907, 31957, 39727, 42488, 48246, 59249, 69364, 72872, 78548, 81013, 95886, 98545, 100405, 124489, 124541, 152882, 156120, 169154, 185730, 201356, 219213, 264475, 1200106]
22237	[88480, 159526, 1528758]
22238	[946, 1830, 2447, 2753, 3132, 3175, 3868, 4719, 5310, 7030, 7165, 7262, 7543, 7545, 8099, 12689, 12693, 13820, 14482, 15169, 15365, 22195, 30915, 33200, 34568, 38796, 39771, 67260, 96221, 100405, 124860, 144439, 182841, 271626, 945110]
22243	[24103, 2600477, 7770446]
22247	[5362, 7289, 7669, 15973, 17743, 40754, 60480, 75163, 91451, 98545, 106066, 131242, 169154, 257577, 476231, 1089888, 2959167]
22254	[11419, 28365, 64601, 356722]
22260	[2266, 2714, 5087, 5099, 9452, 10783, 11136, 17590, 24495, 26211, 26495, 30318, 31580, 44581, 57477, 263201, 277268, 277284, 285693, 308342, 474978, 836373]
22270	[3474, 135244, 136611, 282137, 313732]
22272	[1489650, 1489652, 1516480]
22273	[186416, 1457401, 1699082]
22274	[416959, 1329633, 1329634]
22275	[32915, 92577, 110626, 112925, 1728891]
22283	[75733, 583968, 583969]
22288	[73721, 3453757, 6465046]
22295	[6270, 8760, 12686, 12716, 15885, 17640, 19814, 28795, 30907, 57103, 81013, 95886, 102404, 145072, 178572, 194667]
22297	[106067, 172647, 1633463]
22299	[4654, 7028, 21764, 83170]
22315	[2713, 6520, 8760, 12196, 12596, 22193, 28795, 30542, 32411, 46233, 57103, 67260, 72872, 156023, 264475]
22323	[1781, 2692, 2753, 3132, 3288, 3868, 4970, 5362, 6092, 7028, 7030, 7035, 7256, 7257, 7262, 7289, 7363, 7426, 7543, 7545, 7659, 9938, 11737, 12339, 12695, 13092, 13820, 14457, 14461, 15365, 17743, 17783, 17802, 21475, 21910, 28444, 29236, 30681, 31118, 32381, 33294, 35073, 36230, 36246, 42488, 45183, 47014, 48686, 49085, 60455, 60480, 63462, 64801, 67260, 67389, 69364, 86464, 91890, 92652, 93065, 98372, 106294, 115771, 124860, 125082, 137867, 145420, 148406, 158694, 185729, 185730, 185731, 185732, 214759, 257577, 712703, 1089888, 2959167]
22328	[7030, 12196, 13013, 14696, 19776, 27178, 31964, 34155, 36214, 36237, 40297, 52272, 60455, 65234, 76809, 94896, 98365, 102419, 112052, 146490, 196724, 501058, 3982371]
22330	[6270, 7256, 12686, 63462, 74500, 297950]
22331	[3478, 4654, 8670, 33300, 39670]
22335	[23368, 51420, 61406]
22336	[40360, 59776, 204247]
22344	[16761, 23701, 27986]
22349	[40340, 40341, 71378]
22354	[19799, 33294, 34155, 73973, 105033, 118072, 228712, 274820]
22356	[2713, 7289, 11951, 14490, 17743, 17852, 18726, 19784, 24338, 27197, 27198, 27199, 27200, 27201, 27202, 28648, 32967, 36214, 36230, 48432, 52272, 60480, 92652, 108128, 108129, 117655, 117785, 131240, 1089888]
22359	[234940, 446129, 623366]
22363	[7030, 7262, 7545, 19761, 19770, 19776, 19777, 36202, 36209, 36240, 36241, 36243, 36244, 36246, 47014, 67964, 91451, 98366, 98372, 116954, 133237, 162108, 181282, 232606, 545642, 818492, 1126277, 2108087]
22366	[19761, 36202, 36220, 36241, 36243, 98366, 181282, 718649, 1681238, 3616171]
22371	[2682, 13190, 314167]
22372	[67331, 97469, 97472, 109012, 127535, 148781, 282520, 516806, 521667, 570948, 689016, 797557, 885308, 1445029, 1864070]
22376	[7252, 7454, 7542, 11202, 12986, 17078, 32388, 35073, 63666]
22382	[3131, 9496, 17785]
22386	[117135, 158181, 175547, 245574]
22396	[74671, 231577, 260917, 273844]
22403	[1830, 14482, 18700, 31617, 54918, 152425, 158676, 242415]
22405	[946, 1309, 2916, 7030, 7177, 7256, 7262, 7434, 7543, 7545, 7548, 7659, 8760, 12196, 12695, 14457, 14471, 15365, 16312, 17640, 18726, 21910, 23606, 25946, 26493, 26710, 29210, 32990, 36230, 42488, 48686, 57103, 63462, 67389, 69364, 91890, 92652, 93806, 94899, 124860, 144439, 145072, 145420, 158694, 185730, 489083]
22410	[593, 987450, 3734258]
22412	[17135, 240597, 1243834]
22421	[126432, 783839, 798624, 1786210]
22427	[21893, 81294, 652129]
22434	[33995, 1338562, 1678547]
22441	[7669, 8024, 8585, 13932, 16805, 30024, 39727, 48246, 98545, 100405, 169154, 201356, 219213]
22447	[98000, 148194, 244134, 515992]
22452	[30772, 189916, 1273697, 1716021, 7178506, 7682965, 7682966]
22453	[68501, 83696, 234616]
22454	[28732, 314405, 1074615]
22463	[1104, 1781, 2447, 2710, 3132, 3165, 3868, 5873, 7165, 12689, 17399, 21475, 28164, 30093, 32429, 34257, 35144, 38796, 39485, 39771, 49085, 64801, 102293]
22468	[2447, 7669, 8585, 14465, 15529, 20751, 48246, 49970, 59315, 87799, 98545, 106067, 148739, 169154, 172491, 183337, 218153, 257577, 288796, 316749, 694707, 825335, 950047, 972553, 1020490, 1054493, 1054494, 1080243, 1144289, 1411231, 2959167, 7054699]
22477	[17926, 22495, 223333]
22479	[905, 30605, 30606, 77775, 243450]
22484	[2545, 16557, 30088, 39485, 41057, 43317, 59632, 62854, 66624, 67687, 69578, 74772, 76327, 79161, 81666, 114857, 131117, 176684, 196949, 356276, 359019, 363728]
22495	[3288, 4800, 7142, 13608, 15266, 15885, 21940, 29823, 30907, 37223, 44581, 59249, 65819, 72872, 77837, 86417, 89359, 96221, 105450, 124489, 126298, 152882, 181236, 225276, 254536, 264475, 293210, 381390, 381534, 723798, 911548, 1110754, 2162189, 4971130, 4997383]
22496	[11913, 45685, 46720, 49529, 67496, 77019, 510975]
22513	[19761, 19766, 36208, 36228, 88821, 108447, 230231, 256573, 256574, 276993, 395374]
22514	[2447, 3132, 3868, 4091, 4653, 7169, 12689, 14462, 14488, 16760, 31146, 39740, 127093, 187535, 228032, 233005, 1629378]
22520	[95546, 1537787, 6797480]
22523	[2266, 5087, 5099, 9452, 10783, 11136, 17590, 24495, 26211, 26495, 30318, 31580, 44581, 57477, 263201, 277268, 277284, 285693, 308342, 474978, 836373]
22538	[26167, 36245, 43418, 47022, 47841, 96897, 374552, 375042]
22542	[2264, 6520, 12834, 32411, 34568, 37784, 42976, 43744, 46233, 46373, 52866, 71081, 83080, 105450, 110598, 127760, 152965, 197534, 204247, 242415, 366441]
22554	[7030, 42485, 149693, 156541, 363081, 410409, 480090, 695560, 899340]
22559	[104686, 247013, 547034]
22565	[76869, 156375, 156376, 156377, 156380]
22566	[1781, 7259, 7262, 7545, 31109, 214759]
22569	[7260, 7540, 22500, 25942, 25996, 30972, 32606, 36519, 48072, 59810, 70547, 70968, 93813, 234876]
22570	[2713, 6520, 8760, 12196, 12596, 12834, 22193, 28795, 30542, 32411, 46233, 57103, 67260, 72872, 149347, 156023, 264475]
22572	[2713, 8760, 12196, 12596, 22193, 28795, 30542, 57103, 67260, 72872, 264475]
22578	[635490, 734604, 4183752]
22585	[17960, 18509, 22061]
22587	[15889, 30880, 30884, 284816, 1393310]
22593	[56675, 356612, 496282, 621180, 621202, 707717, 1031007, 1064233, 1394436, 3533480]
22600	[2713, 4711, 7256, 8760, 12196, 13961, 22193, 28795, 30542, 31260, 46233, 54650, 57103, 63462, 67260, 72872, 156023, 174890, 249597, 264475]
22601	[71042, 85318, 85320]
22610	[60179, 104612, 104613, 104616, 152860]
22613	[716002, 1353514, 4077218, 4214830]
22616	[1781, 4653, 32605, 32607, 172083, 379322, 1687939]
22620	[17035, 17546, 30552, 43745]
22639	[23035, 31526, 51324, 139985, 151248]
22641	[11649, 14185, 17044, 17046, 17047, 21560, 29808, 29937, 31929, 40155, 51946, 64481, 67928, 67930, 67959, 69193, 99373, 105587, 112572]
22642	[946, 1830, 2447, 2714, 2753, 3132, 3165, 3175, 3479, 3868, 4033, 4079, 4719, 5310, 6689, 6704, 7030, 7035, 7142, 7165, 7247, 7262, 7289, 7543, 7545, 7702, 8024, 8099, 8760, 9074, 10262, 12596, 12693, 12695, 13820, 14457, 14482, 15169, 15365, 15885, 16745, 17015, 17640, 17961, 19814, 19964, 20957, 21639, 21910, 22193, 23446, 23716, 24167, 26522, 26523, 28795, 29230, 29232, 30093, 30542, 30681, 30907, 30915, 32990, 33200, 34074, 34257, 34568, 36314, 37806, 38379, 38403, 38781, 38863, 39771, 41157, 41266, 41644, 42488, 44125, 45132, 48686, 49085, 49530, 51324, 52918, 57927, 59249, 63139, 64801, 67214, 67260, 69364, 71081, 72695, 72872, 73202, 74481, 76370, 77019, 77837, 81013, 82333, 83143, 86417, 88235, 89359, 91890, 95886, 96221, 96826, 100405, 101028, 106294, 117224, 121112, 124489, 124860, 143883, 144439, 145072, 145420, 145532, 152882, 155662, 178572, 182841, 185730, 192160, 214625, 252443, 264475, 271626, 279629, 300307, 333367, 478431, 659677]
22644	[250208, 250209, 250212]
22655	[3918, 4096, 1407738]
22656	[1291812, 1291818, 1291819]
22657	[2264, 5083, 6520, 12136, 12834, 13608, 28972, 32411, 34568, 37223, 37784, 42976, 43744, 46233, 46373, 52866, 68693, 83080, 105450, 110598, 127760, 152965, 197534, 204247, 242415, 274371, 366441, 408641, 911548]
22659	[6520, 8760, 12691, 12693, 13608, 15885, 17413, 17640, 30907, 32411, 46220, 57103, 66373, 67260, 81013, 89628, 89660, 90591, 95886, 96774, 106467, 124489, 145072, 254406, 402989, 911548]
22663	[56675, 73721, 1031007, 1174023, 1273697, 1394436, 2058652, 3533480, 4335036, 4335037]
22672	[32200, 147440, 167216]
22675	[2615101, 2615102, 2615103]
22677	[11649, 14185, 17046, 17047, 21560, 29808, 29937, 31929, 34257, 51946, 64481, 67930, 67959, 69193, 99373, 105587, 112572]
22682	[203495, 222402, 282261, 334253]
22683	[137252, 141109, 7764797]
22684	[10589, 25955, 232357]
22694	[3288, 126833, 186266]
22701	[30772, 1716021, 5878645, 6555259, 6555260, 6555262]
22706	[645207, 1125974, 1125975]
22711	[7289, 80019, 113673]
22713	[20185, 22946, 52786]
22715	[174352, 872759, 5980082]
22716	[2713, 7289, 11951, 14490, 17743, 17852, 18726, 19784, 27197, 27198, 27199, 27200, 27201, 27202, 28648, 32967, 36214, 52272, 60480, 108128, 108129, 117785, 1089888]
22717	[7256, 7426, 7659, 10429, 11050, 14607, 19799, 27202, 32381, 33294, 34155, 36228, 37222, 42991, 76927, 88821, 135189, 182998, 228712, 230231, 248284, 482092, 771228, 2959167]
22720	[2714, 7298, 12097, 15118, 65237, 74501, 74503, 138240, 253234, 253321, 264414, 312785, 348160, 501001, 559979, 738151]
22727	[1781, 2585, 2695, 5362, 6681, 7030, 7256, 7262, 7426, 7434, 7545, 7659, 7669, 10429, 11050, 12612, 14607, 15365, 17778, 19761, 19774, 19799, 21475, 22291, 23510, 24338, 27202, 27655, 30681, 32381, 32967, 33294, 34155, 36228, 36230, 37222, 39485, 42991, 48432, 52272, 63462, 67389, 76927, 78548, 83437, 88506, 88821, 91136, 92652, 98608, 105794, 107694, 127636, 135189, 146490, 147523, 152543, 158694, 175547, 182998, 193483, 214759, 228712, 230231, 257577, 269524, 292426, 771228, 833110, 2959167]
22730	[7295, 13092, 32429, 217856]
22737	[2447, 7669, 8585, 14465, 20751, 48246, 49970, 98545, 106067, 148739, 169154, 218153, 257577, 288796, 825335, 950047, 1020490, 1080243, 1144289, 2959167, 7054699]
22739	[26955, 208633, 320914]
22740	[35342, 36230, 66993, 105115, 105116, 118070, 128342, 181281, 218595, 224077, 240974, 250185, 250204, 250210, 1247844]
22760	[21125, 28875, 165668]
22762	[659, 4655, 4878, 11606, 21349, 21350, 26732, 27274, 27455, 28524, 84050, 100654, 147211, 7591682]
22764	[4079, 7247, 7669, 8024, 8585, 9074, 11449, 12691, 12693, 12695, 13932, 14457, 15885, 16805, 17015, 17961, 21910, 30024, 30907, 31957, 39727, 42488, 44125, 48246, 59249, 69364, 72872, 78548, 81013, 91890, 95886, 98545, 100405, 124489, 124541, 145420, 152882, 156120, 169154, 185730, 201356, 219213, 264475, 1200106]
22765	[104093, 133213, 298191, 310579, 319595, 352589, 361720, 1095097, 2096803, 6264958, 6264959, 7664545]
22771	[5362, 7669, 8024, 12339, 13092, 15529, 16805, 38318, 39727, 59315, 61223, 73973, 87799, 98545, 115771, 169154, 172491, 183337, 216157, 218153, 226874, 257577, 278256, 316749, 318322, 352590, 449158, 449159, 694707, 1054493, 1054494, 1054495, 2959167]
22772	[946, 2714, 2753, 3165, 3868, 4033, 4079, 6689, 6704, 7030, 7142, 7247, 7262, 7289, 7543, 7545, 7702, 8024, 9074, 10262, 12596, 12695, 14457, 15365, 15885, 16745, 17015, 17640, 19964, 20957, 21639, 21910, 22193, 23446, 23716, 24167, 26522, 26523, 28795, 29230, 29232, 30542, 30681, 30907, 30915, 32990, 34074, 36314, 37806, 38379, 38403, 38781, 39727, 39771, 41157, 41266, 42488, 44125, 45132, 46720, 49085, 49530, 50709, 51324, 52918, 57477, 57927, 59249, 63139, 64801, 67214, 67260, 69364, 71081, 72695, 72872, 73202, 74481, 76370, 77019, 77837, 82333, 83143, 88235, 91890, 94000, 101028, 106294, 117224, 121112, 124860, 143883, 144439, 145420, 145532, 152882, 155662, 170399, 178572, 185730, 214625, 252443, 264475, 271626, 300307, 333367, 478431, 575494, 1130482]
22782	[5099, 7262, 216446]
22792	[11050, 14607, 19761, 19771, 19777, 21639, 22291, 27202, 34155, 36228, 36242, 36243, 42991, 61730, 88506, 88821, 91762, 108447, 153810, 162108, 182998, 230231, 256574, 311093, 771228, 833110, 1099622]
22794	[11012, 17546, 25767]
22810	[1781, 2753, 3288, 4970, 5362, 7028, 7030, 7035, 7256, 7257, 7262, 7289, 7363, 7426, 7543, 7545, 7659, 8760, 9938, 11737, 12339, 12695, 13092, 13820, 14457, 14461, 15365, 17640, 17802, 21910, 28444, 29236, 30681, 31118, 32381, 33294, 35073, 36246, 39329, 42488, 45183, 47014, 48686, 54304, 60455, 63462, 66839, 67260, 69364, 81443, 86464, 91890, 93065, 98110, 98372, 106294, 115771, 124860, 125082, 137867, 137912, 140810, 145072, 145420, 148406, 151151, 158694, 185729, 185730, 185731, 185732, 712703, 1078624, 1089888, 1667396]
22820	[16747, 39294, 66550, 149487]
22825	[14185, 29819, 40155, 67928, 153486]
22830	[649, 2713, 2753, 5362, 7262, 7289, 7291, 7543, 7545, 7669, 8585, 14465, 17743, 19774, 19784, 28444, 29231, 31118, 34155, 36201, 36214, 36245, 36652, 40754, 41513, 48246, 48686, 52272, 60480, 70041, 70042, 70043, 75163, 81645, 84731, 84732, 91451, 98545, 109341, 124860, 140283, 141342, 169154, 257577, 1089888, 2959167, 6767471]
22831	[90728, 561584, 5750683]
22832	[2713, 8760, 12196, 12596, 22193, 28795, 30542, 46233, 57103, 67260, 72872, 264475]
22834	[7030, 12196, 13013, 14696, 27178, 31964, 36214, 36237, 40297, 52272, 60455, 65234, 98365, 112052, 196724, 501058, 3982371]
22837	[105397, 115469, 1266003]
22844	[6520, 11879, 13961, 32411, 38211, 46764, 54650, 56631, 87721, 266926]
22848	[76974, 276373, 803055]
22854	[12986, 17640, 18978, 86496]
22867	[48275, 51857, 196792, 279922, 343401]
22873	[4800, 7142, 15266, 21940, 29823, 44581, 126298, 181236, 225276, 254536, 293210, 381390, 381534, 723798, 1110754, 2162189, 4971130, 4997383]
22878	[31961, 37224, 601199]
22879	[7613, 31929, 42488, 49530, 76634, 211302, 381534]
22882	[612307, 751735, 819511, 840136, 843870, 1386713]
22884	[946, 2753, 3132, 3165, 3479, 3868, 4033, 4079, 5099, 6689, 6704, 7030, 7035, 7142, 7247, 7262, 7289, 7543, 7545, 7702, 8024, 9074, 10262, 10383, 12136, 12596, 12716, 13726, 14457, 15169, 15365, 15823, 15885, 16745, 17015, 17640, 19964, 20957, 21639, 21910, 22164, 22193, 23446, 23716, 24167, 26522, 26523, 28795, 29230, 29232, 30542, 30681, 30907, 30915, 30918, 32990, 34074, 36214, 36314, 37806, 38379, 38403, 38781, 39771, 41157, 42488, 44125, 45132, 46233, 49085, 49530, 51324, 52272, 52918, 53259, 57927, 59249, 63139, 64801, 67214, 67260, 71081, 72695, 72872, 73202, 74481, 76370, 77019, 77837, 82333, 83143, 88235, 89359, 91890, 101028, 102404, 106294, 114374, 117224, 121112, 124489, 124860, 143883, 144439, 145420, 145532, 152882, 155662, 178572, 185730, 201658, 214625, 264475, 271626, 300307, 478431]
22885	[3868, 8600, 22337, 26522, 29237, 29936, 34074, 37413, 39771, 51979, 52918, 60639, 77019, 121112, 135920, 466703, 4163286]
22886	[251128, 483352, 1361557]
22887	[12716, 30880, 64664, 67260, 98360, 232796, 318002, 381534, 4140163, 4676581]
22888	[2709, 2710, 2714, 2725, 2769, 12710, 19111, 21323, 25404, 25413, 26847, 27963, 36663, 36664, 36665, 40245, 50855, 409675, 703921]
22892	[423746, 6168929, 6168931]
22896	[6520, 7543, 22193, 22912, 29230, 31146, 32411, 32429, 36593, 48424, 66263, 96826, 109072, 111934, 118554, 124860, 142459, 157300, 211302, 239427, 248778]
22901	[5087, 33456, 34257]
22903	[148542, 434904, 637987, 974787, 1065654, 1796664, 1796724, 1939719, 2283491, 2317871]
22910	[7289, 11951, 14490, 17852, 18726, 27197, 27198, 27199, 27200, 27201, 27202, 28648, 32967, 108128, 108129, 117785, 1089888]
22911	[656, 946, 1104, 1830, 2447, 2709, 2714, 2725, 2753, 3130, 3132, 3165, 3175, 3288, 3479, 3593, 3868, 3909, 4033, 4079, 4719, 4975, 5310, 5873, 6681, 6689, 6704, 6714, 7030, 7035, 7142, 7165, 7247, 7262, 7289, 7543, 7545, 7552, 7702, 8024, 8099, 8670, 8760, 9074, 10262, 12596, 12689, 12693, 13820, 14457, 14479, 14482, 15169, 15365, 15885, 16745, 17015, 17640, 17961, 18082, 19814, 19964, 20957, 20960, 21639, 21910, 22193, 23031, 23446, 23716, 24167, 26522, 26523, 27979, 28100, 28444, 28795, 29075, 29230, 29232, 30542, 30681, 30907, 30915, 32990, 33200, 34074, 34568, 36314, 37806, 38379, 38403, 38781, 38863, 39771, 41157, 41266, 41644, 42488, 44125, 45132, 45200, 48686, 49085, 49530, 51324, 52918, 53010, 56487, 57927, 59249, 63139, 64801, 67214, 67260, 68674, 69364, 71081, 72695, 72872, 73202, 74481, 76370, 77019, 77837, 81013, 82333, 83143, 86417, 88235, 89359, 91890, 95886, 96221, 96826, 100405, 100711, 101028, 106294, 117224, 121112, 124489, 124860, 131244, 143883, 144439, 145072, 145420, 145532, 152882, 155662, 178572, 182841, 185730, 192160, 214625, 228032, 252443, 264475, 271626, 279629, 300307, 333367, 397580, 478431, 659677, 3879620]
22914	[65773, 433974, 1647002, 2113939, 2113941, 2113946, 2113948, 2113949, 2113950]
22915	[21763, 57947, 160202, 286334, 323088, 465254]
22923	[209256, 224825, 362168]
22924	[946, 1830, 2447, 2709, 2714, 2725, 2753, 3130, 3132, 3165, 3175, 3288, 3479, 3868, 3909, 4033, 4079, 4091, 4719, 5310, 6689, 6704, 7030, 7035, 7142, 7165, 7247, 7262, 7289, 7543, 7545, 7552, 7702, 8024, 8099, 8585, 8670, 8760, 9074, 10262, 11449, 12596, 12693, 13820, 14457, 14482, 15169, 15365, 15885, 16745, 17015, 17640, 17961, 19814, 19964, 20957, 21639, 21910, 22193, 23031, 23446, 23716, 24167, 26522, 26523, 28100, 28328, 28795, 29230, 29232, 30542, 30681, 30907, 30915, 31802, 31957, 32990, 33200, 34074, 34568, 36314, 37806, 38379, 38403, 38781, 38863, 39771, 41157, 41266, 41644, 42488, 44125, 45132, 48246, 48686, 49085, 49530, 51324, 52918, 55760, 57927, 59249, 63139, 64801, 67042, 67214, 67260, 68674, 68693, 69132, 69364, 71081, 72695, 72872, 73202, 74481, 76370, 77019, 77837, 81013, 82333, 83143, 86417, 88235, 89359, 91890, 95886, 96221, 96826, 100405, 101028, 106294, 117224, 121112, 124489, 124860, 143883, 144439, 145072, 145420, 145532, 152882, 155662, 174491, 178572, 182841, 185730, 192160, 201356, 214625, 226971, 232105, 252443, 264475, 271626, 279629, 300307, 333367, 478431, 659677]
22926	[946, 1781, 1830, 2447, 2714, 2725, 2753, 3130, 3132, 3165, 3175, 3288, 3479, 3868, 3909, 4033, 4079, 4719, 4970, 5310, 5362, 6689, 6704, 7028, 7030, 7035, 7142, 7165, 7247, 7256, 7262, 7289, 7363, 7426, 7543, 7545, 7552, 7659, 7669, 7702, 8024, 8099, 8670, 8760, 9074, 9938, 10262, 11737, 12196, 12339, 12596, 12691, 12693, 12695, 13092, 13820, 14457, 14461, 14482, 15169, 15365, 15885, 16745, 17015, 17640, 17802, 17961, 19814, 19964, 20957, 21475, 21639, 21910, 22193, 23031, 23446, 23716, 24167, 26522, 26523, 27202, 28444, 28795, 29230, 29232, 29236, 30542, 30681, 30907, 30915, 31118, 32990, 33200, 33294, 34074, 34568, 35073, 36246, 36314, 37222, 37806, 38379, 38403, 38781, 38863, 39771, 41157, 41266, 41644, 42488, 44125, 45132, 45183, 47014, 48686, 49085, 49530, 51324, 52918, 57927, 59249, 60455, 63139, 63462, 64801, 67214, 67260, 67389, 69364, 71081, 72695, 72872, 73202, 74481, 76370, 77019, 77837, 78548, 81013, 82333, 83143, 86417, 86464, 88235, 89359, 91136, 91890, 93065, 95886, 96221, 96826, 98372, 98545, 100405, 101028, 106294, 115771, 117224, 121112, 124489, 124860, 125082, 137867, 143883, 144439, 145072, 145420, 145532, 146490, 148406, 152882, 155662, 158694, 178572, 182841, 185729, 185730, 185731, 185732, 192160, 214625, 245571, 252443, 264475, 271626, 279629, 300307, 333367, 478431, 659677, 712703]
22928	[728875, 1541140, 1797812]
22929	[12716, 30880, 64664, 67260, 98360, 232796, 318002, 4140163, 4676581]
22935	[649, 5362, 7262, 7289, 7291, 7543, 7545, 7669, 8585, 14465, 17743, 29231, 34155, 36201, 36245, 36652, 41513, 48246, 48686, 60480, 70041, 70042, 70043, 75163, 81645, 84731, 98545, 109341, 124860, 140283, 141342, 169154, 257577, 1089888, 2959167, 6767471]
22939	[2916, 7030, 7542, 13013, 14464, 17609, 19761, 36243, 40297, 60455, 67388, 81157, 98365, 606535, 1161446, 1184772, 4444540]
22941	[15585, 17015, 17960, 51979, 75985, 78668, 79103, 80125, 86694, 100037]
22944	[3478, 3868, 11112, 12612, 22337, 26522, 29237, 29936, 30088, 33300, 34074, 39670, 39771, 52918, 60638, 60639, 73722, 76357, 77019, 121112, 135920, 466703, 4163286]
22949	[4995912, 4995914, 4995915]
22951	[1781, 2753, 3288, 4878, 4970, 5362, 7028, 7030, 7035, 7246, 7252, 7256, 7257, 7259, 7262, 7289, 7363, 7426, 7533, 7543, 7545, 9938, 11737, 12339, 12695, 13092, 14457, 14461, 15365, 17802, 21910, 28444, 29236, 30971, 31109, 31110, 31115, 31118, 32088, 32381, 33294, 35073, 36246, 42488, 45183, 47014, 48686, 60455, 63462, 67260, 69364, 86464, 93065, 98372, 106294, 115771, 125082, 135655, 148406, 158694, 185729, 185730, 185731, 185732, 273542, 712703]
22952	[946, 1781, 2753, 2916, 3288, 4970, 5362, 7028, 7030, 7035, 7256, 7257, 7262, 7289, 7363, 7426, 7542, 7543, 7545, 9938, 11737, 12339, 12695, 13092, 14457, 14461, 15365, 16008, 17078, 17802, 21910, 26212, 28444, 29236, 30681, 31118, 32381, 32990, 33294, 35073, 36246, 42488, 45183, 45317, 47014, 48686, 60455, 63462, 63666, 63913, 65680, 67260, 69364, 86464, 91890, 93065, 98372, 106294, 106460, 109898, 115771, 125082, 137867, 144439, 145420, 148406, 158694, 185729, 185730, 185731, 185732, 369583, 712703, 1482971, 2959167]
22955	[649, 5362, 7262, 7289, 7543, 7545, 7669, 8585, 14465, 17743, 36547, 42146, 48246, 60480, 69130, 98545, 109341, 124860, 169154, 257577, 293026, 1089888, 2959167]
22956	[32429, 38713, 38718, 49078, 52272, 93067, 154315, 250721, 517862, 517863, 517865, 517867]
22957	[53818, 187134, 215650, 292491]
22958	[2710, 2725, 18082, 40152, 44614, 48404, 74501, 83071, 134825, 145833, 266052, 274013, 297338, 312110, 409675, 703921, 809519]
22964	[2725, 3132, 3479, 3868, 4079, 4654, 7247, 7552, 8670, 9074, 16655, 30915, 38379, 45600, 56621, 56746, 66253, 70735, 74189, 98361, 103687, 117224, 151767, 177974, 271626, 478431]
22971	[7669, 63008, 192160]
22972	[7669, 8024, 15529, 16805, 39727, 59315, 61223, 87799, 98545, 169154, 172491, 183337, 216157, 218153, 257577, 278256, 318322, 352590, 694707, 1054493, 1054494, 1054495, 2959167]
22975	[1309, 2916, 7434, 7548, 14471, 16312, 18726, 25946, 26493, 26710, 29210, 93806, 94899]
22976	[946, 4970, 5829, 6681, 7142, 15169, 31118, 34568, 45260, 65522, 67042, 67260, 89359, 96221, 144439, 245159]
22977	[32418, 34547, 37032, 40583, 69132, 69134, 74412, 131242, 232045]
22978	[3868, 4091, 6086, 32418, 33281, 34547, 37032, 57586, 69134, 101838, 106452, 232157, 722977]
22979	[23035, 26522, 28465, 30880, 45116, 87203, 125216, 145778]
22981	[20942, 29022, 35301, 96221, 316388, 541857]
22989	[423743, 627903, 846450, 4329770, 6969027]
22991	[8760, 17640, 23446, 25262, 28876, 40336, 40576, 49397, 59760, 63139, 87420, 88030, 88235, 131485, 155662, 255411, 259802, 261867, 490279, 1238692]
22993	[7849, 34545, 42894]
22995	[1781, 2446, 2767, 7262, 7545, 26711, 27655, 70042, 84731, 84732, 141342, 214759]
22997	[8760, 57103, 72872]
22998	[3478, 11112, 12612, 22337, 29237, 29936, 30088, 33300, 39670, 52918, 60638, 60639, 73722, 76357, 135920, 466703, 4163286]
23003	[656, 6698, 12581, 12693, 12698, 17783, 27979, 29335, 33895, 100711]
23007	[2725, 4970, 5087, 6271, 11073, 17802, 21767, 55760, 59656, 486745]
23009	[2187, 2447, 5892]
23015	[946, 13190, 26522, 31118, 36243, 37806, 37819, 41511, 47014, 48865, 51978, 52918, 67964, 77019, 94901, 108923, 109858, 116954, 133237, 144439, 156547, 214625, 334401]
23017	[4091, 4653, 7169, 14462, 14488, 16760, 39740, 127093, 187535, 228032, 233005, 1629378]
23019	[265560, 904093, 2453921]
23024	[253232, 409141, 616547, 1098365, 1465047, 1623042, 2188330, 2320769]
23025	[946, 4711, 5064, 10262, 10383, 11070, 11136, 13880, 13911, 13961, 14661, 17827, 18547, 18956, 20700, 21767, 25261, 30542, 32990, 54650, 76040, 91314, 103687, 144439, 161091, 162670, 174890, 192160, 214380, 233933, 273817, 310388, 523196]
23026	[946, 6270, 11449, 12686, 30182, 31957, 34568, 48245, 51979, 65819, 67260, 86163, 90168, 96221, 125218, 347395]
23027	[28186, 29819, 60316]
23041	[11287, 65237, 315050]
23047	[104093, 133213, 298191, 310579, 319595, 361720, 1095097, 2096803, 6264958, 6264959]
23051	[1781, 1999, 3132, 3165, 3868, 6681, 6716, 13820, 14478, 21475, 26522, 28164, 33184, 38065, 38717, 39485, 39771, 42976, 47851, 50586, 66627, 66628, 67526, 67964, 69122, 72695, 75729, 77019, 104723, 114852, 115771, 128109, 214759, 514883, 614090]
23052	[59588, 4661689, 4748374]
23054	[9050, 68290, 83242]
23055	[18666, 22765, 55902, 77222, 114729, 114732, 114733, 1318287]
23057	[870, 167317, 168042, 1114125]
23058	[141441, 141443, 286412, 689028, 692632, 692633, 692634, 692635, 692636]
23059	[13932, 48246, 89434, 98361, 129894, 151462, 1057777, 1130482]
23060	[2709, 2710, 2714, 2725, 2769, 12710, 19111, 21323, 25404, 25413, 27963, 36663, 36664, 36665, 40245, 50855, 409675]
23063	[67223, 206133, 238278, 350933, 365767, 433729, 483352, 491035, 856847, 856852, 869265, 959204, 1025734]
23067	[46720, 63019, 156023, 352440]
23068	[1781, 1999, 3165, 3868, 6681, 6716, 14478, 21475, 26522, 28164, 33184, 38065, 38717, 39485, 39771, 42976, 47851, 50586, 66627, 66628, 67526, 67964, 69122, 72695, 75729, 77019, 104723, 114852, 128109, 514883, 614090]
23069	[7030, 35073, 51067, 272261, 289628, 367915, 1154817, 1393384, 1482971, 3600107, 3600108]
23072	[8760, 17640, 19814, 28795, 57103, 73467, 139985, 140168, 178572, 260406, 267715, 330300, 431698, 431707, 1006268, 1171800, 3301737]
23074	[12969, 236331, 1410581]
23075	[7552, 37757, 47742, 108103, 347395, 381534, 770795]
23082	[84839, 95537, 95542, 95544, 115463, 115466, 144051, 152402, 153980, 375279, 442174, 523642]
23083	[8760, 22193, 28795, 30542, 46233, 57103, 67260, 72872, 156023, 264475]
23086	[413429, 413430, 573397]
23087	[2266, 5099, 9452, 10783, 11136, 17590, 24495, 26211, 26495, 30318, 31580, 44581, 57477, 263201, 277268, 277284, 285693, 308342, 474978, 836373]
23090	[59656, 89660, 418972]
23092	[946, 2713, 2725, 2753, 3132, 3165, 3479, 3868, 3909, 4033, 4079, 4654, 6689, 6704, 6714, 7030, 7142, 7247, 7262, 7289, 7543, 7545, 7552, 7669, 7702, 8024, 8670, 9074, 10262, 10383, 12196, 12596, 13820, 14457, 15365, 15885, 16745, 17015, 17640, 19814, 19964, 20957, 20960, 21639, 21910, 22193, 23031, 23035, 23446, 23716, 24167, 25059, 26522, 26523, 28795, 29230, 29232, 30542, 30681, 30907, 30915, 32990, 34074, 36314, 37806, 38379, 38403, 38781, 39771, 41157, 41644, 44125, 45132, 49085, 49530, 51324, 52918, 57619, 57927, 59249, 63139, 64801, 66253, 67214, 67260, 70735, 71081, 72695, 72872, 73202, 74481, 76370, 77019, 77837, 82333, 83143, 88235, 91890, 98767, 101028, 106294, 117224, 121112, 124860, 143883, 144439, 145420, 145532, 151767, 152882, 155662, 167730, 172128, 172408, 192160, 214625, 245571, 260575, 261098, 264475, 269093, 271626, 290448, 300307, 325530, 397328, 478431, 659677]
23096	[29718, 34568, 45317, 48863, 61406, 137127, 156023, 169154, 180898, 255362, 262877, 289628, 297338, 367316, 367915]
23098	[13119, 15559, 19952, 26101, 48236, 58520, 58544, 74869, 76952, 76974, 79246, 79576, 80713, 82598, 83227, 84005, 84009, 102546, 118500, 141023, 185652, 202298, 210045, 224321, 276792, 277903, 409559, 489749]
23099	[946, 5064, 10262, 11070, 11136, 13880, 13911, 13961, 14661, 17827, 18547, 18956, 20700, 21767, 25261, 30542, 32990, 54650, 76040, 91314, 103687, 144439, 161091, 192160, 214380, 233933, 273817, 310388, 523196]
23102	[7254, 7262, 7434, 7545, 27655, 32381, 32967, 33294, 36706, 52265, 127634, 127636, 175547, 193483, 300716]
23103	[659, 4655, 4878, 11606, 21349, 21350, 26732, 27274, 27455, 84050, 100654, 147211, 7591682]
23104	[38713, 38718, 49078, 52272, 93067, 154315, 517862, 517863, 517865, 517867]
23105	[19762, 31964, 37222, 66993, 67070, 87640, 100519, 125038, 1154059, 1291939]
23108	[10543, 211960, 225165, 225168, 254963, 316791, 317421, 494377, 998229, 1779537]
23114	[7289, 7291, 14465, 29231, 34155, 36201, 36245, 36652, 41513, 48686, 70041, 70042, 70043, 75163, 81645, 84731, 140283, 141342, 6767471]
23116	[175045, 201712, 297223, 449877, 1103069, 1222306, 2111979, 3296644, 4050672, 7669288, 7669289, 7669291]
23117	[17640, 23446, 25262, 28876, 40336, 40576, 49397, 59760, 87420, 131485, 255411, 259802, 261867, 490279, 1238692]
23121	[6520, 22912, 31146, 32411, 32429, 36593, 66263, 96826, 109072, 111934, 118554, 124860, 142459, 157300, 211302, 239427, 248778]
23122	[23035, 26522, 28465, 30880, 87203, 125216, 145778]
23123	[649, 4091, 7253, 7669, 13196, 21217, 27487, 34155, 52875, 74698, 146305, 1580696]
23124	[656, 2447, 3132, 3593, 3868, 4975, 12689, 14479, 26522, 27979, 29075, 45200, 53010, 56487, 100711, 131244, 397580, 3879620]
23125	[2713, 2725, 2755, 3868, 3909, 6273, 7030, 7289, 7552, 8670, 8760, 10383, 11419, 11737, 12196, 12716, 14457, 15365, 15885, 17142, 17640, 17743, 18677, 19784, 26522, 28795, 30542, 36214, 36628, 41511, 48245, 48865, 52272, 53259, 60480, 66261, 72872, 102404, 106449, 145072, 194667, 201658]
23126	[35301, 47841, 88744, 91803, 107270, 110710, 135866]
23127	[946, 2753, 3165, 3868, 4033, 4079, 6689, 6704, 7030, 7142, 7247, 7262, 7289, 7543, 7545, 7702, 9074, 10262, 12596, 14457, 15365, 15885, 16745, 17015, 17640, 19964, 20957, 21639, 21910, 22193, 23446, 23716, 24167, 26522, 26523, 28795, 29230, 29232, 30542, 30681, 30907, 30915, 32990, 34074, 36314, 37806, 38379, 38403, 38781, 39771, 41157, 44125, 45132, 49085, 49530, 52918, 57927, 59249, 63139, 64801, 67214, 67260, 71081, 72695, 72872, 73202, 74481, 76370, 77019, 77837, 82333, 83143, 88235, 91890, 101028, 106294, 117224, 121112, 124860, 143883, 144439, 145420, 145532, 152882, 155662, 214625, 264475, 271626, 300307, 478431]
23130	[15529, 17033, 19768, 51946, 65628, 66842, 66843, 82832, 187085, 246975, 264151]
23134	[11012, 13820, 28795, 46233, 48424, 94068, 97664, 115771, 124535, 200567, 219213, 243955, 253234, 259398, 276072, 332918, 6467200]
23135	[946, 4033, 8024, 11449, 12582, 28209, 66147, 83931, 86396, 322399, 3548256, 6280136]
23136	[3335947, 3338504, 3338505, 4714888, 5556376, 5917648, 6454572, 6532182, 6541241, 6946888, 6946967, 6946968, 6946973, 6946979]
23138	[742270, 939235, 2263105, 3130125, 3654306, 3654310, 3654316, 3655815, 6444366, 7532906, 7579287]
