1	[55080, 83904, 166320]
10	[32201, 179366, 228408]
29	[76028, 177340, 207945, 899517]
30	[16406, 6181509, 6181511]
56	[184439, 184440, 184441, 184712]
59	[153980, 170355, 410038]
203	[26955, 646135, 646136]
345	[201571, 266348, 340642]
366	[76028, 110593, 732482]
524	[4654, 11012, 297533]
527	[10081, 5455066, 7262188]
528	[15900, 61499, 1736801]
540	[32181, 109661, 188810]
592	[130243, 368085, 1777178]
597	[22946, 253245, 312208]
676	[347276, 1059683, 2035499]
771	[154028, 1043775, 1132706]
819	[3865, 872312, 1421378]
820	[430553, 630957, 2360753]
913	[5049, 5114, 5873, 6268, 6708, 10355, 18666, 39574, 41910, 51850, 60742, 67657, 78003, 84684, 105397, 120332, 124280, 124281, 124284, 130834, 142962, 142967, 143948, 147440, 149287, 153748, 163768, 178047, 180279, 184440, 203103, 229492, 239919, 239921, 239923, 239926, 239927, 239930, 239931, 239932, 239933, 239934, 239935, 239937, 239939, 239940, 239941, 239942, 239943, 239944, 239945, 255920, 255921, 255922, 255923, 255924, 255925, 298619, 299903, 303487, 1441266, 1441267, 1441268, 2982319]
1008	[56675, 621178, 707717, 707721, 789790, 1125365, 2986413, 6048435]
1010	[10360, 201571, 227461]
1020	[84643, 182998, 1728735]
1022	[10360, 256779, 256780]
1029	[37413, 97072, 427397]
1046	[235031, 235032, 235033]
1050	[191271, 926682, 1781229]
1053	[32191, 32192, 91511]
1069	[41408, 474083, 728829]
1092	[13774, 830694, 894994]
1172	[10360, 256777, 256782]
1201	[2266, 3470, 3667, 3682, 4205, 4654, 6021, 6270, 6271, 6548, 6720, 8405, 9461, 9746, 10388, 11649, 11650, 13151, 15165, 15885, 16127, 16533, 17550, 17551, 17957, 17958, 17960, 17964, 17967, 17971, 21560, 22035, 26641, 27043, 28026, 29937, 30977, 32156, 32517, 32520, 33196, 33200, 33202, 35301, 37111, 37416, 42191, 45467, 45646, 47014, 47742, 47875, 49530, 49605, 51633, 51979, 53248, 55595, 55804, 60917, 61270, 63771, 65331, 66385, 67036, 67928, 67959, 69201, 69672, 75922, 75999, 77019, 79095, 79103, 79131, 80092, 80130, 80131, 81013, 82735, 85929, 86091, 87149, 87622, 87818, 88606, 92051, 97664, 98545, 101113, 106004, 107597, 108907, 115000, 118073, 119648, 121112, 123159, 134570, 139982, 142111, 144077, 145072, 146284, 148751, 148919, 149420, 151458, 151462, 151767, 154434, 155116, 162670, 165995, 169574, 174523, 177974, 192557, 193603, 196697, 196698, 199497, 206325, 211775, 213331, 213929, 217272, 218922, 219596, 223131, 227256, 227475, 245017, 253945, 254132, 254416, 256185, 258070, 260190, 262945, 266026, 267854, 270239, 280034, 290448, 292376, 293154, 312014, 320305, 327732, 330038, 334583, 366225, 372976, 375374, 384584, 787438, 830701, 1123907, 1246280, 1856490, 2071281, 4532476]
1207	[2266, 174890, 453875]
1217	[8571, 15806, 35303, 44312, 44313, 61486, 431503, 593880, 711612, 711613, 1198929, 1198930, 1259037, 1274303, 1413646, 1546441, 1644726, 1692237]
1260	[6270, 33199, 110987]
1294	[29936, 323172, 950650]
1321	[48392, 48413, 84101]
1338	[4205, 41081, 41085]
1351	[18984, 47742, 191325]
1552	[17413, 42360, 141308]
1556	[10552, 17589, 107598, 1337172]
1578	[14683, 42172, 104913, 106085]
1580	[17546, 370971, 1211833]
1627	[7027, 60316, 274718]
1680	[26050, 211886, 1317839]
1728	[3476, 121607, 916708]
1749	[6021, 29936, 2255726]
2259	[8571, 15806, 35303, 44312, 44313, 61486, 431503, 711612, 711613, 1259037, 1274303, 1413646, 1546441, 1644726, 1692237]
2272	[3474, 42180, 194498]
2394	[3898, 11201, 637432]
2571	[1432230, 1435045, 1439550, 1633704]
2577	[3682, 16655, 196766]
2867	[1835, 324987, 457786]
3072	[35301, 55029, 75280, 227674, 235682]
3084	[447545, 447609, 725366, 768210, 1112086, 1112087, 1112088, 1112089, 1112090, 1112091, 1112092, 3988667, 4582144, 5621003]
3113	[33196, 51229, 65939, 210767, 235979]
3115	[43281, 79091, 113673, 422150]
3123	[252303, 253939, 270795, 273983, 279947, 281413, 288207, 355859, 422969, 475317, 800263]
3141	[76045, 422052, 894994, 1396285, 1467176, 3168535]
3144	[53800, 93542, 107070, 163153, 267937, 267939, 286329, 304255, 413057, 443171, 443174, 443175, 443176, 443177, 443179, 443180, 472670, 3354854]
3146	[6270, 7987, 10383, 10384, 20991, 29786, 35301, 38563, 45467, 45646, 56743, 65421, 69887, 75280, 81013, 85929, 88606, 92051, 112584, 125101, 128516, 139982, 140646, 144077, 146284, 148919, 149420, 151462, 151767, 162670, 173719, 177974, 192557, 206325, 211775, 213331, 217272, 218922, 223131, 227256, 227475, 245017, 252121, 253945, 254416, 256185, 258070, 260190, 262945, 263519, 263589, 267854, 270239, 280034, 292111, 293154, 308031, 313261, 320305, 327732, 330038, 366225, 373460, 375374, 384584, 787438, 830701, 1123907, 1856490, 4532476]
3147	[56675, 73721, 189916, 342906, 386904, 423751, 423761, 621180, 707712, 796823, 908132, 1716021, 2068742, 2932904, 3779324, 4502480, 5412836]
3151	[92623, 145643, 313742, 503123]
3153	[301968, 5138168, 5138169, 5138170, 5138171, 5138172, 5138173, 5138174, 5138175, 5138176, 5138177]
3159	[44306, 61114, 384770]
3165	[97971, 168403, 455852, 1454090, 1513821]
3167	[212287, 340116, 509977, 653535, 1295064, 1515387, 1590815]
3170	[19588, 60916, 103387, 106526, 133154, 929586, 1292682]
3173	[114390, 503073, 691614, 1528457, 1622018, 2468906]
3175	[191271, 621178, 1311788, 2004962, 6367857, 7059063, 7407066, 7407067, 7407068, 7407069, 7407070]
3176	[18981, 34746, 47843, 180710, 311510, 483314, 830924, 923782]
3177	[66617, 209819, 278397, 603396, 752380, 2658505, 2763038, 2780237, 2780239, 2780240, 3943405, 4056808, 4154322, 5202932]
3179	[5604886, 6277255, 6277256, 6277257, 6277258, 6277259, 6277260, 6277261, 6277262]
3181	[391, 42708, 65145, 119006, 187134, 187135, 190997, 204156, 519504, 1126458, 2958556]
3185	[8571, 15806, 35303, 44312, 44313, 61114, 61486, 431503, 593880, 623458, 711612, 711613, 810431, 1198929, 1198930, 1259037, 1274303, 1290499, 1413646, 1546441, 1644726, 1692237, 3902298]
3187	[6548, 89628, 281812, 292522, 306880, 404162, 404163, 404164]
3192	[38794, 58774, 115016, 373312, 739603, 951818, 1204932, 1205615, 3532689]
3193	[17959, 84643, 89006, 146143, 332599, 518391, 695322, 695323]
3196	[616208, 1013667, 1013668, 1013669, 1013670, 1013671, 1013672, 2161140]
3197	[12316, 47736, 87837, 157068, 192160, 193603, 218132, 219291, 390417]
3209	[196766, 2354171, 5952127, 5952128, 5952129, 5952130, 5952131, 5952132, 5952133, 5952134, 5952135, 5952136]
3212	[471201, 471202, 835070, 841355, 854143, 1044507, 2933011, 4020162]
3216	[550426, 618196, 635641, 1013377, 4046656, 5773724, 5773725, 5773726]
3217	[417791, 967029, 967030, 3602243, 3831719, 5858359, 5858362]
3227	[10069, 23036, 45127, 104319, 113599, 226515]
3229	[27937, 35301, 125101, 162670, 180708, 253945, 293154, 330038]
3230	[16261, 135480, 190370, 227875, 304968, 369310]
3245	[180121, 345026, 788312]
3247	[1432230, 1435045, 1439547, 1439550, 1633704, 1973909, 2169627]
3252	[180121, 297365, 435517, 516232, 676918, 789836, 800183, 800256, 2113611]
3254	[125352, 269868, 325504, 784734, 1100649, 1504444, 1617040]
3261	[187150, 263703, 830895, 1465701, 1502105, 1687878, 2039166, 2039168, 3095251, 3095252]
3262	[380863, 664145, 1439957, 1668113, 2618735]
3263	[452780, 553350, 776778, 1159514, 1181028, 1181029]
3266	[524108, 1045907, 1046613, 4567174, 4567175, 4567176, 5178638]
3267	[58566, 82376, 223439, 350800, 471562, 804842, 1194422, 1257805]
3268	[348590, 455008, 736225, 1424146]
3270	[1797393, 3297106, 3677235, 4148768, 4148770, 4148785, 4212850, 4212851]
3273	[67819, 180278, 216657, 929136, 929139, 929140, 929144]
3274	[558675, 751735, 913857, 1505797, 2881816]
3275	[396495, 680539, 1346920, 1986492, 2017366, 3508132, 7495579, 7495580]
3287	[1432230, 1435045, 1622616, 1633704, 6954930]
3292	[120916, 268128, 415764, 617373, 1286791, 1459522]
3299	[479969, 486184, 492340, 852467]
3300	[302565, 342906, 356612, 707721, 787195, 1149283, 2797237, 3418331, 5993140]
3302	[6270, 7987, 10388, 11136, 12588, 17551, 22035, 22798, 27937, 28972, 29786, 32517, 35301, 38563, 41326, 49605, 53214, 55029, 56743, 64687, 69887, 70735, 75280, 81013, 83072, 85929, 98361, 112154, 112584, 124534, 131370, 139982, 148919, 151767, 162670, 180708, 227674, 228862, 235682, 245017, 251517, 251595, 256053, 256185, 263610, 273276, 291650, 292111, 308031, 313261, 327732, 330038, 373460, 1919232]
3323	[103799, 330918, 589421, 1143331, 2176123, 2176124, 2176125]
3324	[1011917, 2662943, 3716851, 3716852, 3716854, 3716855, 3716856, 3716857, 3716858, 3716859]
3332	[136314, 249460, 301933, 301935]
3337	[4205, 6270, 6271, 6548, 6720, 9461, 10388, 11649, 13151, 15165, 17551, 17960, 22035, 26641, 27043, 30977, 32156, 32517, 33196, 33200, 33202, 37416, 47742, 47875, 48425, 49530, 49605, 60917, 61270, 63771, 66385, 67036, 67928, 69201, 69672, 75922, 79095, 79131, 80092, 80130, 80131, 81013, 85929, 87149, 87622, 87818, 98545, 101113, 119648, 121112, 123159, 142111, 145072, 146284, 148751, 151458, 151767, 154434, 174523, 193603, 196697, 196698, 199497, 219596, 266026, 290448, 292376, 334583, 372976]
3340	[87128, 130185, 268128, 307575, 597824, 1739212]
3342	[64403, 117684, 126430, 152428, 294222, 313408]
3343	[13932, 51229, 65939, 139260, 235979]
3344	[43281, 113673, 180926, 256267, 314911, 360863]
3350	[196254, 434741, 547573, 897849]
3356	[65629, 114992, 558712, 592635, 1481637, 2120522]
3359	[103687, 127686, 380863, 443728, 831783]
3361	[76122, 262940, 289733]
3362	[180121, 297365, 435517, 516232, 676918, 789836, 800256, 2113611]
3363	[29786, 106742, 227290, 228135, 294661, 589755]
3372	[1054389, 1254632, 1254633]
3376	[3004669, 3004670, 3656240, 3707486]
3379	[20560, 51225, 55646, 138572, 265836, 311776]
3382	[696504, 1519916, 3784455]
3386	[340640, 536403, 536404, 536405, 536406, 536407]
3387	[593, 984879, 1265547, 1265550, 2132668]
3388	[17971, 322459, 439349, 469995, 1976776, 2137287]
3390	[354834, 776853, 1100862, 1433162]
3393	[51858, 130562, 516232, 670394, 871985]
3395	[2112950, 2112951, 2112952, 2112953]
3398	[8571, 15806, 35303, 44312, 44313, 61486, 431503, 711612, 711613, 1198929, 1259037, 1274303, 1413646, 1546441, 1644726, 1692237]
3405	[143934, 974750, 1290717, 2129106, 5137754, 5137755]
3410	[32434, 153020, 186263, 192229]
3412	[44313, 61114, 623458, 810431, 1290499, 3902298]
3414	[140630, 211973, 254409, 257157, 260258, 283032, 283033]
3419	[79750, 349306, 1783752]
3420	[91567, 906434, 2368596, 2368597]
3423	[6270, 7987, 10388, 11136, 16655, 29786, 34829, 38563, 53214, 56743, 64687, 70735, 75280, 81013, 85929, 98361, 112584, 117684, 124534, 125101, 139982, 148919, 151767, 180708, 228862, 245017, 245648, 251517, 256185, 263610, 291650, 292111, 308031, 313261, 327732, 329823, 330038, 373460, 1919232]
3424	[496282, 923376, 2065517, 6790151, 6790152]
3436	[142041, 307664, 1976776, 3150416]
3446	[947279, 1142251, 1269977, 1508267, 1822300]
3450	[391, 42708, 65145, 119006, 187134, 187135, 190997, 519504, 1126458]
3458	[177624, 383672, 458521, 458549, 512214, 512215]
3466	[218951, 240990, 611276, 860392, 1124063, 2267838]
3478	[15900, 157480, 207390, 235382, 320915]
3487	[452780, 584634, 754133, 1750877]
3493	[142065, 471789, 732784, 745752]
3494	[32201, 51671, 953113]
3495	[5049, 5114, 5873, 6268, 6708, 10355, 39574, 41910, 51850, 60742, 67657, 78003, 84684, 105397, 120332, 124280, 124281, 124284, 130834, 142962, 142967, 143948, 147440, 149287, 153748, 163768, 178047, 180279, 184440, 203103, 229492, 239919, 239921, 239923, 239926, 239927, 239930, 239931, 239932, 239933, 239934, 239935, 239937, 239939, 239940, 239941, 239942, 239943, 239944, 239945, 255920, 255921, 255922, 255923, 255924, 255925, 298619, 299903, 303487, 1441266, 1441267, 1441268, 2982319]
3499	[9221, 33196, 35289, 170690, 210767, 235979]
3507	[67903, 85897, 178954, 251834, 3462755, 5930789, 5930790]
3512	[11879, 43281, 79091, 274196, 422150]
3514	[16794, 29225, 82844, 470098]
3522	[304970, 801961, 1013592]
3529	[32205, 92245, 318046]
3531	[6271, 79103, 87814]
3535	[343812, 360994, 376068, 597811, 1821073]
3537	[89010, 320042, 806392]
3545	[32199, 205110, 206017]
3550	[4205, 11136, 14683, 29809, 636382, 808776]
3551	[489176, 823884, 4451603]
3567	[5049, 5114, 6708, 10355, 39574, 41910, 51850, 60742, 67657, 78003, 84684, 105397, 120332, 124280, 124281, 124284, 130834, 143948, 147440, 149287, 153748, 163768, 178047, 180279, 184440, 203103, 229492, 239919, 239921, 239923, 239926, 239927, 239930, 239931, 239932, 239933, 239934, 239935, 239937, 239939, 239940, 239941, 239942, 239943, 239944, 239945, 255920, 255921, 255922, 255923, 255924, 255925, 298619, 299903, 303487, 1441266, 1441267, 1441268, 2982319]
3568	[32204, 184430, 187065, 187066]
3573	[22061, 151304, 467926]
3579	[315339, 694026, 1185108]
3590	[47014, 79327, 6908630]
3593	[221972, 227871, 955213, 1758067, 2530172]
3600	[3898, 6270, 7987, 9462, 10383, 10384, 10388, 16655, 20991, 21764, 21767, 29786, 31753, 34829, 35301, 38563, 45467, 45646, 56743, 56746, 64687, 65421, 69887, 71891, 75280, 79941, 81013, 83072, 85929, 88606, 92051, 104312, 112584, 117684, 125989, 139982, 144077, 146284, 148919, 149420, 151462, 151767, 162670, 173719, 177974, 192557, 205734, 206325, 211775, 213331, 217272, 218922, 223131, 227256, 227475, 228862, 245017, 252121, 253929, 253945, 254416, 254787, 256053, 256185, 258070, 260190, 262945, 263519, 263589, 267854, 270239, 280034, 292111, 293154, 308031, 313261, 320305, 327732, 330038, 366225, 373460, 375374, 382045, 384584, 787438, 830701, 1123907, 1856490, 4532476]
3628	[600884, 1216637, 1243657]
3630	[962899, 1563967, 4755161]
3635	[584580, 584592, 1026106]
3638	[191271, 621178, 2004962, 6367857, 7059063, 7407066, 7407067, 7407068, 7407069, 7407070]
3639	[6270, 7987, 10383, 10384, 10388, 11136, 20991, 22798, 28972, 29786, 30117, 34829, 35301, 38563, 41326, 45467, 45646, 53214, 55029, 56743, 64687, 65421, 69887, 71891, 75280, 80501, 81013, 85929, 88606, 92051, 95452, 98361, 99928, 112584, 117684, 128516, 139982, 140646, 144077, 146284, 148919, 149420, 151462, 151767, 162670, 170356, 175760, 177974, 180708, 192557, 201677, 206325, 211775, 213331, 217272, 218922, 223131, 227256, 227475, 227674, 228862, 235682, 245017, 252121, 253945, 254416, 254761, 256185, 258070, 260190, 262945, 263519, 263589, 263610, 266437, 267854, 270239, 280034, 281068, 291650, 292111, 293154, 295522, 308031, 311776, 313261, 320305, 327732, 330038, 366225, 373460, 375374, 384584, 787438, 830701, 1123907, 1856490, 1919232, 4532476]
3643	[4205, 17963, 122507]
3644	[2382420, 2382422, 2382424]
3655	[3898, 21767, 31753, 38563, 59556, 64687, 79941, 81013, 83072, 85929, 125989, 139982, 148919, 151767, 197435, 205734, 228862, 245017, 254787, 256053, 263589, 280864, 308031, 314911, 327732, 373460, 382045]
3661	[1119174, 5390361, 5390362]
3665	[358370, 881771, 3120816]
3682	[3451, 47512, 95705, 113675]
3683	[654915, 1019393, 1140785]
3688	[689395, 765864, 1705723]
3689	[58787, 58789, 169554]
3699	[4654, 29786, 34278, 35301, 38563, 45467, 45646, 75280, 81013, 85929, 86163, 88606, 92051, 97664, 128516, 139982, 140646, 143225, 144077, 146284, 148919, 149420, 151462, 151767, 160904, 162670, 177974, 192557, 206325, 211775, 213331, 217272, 218605, 218922, 220594, 223131, 227256, 227475, 245017, 249829, 252121, 253945, 254416, 256185, 258070, 260190, 262945, 263589, 267854, 270239, 280034, 293154, 295522, 308031, 320305, 327732, 330038, 366225, 375374, 384584, 787438, 830701, 1123907, 1856490, 3245936, 4532476]
3706	[299702, 342540, 342542, 626175]
3710	[430625, 1685723, 5420488]
3712	[20124, 374446, 536570]
3735	[6270, 7987, 10388, 11136, 12588, 17551, 22035, 22798, 24225, 27937, 28972, 29786, 32517, 35301, 38563, 41326, 49605, 53214, 55029, 56743, 64687, 69887, 70735, 75280, 81013, 83072, 85929, 98361, 112154, 112584, 124534, 131370, 139982, 148919, 151767, 162670, 180708, 227674, 228862, 235682, 245017, 251517, 256185, 263610, 273276, 291650, 292111, 308031, 313261, 327732, 330038, 373460, 1919232]
3743	[310410, 986170, 1596521]
3756	[448212, 1448595, 1480724]
3761	[1797393, 3677235, 4148768, 4148770, 4148785, 4212850, 4212851]
3767	[167462, 212301, 869054]
3772	[49143, 491412, 1215913]
3782	[6270, 16127, 26641, 47014, 67959, 88606, 134570, 146284, 151767, 260190, 787438]
3785	[391, 42708, 65145, 119006, 187134, 187135, 190997, 1126458]
3792	[6270, 9462, 10384, 16655, 21767, 30117, 34829, 35301, 38563, 45467, 45646, 56743, 64687, 65421, 69887, 71891, 75280, 81013, 85929, 88606, 92051, 112584, 117684, 139982, 144077, 146284, 148919, 149420, 151462, 151767, 162670, 177974, 192557, 206325, 211775, 213331, 217272, 218922, 223131, 227256, 227475, 245017, 245648, 252121, 253945, 254416, 256185, 258070, 260190, 262945, 263589, 267854, 270239, 280034, 292111, 293154, 308031, 313261, 320305, 327732, 329823, 330038, 366225, 375374, 384584, 787438, 830701, 1123907, 1856490, 4532476]
3799	[1811055, 1811056, 4834010]
3808	[148755, 541038, 5553586]
3836	[73721, 189916, 386904, 423751, 621180, 796823, 1716021, 2068742, 4502480]
3838	[24225, 27937, 30117, 35301, 38563, 70735, 95452, 124534, 125101, 175760, 180708, 219291, 251517, 266437, 308031, 330038]
3855	[239185, 4582895, 5922945]
3870	[2266, 3470, 3682, 4205, 4654, 6021, 6270, 6271, 6548, 6720, 9461, 9746, 11649, 12596, 13151, 15165, 16127, 16533, 17550, 17551, 17957, 17958, 17960, 17964, 17967, 17971, 18956, 21560, 22035, 26641, 27043, 28026, 29937, 30977, 32156, 32517, 32520, 33196, 33200, 33202, 37111, 37413, 37416, 41441, 42191, 47014, 47742, 47875, 48865, 49530, 49605, 51979, 52903, 53248, 55595, 60917, 61270, 63771, 65331, 66385, 67036, 67928, 67959, 69201, 69672, 75922, 75999, 77019, 79095, 79103, 79131, 80092, 80130, 80131, 81013, 85929, 87149, 87622, 87818, 88606, 97664, 98545, 101113, 106004, 107597, 108907, 115000, 119648, 121112, 123159, 131969, 134570, 134572, 142111, 145072, 146284, 148751, 151458, 151462, 151767, 154434, 165995, 169574, 174523, 193603, 196697, 196698, 199497, 213929, 215582, 217272, 218922, 219596, 266026, 290448, 292376, 334583, 372976, 384584, 1246280, 2071281]
3872	[2266, 3470, 3682, 4205, 4654, 6021, 6270, 6271, 6548, 6720, 9461, 9746, 10388, 11649, 13151, 15165, 16127, 16533, 17550, 17551, 17957, 17958, 17960, 17967, 17971, 21560, 22035, 26641, 27043, 29937, 30977, 32156, 32517, 32520, 33196, 33200, 33202, 37111, 37416, 42191, 47014, 47742, 47875, 49530, 49605, 51979, 55595, 60917, 61270, 63771, 65331, 66385, 67036, 67928, 67959, 69201, 69672, 69887, 75922, 75999, 77019, 79095, 79103, 79131, 80092, 80130, 80131, 81013, 82735, 85929, 87149, 87622, 87818, 88606, 97664, 98545, 101113, 108907, 115000, 119648, 121112, 123159, 134570, 139982, 142111, 143819, 145072, 146284, 148751, 148919, 151458, 151462, 151767, 154434, 169574, 174523, 193603, 196697, 196698, 199497, 217272, 219596, 245017, 252121, 253945, 266026, 290448, 292376, 327732, 330038, 334583, 372976, 383839, 384584, 1246280]
3873	[281427, 1065166, 1065169]
3876	[149789, 151975, 310262]
3881	[4205, 6270, 6271, 6720, 9461, 13151, 15165, 17551, 17960, 17961, 22035, 29937, 30977, 32517, 33202, 37416, 47742, 47875, 49530, 49605, 53801, 66385, 67036, 67928, 69672, 75922, 79095, 79131, 80131, 81013, 98545, 98825, 101113, 119648, 121112, 123159, 142111, 145072, 146284, 151458, 154434, 174523, 193603, 196697, 196698, 219596, 290448, 292376, 334583, 434871]
3884	[8571, 35303, 44313, 61486, 431503, 711612, 711613, 1259037, 1274303, 1413646, 1546441, 1644726, 1692237]
3887	[435517, 516232, 789836, 800256, 2113611]
3891	[452780, 776778, 1159514, 1181028]
3894	[4205, 6270, 6271, 6548, 6720, 9461, 10388, 13151, 15165, 17551, 17960, 22035, 26641, 27043, 30977, 32156, 32517, 33196, 33200, 33202, 37416, 47742, 47875, 48425, 49530, 49605, 60917, 61270, 63771, 66385, 67036, 67928, 69201, 69672, 75922, 79095, 79131, 80092, 80130, 80131, 81013, 85929, 87149, 87622, 87818, 98545, 101113, 119648, 121112, 123159, 142111, 145072, 146284, 148751, 151458, 151767, 154434, 174523, 193603, 196697, 196698, 199497, 219596, 290448, 292376, 334583, 372976]
3898	[45676, 281536, 344941]
3902	[2266, 3470, 3682, 4205, 4654, 6021, 6270, 6271, 6548, 6720, 9461, 9746, 11649, 12596, 13151, 15165, 16127, 16533, 17550, 17551, 17957, 17958, 17960, 17964, 17967, 17971, 18956, 21560, 22035, 26641, 27043, 28026, 29937, 30977, 32156, 32517, 32520, 33196, 33200, 33202, 37111, 37413, 37416, 41441, 42191, 47014, 47742, 47875, 48865, 49530, 49605, 51979, 52903, 55595, 60917, 61270, 63771, 65331, 66385, 67036, 67928, 67959, 69201, 69672, 75922, 75999, 77019, 79095, 79103, 79131, 80092, 80130, 80131, 81013, 85929, 87149, 87622, 87818, 88606, 97664, 98545, 101113, 106004, 107597, 108907, 115000, 119648, 121112, 123159, 131969, 134570, 134572, 142111, 145072, 146284, 148751, 151458, 151462, 151767, 154434, 165995, 169574, 174523, 193603, 196697, 196698, 199497, 213929, 215582, 217272, 218922, 219596, 266026, 290448, 292376, 334583, 372976, 384584, 1246280, 2071281]
3903	[2266, 3470, 3682, 4205, 4654, 6021, 6270, 6271, 6548, 6720, 9461, 9746, 11649, 12596, 13151, 15165, 16127, 16533, 17550, 17551, 17957, 17958, 17960, 17964, 17967, 17971, 18956, 21560, 22035, 26641, 27043, 29937, 30977, 32156, 32517, 32520, 33196, 33200, 33202, 37111, 37413, 37416, 41441, 42191, 47014, 47742, 47875, 48865, 49530, 49605, 51979, 52903, 55595, 60917, 61270, 63771, 65331, 66385, 67036, 67928, 67959, 69201, 69672, 75922, 75999, 77019, 79095, 79103, 79131, 80092, 80130, 80131, 81013, 85929, 87149, 87622, 87818, 88606, 97664, 98545, 101113, 108907, 115000, 119648, 121112, 123159, 131969, 134570, 134572, 142111, 145072, 146284, 148751, 151458, 151462, 151767, 154434, 169574, 174523, 193603, 196697, 196698, 199497, 213929, 215582, 217272, 218922, 219596, 266026, 290448, 292376, 334583, 372976, 384584, 1246280]
3905	[38563, 57103, 59556, 64687, 81013, 97073, 124506, 125989, 139982, 148919, 245017, 254787, 256185, 267854, 308031, 327732, 1856490, 4532476]
3907	[1035079, 1035081, 1035082]
3916	[696504, 966368, 1991903, 2723407]
3920	[2266, 3470, 3667, 3682, 4205, 4654, 6021, 6270, 6271, 6548, 6720, 8405, 9461, 9746, 10388, 11073, 11649, 11650, 12596, 13151, 15165, 15885, 16127, 16533, 17550, 17551, 17957, 17958, 17960, 17964, 17967, 17971, 18956, 21560, 22035, 26641, 27043, 28026, 29937, 30977, 32156, 32517, 32520, 33196, 33200, 33202, 34278, 35301, 37111, 37413, 37416, 41441, 42191, 45467, 45646, 47014, 47742, 47875, 48865, 49530, 49605, 51633, 51979, 52903, 53248, 55595, 55804, 60917, 61270, 63771, 65331, 66385, 67036, 67928, 67959, 69201, 69672, 75280, 75922, 75999, 77019, 79095, 79103, 79131, 80092, 80130, 80131, 81013, 82735, 85929, 86091, 86163, 87149, 87622, 87818, 88606, 92051, 97664, 98545, 98825, 101113, 103387, 106004, 107597, 108907, 115000, 118073, 119648, 121112, 123159, 131969, 134570, 134572, 139982, 140646, 142111, 143225, 144077, 145072, 146284, 148751, 148919, 149420, 151458, 151462, 151767, 154434, 155116, 160904, 161229, 162670, 165995, 169574, 174523, 177974, 192557, 193603, 196697, 196698, 199497, 206325, 211775, 213331, 213929, 215582, 217272, 218605, 218922, 219596, 220594, 223131, 227256, 227475, 245017, 249829, 253945, 254132, 254416, 256185, 258070, 260190, 262945, 266026, 267854, 270239, 280034, 290448, 292376, 293154, 295522, 312014, 320305, 327732, 330038, 334583, 366225, 372976, 375374, 384584, 787438, 830701, 1123907, 1246280, 1856490, 2071281, 3245936, 4532476]
3923	[366522, 7469657, 7666511]
3929	[254994, 868068, 868070]
3937	[416959, 800256, 1329782]
3938	[48275, 51849, 81857, 96033, 96037, 240454, 269286, 292323, 292670, 322000, 343401, 345026, 345805, 393380, 440873, 780795, 788312, 1311087, 1430462, 1581803]
3940	[191271, 621178, 6367857, 7059063, 7407066, 7407067, 7407068, 7407069, 7407070]
3952	[2266, 3470, 3667, 3682, 4205, 4654, 6021, 6270, 6271, 6548, 6720, 8405, 9461, 9746, 10388, 11649, 11650, 13151, 15165, 15885, 16127, 16533, 17550, 17551, 17957, 17958, 17960, 17964, 17967, 17971, 21560, 22035, 26641, 27043, 28026, 29937, 30977, 32156, 32517, 32520, 33196, 33200, 33202, 37111, 37416, 42191, 47014, 47742, 47875, 49530, 49605, 51633, 51979, 53248, 55595, 55804, 60917, 61270, 63771, 65331, 66385, 67036, 67928, 67959, 69201, 69672, 75922, 75999, 77019, 79095, 79103, 79131, 80092, 80130, 80131, 81013, 82735, 85929, 86091, 87149, 87622, 87818, 88606, 97664, 98545, 101113, 106004, 107597, 108907, 115000, 119648, 121112, 123159, 134570, 142111, 145072, 146284, 148751, 151458, 151462, 151767, 154434, 155116, 165995, 169574, 174523, 193603, 196697, 196698, 199497, 213929, 217272, 218922, 219596, 254132, 266026, 290448, 292376, 312014, 334583, 372976, 384584, 1246280, 2071281]
3956	[119648, 147754, 153020]
3957	[2266, 3470, 3667, 3682, 4205, 4654, 6021, 6270, 6271, 6548, 6720, 8405, 9461, 9746, 10388, 11073, 11649, 11650, 13151, 15165, 15885, 16127, 16533, 17550, 17551, 17957, 17958, 17960, 17964, 17967, 17971, 21560, 22035, 26641, 27043, 28026, 29937, 30977, 32156, 32517, 32520, 33196, 33200, 33202, 35301, 37111, 37416, 42191, 45467, 45646, 47014, 47742, 47875, 49530, 49605, 51633, 51979, 53248, 55595, 55804, 60917, 61270, 63771, 65331, 66385, 67036, 67928, 67959, 69201, 69672, 75922, 75999, 77019, 79095, 79103, 79131, 80092, 80130, 80131, 81013, 82735, 85929, 86091, 87149, 87622, 87818, 88606, 92051, 97664, 98545, 101113, 103387, 106004, 107597, 108907, 115000, 118073, 119648, 121112, 123159, 134570, 139982, 142111, 144077, 145072, 146284, 148751, 148919, 149420, 151458, 151462, 151767, 154434, 155116, 162670, 165995, 169574, 174523, 177974, 192557, 193603, 196697, 196698, 199497, 206325, 211775, 213331, 213929, 217272, 218922, 219596, 223131, 227256, 227475, 245017, 253945, 254132, 254416, 256185, 258070, 260190, 262945, 266026, 267854, 270239, 280034, 290448, 292376, 293154, 312014, 320305, 327732, 330038, 334583, 366225, 372976, 375374, 384584, 787438, 830701, 1123907, 1246280, 1856490, 2071281, 4532476]
3958	[1022008, 1458942, 2286219]
3959	[240099, 589080, 627903, 1986499]
3966	[1716024, 1716028, 7359006]
3972	[2266, 3470, 3682, 4205, 4654, 6021, 6270, 6271, 6548, 6720, 9461, 9746, 11649, 13151, 15165, 16127, 16533, 17550, 17551, 17957, 17958, 17960, 17967, 17971, 21560, 22035, 26641, 27043, 29937, 30977, 32156, 32517, 32520, 33196, 33200, 33202, 35301, 37111, 37416, 42191, 45467, 45646, 47014, 47742, 47875, 49530, 49605, 51979, 55595, 60917, 61270, 63771, 65331, 66385, 67036, 67928, 67959, 69201, 69672, 75922, 75999, 77019, 79095, 79103, 79131, 80092, 80130, 80131, 81013, 85929, 87149, 87622, 87818, 88606, 92051, 97664, 98545, 101113, 108907, 115000, 118073, 119648, 121112, 123159, 134570, 139982, 142111, 144077, 145072, 146284, 148751, 148919, 149420, 151458, 151462, 151767, 154434, 162670, 169574, 174523, 177974, 192557, 193603, 196697, 196698, 199497, 206325, 211775, 213331, 217272, 218922, 219596, 223131, 227256, 227475, 245017, 253945, 254416, 256185, 258070, 260190, 262945, 266026, 267854, 270239, 280034, 290448, 292376, 293154, 320305, 327732, 330038, 334583, 366225, 372976, 375374, 384584, 787438, 830701, 1123907, 1246280, 1856490, 4532476]
3979	[170598, 253500, 256185]
3985	[343812, 376068, 597811, 1821073]
3999	[2266, 3470, 3667, 3682, 4205, 4654, 6021, 6270, 6271, 6548, 6720, 8405, 9461, 9746, 11649, 11650, 13151, 15165, 15885, 16127, 16533, 17550, 17551, 17957, 17958, 17960, 17964, 17967, 17971, 21560, 22035, 26641, 27043, 28026, 29937, 30977, 32156, 32517, 32520, 33196, 33200, 33202, 37111, 37416, 42191, 47014, 47742, 47875, 49530, 49605, 51633, 51979, 53248, 55595, 55804, 60917, 61270, 63771, 65331, 66385, 67036, 67928, 67959, 69201, 69672, 75922, 75999, 77019, 79095, 79103, 79131, 80092, 80130, 80131, 81013, 82735, 85929, 86091, 87149, 87622, 87818, 88606, 97664, 98545, 101113, 106004, 107597, 108907, 115000, 119648, 121112, 123159, 134570, 142111, 145072, 146284, 148751, 151458, 151462, 151767, 154434, 155116, 165995, 169574, 174523, 193603, 196697, 196698, 199497, 213929, 217272, 218922, 219596, 254132, 266026, 290448, 292376, 312014, 334583, 372976, 384584, 1246280, 2071281]
4002	[51849, 81857, 96033, 96037, 240454, 269286, 292323, 292670, 322000, 343401, 345026, 345805, 393380, 440873, 780795, 788312, 1311087, 1430462, 1581803]
4005	[163205, 422052, 1033525]
4006	[2266, 3470, 3667, 3682, 4205, 4654, 6021, 6270, 6271, 6548, 6720, 8405, 9461, 9746, 11649, 11650, 13151, 15165, 15885, 16127, 16533, 17550, 17551, 17957, 17958, 17960, 17967, 17971, 21560, 22035, 26641, 27043, 28026, 29937, 30977, 32156, 32517, 32520, 33196, 33200, 33202, 37111, 37416, 42191, 47014, 47742, 47875, 49530, 49605, 51633, 51979, 53248, 55595, 55804, 60917, 61270, 63771, 65331, 66385, 67036, 67928, 67959, 69201, 69672, 75922, 75999, 77019, 79095, 79103, 79131, 80092, 80130, 80131, 81013, 85929, 86091, 87149, 87622, 87818, 88606, 97664, 98545, 101113, 106004, 107597, 108907, 115000, 119648, 121112, 123159, 134570, 142111, 145072, 146284, 148751, 151458, 151462, 151767, 154434, 155116, 165995, 169574, 174523, 193603, 196697, 196698, 199497, 213929, 217272, 219596, 254132, 266026, 290448, 292376, 312014, 334583, 372976, 384584, 1246280, 2071281]
4021	[18983, 22164, 37413, 112810]
4026	[8571, 35303, 44313, 61486, 431503, 711612, 711613, 1259037, 1274303, 1644726]
4029	[42182, 82738, 83240, 200997]
4030	[4205, 6270, 6271, 6548, 6720, 9461, 10388, 13151, 15165, 17551, 22035, 26641, 27043, 28026, 30977, 32156, 32517, 33196, 33200, 33202, 37416, 47742, 47875, 49530, 49605, 60917, 61270, 66385, 67036, 67928, 69201, 69672, 75922, 79095, 79131, 80092, 80130, 80131, 81013, 87149, 87622, 87818, 98545, 101113, 119648, 121112, 123159, 142111, 145072, 146284, 148751, 151458, 154434, 174523, 193603, 196697, 196698, 199497, 219596, 266026, 290448, 292376, 334583]
4032	[7987, 10388, 38563, 56743, 56746, 69887, 85929, 104312, 112584, 151767, 177974, 228862, 292111, 308031, 313261]
4033	[270799, 379988, 5117324]
4037	[2266, 3470, 3667, 3682, 4205, 4654, 6021, 6270, 6271, 6548, 6720, 9461, 9746, 11649, 13151, 15165, 16127, 16533, 17550, 17551, 17957, 17958, 17960, 17967, 17971, 21560, 22035, 26641, 27043, 29937, 30977, 32156, 32517, 32520, 33196, 33200, 33202, 37111, 37416, 42191, 47014, 47742, 47875, 49530, 49605, 51979, 55595, 60917, 61270, 63771, 65331, 66385, 67036, 67928, 67959, 69201, 69672, 75922, 75999, 77019, 79095, 79103, 79131, 80092, 80130, 80131, 81013, 82735, 85929, 87149, 87622, 87818, 88606, 97664, 98545, 101113, 108907, 115000, 119648, 121112, 123159, 134570, 142111, 145072, 146284, 148751, 151458, 151462, 151767, 154434, 169574, 174523, 193603, 196697, 196698, 199497, 217272, 218922, 219596, 266026, 290448, 292376, 334583, 372976, 384584, 1246280]
4038	[17540, 1480453, 1482347]
4043	[4205, 6270, 6271, 6548, 6720, 9461, 13151, 15165, 17551, 22035, 26641, 27043, 28026, 30977, 32156, 32517, 33196, 33200, 33202, 37416, 47742, 47875, 49530, 49605, 60917, 61270, 66385, 67036, 67928, 69201, 69672, 75922, 79095, 79131, 80092, 80130, 80131, 81013, 87149, 87622, 87818, 98545, 101113, 119648, 121112, 123159, 142111, 145072, 146284, 148751, 151458, 154434, 174523, 193603, 196697, 196698, 199497, 219596, 266026, 290448, 292376, 334583]
4044	[276986, 413622, 1935379]
4056	[454289, 1944208, 4232568]
4062	[51849, 81857, 96033, 96037, 240454, 269286, 292323, 292670, 322000, 343401, 345026, 345805, 393380, 440873, 780795, 1311087, 1430462, 1581803]
4063	[6271, 10388, 17551, 22035, 26641, 30182, 30977, 31546, 32434, 41326, 46451, 48425, 49605, 61269, 72234, 75922, 80131, 82730, 82735, 87818, 98545, 112154, 112961, 121112, 123159, 145071, 145072, 145074, 145077, 193603, 259352, 266026, 277353, 292155, 292376, 1568203, 1598250]
4069	[3470, 3682, 4205, 6021, 6270, 9461, 11649, 13151, 15165, 16127, 16533, 17551, 17958, 17960, 17967, 17971, 21560, 22035, 26641, 29937, 32520, 33200, 37111, 37416, 47014, 47875, 49530, 51979, 55595, 65331, 66385, 67036, 67928, 67959, 75999, 79095, 79131, 80131, 88606, 98545, 101113, 108907, 115000, 134570, 142111, 146284, 151462, 151767, 154434, 169574, 174523, 193603, 196698, 1246280]
4070	[4205, 6270, 6271, 6548, 6720, 9461, 13151, 15165, 17551, 22035, 26641, 27043, 28026, 30977, 32156, 32517, 33196, 33200, 33202, 37416, 47742, 47875, 49530, 49605, 60917, 61270, 66385, 67036, 67928, 69201, 69672, 75922, 79095, 79131, 80092, 80130, 80131, 81013, 87149, 87622, 87818, 98545, 101113, 119648, 121112, 123159, 142111, 145072, 146284, 148751, 151458, 154434, 174523, 193603, 196697, 196698, 199497, 219596, 290448, 292376, 334583]
4071	[11136, 22798, 28972, 38563, 41326, 75280, 81013, 254761, 308031, 311776]
4074	[343069, 491356, 920017]
4076	[6271, 10388, 17551, 22035, 26641, 30182, 30977, 31546, 32434, 41326, 46451, 48425, 49605, 61269, 72234, 75922, 80131, 82730, 82735, 98545, 112154, 112961, 121112, 123159, 145071, 145072, 145074, 145077, 193603, 259352, 266026, 277353, 292155, 292376, 1568203, 1598250]
4081	[3470, 3682, 6021, 6270, 9461, 11649, 13151, 15165, 16127, 16533, 17551, 17958, 17960, 17967, 17971, 21560, 22035, 26641, 29937, 32520, 33200, 37111, 37416, 47014, 47875, 49530, 51979, 55595, 65331, 66385, 67036, 67928, 67959, 75999, 79095, 79131, 80131, 88606, 98545, 101113, 108907, 115000, 134570, 142111, 146284, 151462, 154434, 169574, 174523, 193603, 1246280]
4084	[396495, 680539, 1346920, 1986492, 3508132, 7495579, 7495580]
4086	[6271, 6548, 15165, 17551, 22035, 27043, 30977, 32156, 33196, 60917, 61270, 67036, 67928, 69201, 80092, 80130, 87149, 87622, 87818, 98545, 148751, 193603, 199497]
4091	[56675, 73721, 189916, 423761, 707712, 908132, 2932904, 3779324]
4092	[35301, 45467, 45646, 81013, 88606, 92051, 144077, 149420, 192557, 206325, 223131, 227256, 227475, 245017, 253945, 256185, 258070, 260190, 262945, 267854, 270239, 280034, 320305, 327732, 366225, 375374, 787438, 830701, 1123907, 1856490, 4532476]
4094	[4205, 16655, 16656]
4095	[6271, 10388, 17551, 26641, 30182, 30977, 31546, 32434, 41326, 46451, 48425, 61269, 72234, 75922, 80131, 82730, 82735, 98545, 112154, 112961, 121112, 123159, 145071, 145072, 145074, 145077, 193603, 259352, 266026, 277353, 292155, 292376, 1568203, 1598250]
4098	[8571, 35303, 44313, 61486, 431503, 711612, 711613, 1259037, 1644726]
