1	[55080, 83904, 166320]
10	[32201, 179366, 228408]
29	[76028, 177340, 207945, 899517]
30	[16406, 6181509, 6181511]
56	[184439, 184440, 184441, 184712]
59	[153980, 170355, 410038]
345	[201571, 266348, 340642]
366	[76028, 110593, 732482]
527	[10081, 5455066, 7262188]
528	[15900, 61499, 1736801]
540	[32181, 109661, 188810]
592	[130243, 368085, 1777178]
597	[22946, 253245, 312208]
676	[347276, 1059683, 2035499]
771	[154028, 1043775, 1132706]
819	[3865, 872312, 1421378]
820	[430553, 630957, 2360753]
1010	[10360, 201571, 227461]
1020	[84643, 182998, 1728735]
1022	[10360, 256779, 256780]
1046	[235031, 235032, 235033]
1050	[191271, 926682, 1781229]
1053	[32191, 32192, 91511]
1069	[41408, 474083, 728829]
1092	[13774, 830694, 894994]
1172	[10360, 256777, 256782]
1207	[2266, 174890, 453875]
1294	[29936, 323172, 950650]
1321	[48392, 48413, 84101]
1552	[17413, 42360, 141308]
1556	[10552, 17589, 107598, 1337172]
1580	[17546, 370971, 1211833]
1627	[7027, 60316, 274718]
1680	[26050, 211886, 1317839]
1728	[3476, 121607, 916708]
2272	[3474, 42180, 194498]
2394	[3898, 11201, 637432]
2867	[1835, 324987, 457786]
3181	[391, 187134, 190997]
3643	[2713, 3288, 3452, 3461, 3470, 3478, 3667, 3865, 4097, 4654, 6063, 6270, 6271, 7154, 8405, 8670, 9271, 9707, 10095, 10383, 11737, 12596, 12688, 13151, 13889, 14052, 14185, 14898, 16794, 16795, 17142, 17531, 17546, 17958, 17963, 18200, 18956, 19587, 20561, 21560, 21712, 21715, 21906, 22164, 23259, 24495, 25578, 26233, 27506, 28628, 28795, 29611, 29815, 29938, 30093, 30148, 30724, 30979, 33201, 33203, 35200, 37413, 40152, 42172, 42190, 42907, 44581, 47835, 48865, 49294, 54879, 58034, 59250, 64582, 66373, 73202, 75922, 79963, 80084, 81013, 81599, 82775, 86336, 87837, 89635, 89795, 92578, 95886, 98545, 115911, 131768, 134515, 135561, 163490, 180924, 198102, 217272, 227469, 250698, 254441, 262482, 286787, 415507, 965067, 2071281, 4118749]
5090	[3475, 3476, 3480, 48582]
5120	[2725, 30146, 421723]
5535	[3461, 3865, 4097, 6270, 6271, 12596, 12688, 16794, 17546, 21906, 23259, 28795, 30093, 30724, 37413, 42190, 42907, 75922, 92578, 95886, 98545, 163490, 180924, 227469, 286787]
5679	[2705, 59247, 4961642]
5777	[1062980, 1325075, 5631232, 5637263]
6051	[423761, 621186, 707717, 908132, 1311788, 1394436, 1439551, 6003257]
6199	[12688, 26160, 48651, 54997, 164994, 173125, 245644, 275610, 1568920]
6568	[2713, 3288, 6270, 6271, 8405, 10383, 16993, 35200, 37413, 58034, 180924]
6785	[48275, 96034, 108870, 152402, 253111, 284153, 304821, 468457, 468461, 516198, 548819, 780795, 788311, 1542596]
6786	[77428, 181145, 275023, 321435, 323396, 477937, 710112, 757314, 972740, 1019931, 1816441, 2625130, 3961663]
6787	[593, 44312, 151486, 156382, 608322, 627562, 710042, 710043, 780796, 833092, 871144, 1515758, 1827976, 1919103, 2012388, 2045149, 2176837, 3004717]
6795	[32190, 262357, 317620, 449204, 585348, 619083, 637395, 2663179]
6800	[58032, 66842, 70377, 105986, 112758, 119995, 153810, 182998, 290363, 512722, 874274, 1119123]
6803	[16819, 58248, 58566, 62932, 76980, 107916, 141332, 168866, 184703, 216593, 228904, 276372, 320051, 499830, 500053, 520268, 540303, 565962, 814184, 814185, 814186, 814187, 814189, 814190, 814192, 814194, 814195, 814196, 814197, 814198, 814199, 814200, 814201, 814202, 814203, 814204, 814206, 814207, 814208, 814209, 814210, 814211, 814212, 814213, 814214, 1077103, 1718415, 1860956, 4292301]
6807	[34991, 76944, 249512, 326406, 359274, 371981, 491072, 558553, 1285055, 1484337, 3216339, 3216341, 3216342, 3216343, 3216344, 4409706]
6811	[1250285, 2820037, 5025615, 5153135, 5276506, 5276507, 5276508, 5276509, 5276510, 5276511, 5276512, 5276513, 5276515, 5276516]
6828	[209415, 283122, 348590, 848873, 920017, 980554, 1044445, 1080246, 1502888, 2373847, 3440839, 3517328, 3598820]
6842	[10343, 195173, 272817, 472085, 523594, 1109239, 1109240, 3056482, 3198599, 3624529]
6845	[165251, 975678, 1018296, 1237402, 2635458]
6846	[1610666, 5174001, 5174051, 5174052, 5174053, 5174054]
6847	[89029, 191499, 214532, 258313, 378070, 397256, 442799, 555077, 555735, 724778, 955591, 1086727, 1102636, 1189589, 1189593, 1325084, 1325092, 1364200, 1844111, 2537347, 2822261, 3065169, 3065179, 3065182, 5706736, 5707098, 5707099, 5733214, 5734994, 6580112]
6853	[282605, 425546, 748478, 807198, 807811, 819206, 980563, 1504809, 1872700, 2166390, 2321900, 3516034, 3516048]
6868	[32433, 171886, 223473, 258002, 258120, 272426, 317673, 325096, 487986, 553067, 711722, 711723, 711724]
6871	[5705, 347340, 434904, 490460, 716085, 834612, 1036377, 1036378, 2571543, 2953482, 3521421]
6885	[5515991, 7221850, 7221851, 7221852, 7221853, 7221854, 7221855, 7221856, 7221857, 7221858, 7221859, 7221860]
6886	[56799, 94940, 136470, 299238, 302525, 310906, 391627, 417382, 457108, 586602, 713473, 1259030, 2936947]
6900	[410333, 448212, 490460, 704157, 766034, 1382166, 1448595, 1480724, 1569062, 2336304, 2550564, 3433374, 3520490, 3520493, 3520495, 3520496, 3520499, 3520500]
6907	[743122, 789790, 1030987, 1261689, 3546483, 4275006, 7454702, 7454703]
6908	[15562, 70668, 181951, 232960, 251829, 339134, 663127, 1018296, 1326708, 1326718, 1421562, 1669259]
6918	[5873, 6268, 6708, 142962, 142967, 142970]
6919	[9768, 504981, 806555, 837529, 842673, 1030507, 1253222, 1516197, 1522603, 2584660, 3198292, 3540068, 4879665]
6920	[10543, 26955, 37749, 55972, 62927, 143947, 146475, 155981, 223143, 245341, 294085, 342782]
6921	[32204, 214140, 318046, 318047, 318048]
6922	[61486, 270259, 302709, 326036, 711613, 711614, 1546441]
6923	[201948, 209249, 253381, 384586, 703242, 1048102, 1234891, 1434540, 3291519, 3291520, 3291521, 3291522, 3291523]
6931	[15562, 59549, 164931, 199231, 252687, 314076, 399685, 399708, 561144, 561145, 561146, 561147, 561149, 561150, 561151, 643280]
6938	[3461, 3865, 4097, 6270, 6271, 12596, 12688, 16794, 17546, 20957, 21906, 23259, 28795, 30093, 30724, 37413, 42190, 42907, 43281, 75922, 92578, 95886, 98545, 163490, 180924, 227469, 286787]
6943	[6268, 6708, 142962, 142967, 142970]
6946	[471041, 568263, 649437, 709480, 766018, 844590, 847325, 847330, 847332, 847335, 847339, 877834]
6949	[15806, 15807, 15808, 15809, 131040, 131041, 131047, 131048, 131049, 131289, 131309, 346595, 346596]
6952	[593, 20124, 48275, 51857, 96034, 108870, 152402, 253111, 257414, 284153, 292670, 304821, 322000, 351846, 468457, 468461, 516198, 548819, 612737, 780795, 788311, 1542596]
6958	[28321, 481936, 967710, 2780236, 2780237, 2780238, 2780242, 3943405, 4056808, 4558026, 4575827, 5684376, 5970090]
6966	[589080, 627903, 2172796, 2346390, 4697402, 5791891]
6968	[15973, 15976, 15979, 19798, 27179, 27205, 27206, 27207, 27208, 459446]
6969	[613091, 840124, 840125]
6970	[8571, 61486, 270259, 345805, 1413646, 1455567, 1546441, 1644726]
6982	[414003, 1052030, 1456230, 1522505, 1522507, 1522508, 1522509, 1522510, 1859798]
6983	[3156894, 4093167, 4093168, 4590557, 4590558, 4904798]
6997	[76980, 123671, 168863, 168870, 1629529, 1861805, 2878420, 2878422, 2878423, 2878424, 2878425, 2878426, 2878427, 2878428, 2878429, 2878430, 3135305]
7006	[3682, 12834, 25284, 31759, 79751, 88740, 114483, 114733, 126975, 128395, 157747, 162670, 195173, 261834, 265119, 268583, 292129, 341947, 604779, 604931, 747727, 6118560]
7008	[19132, 23166, 35600, 58981, 91967, 166939, 218425, 556509, 1027064, 1043958]
7009	[423761, 621186, 789790, 948683, 1394436]
7017	[2532, 3860, 33196]
7019	[452780, 1159514, 1181029]
7022	[81424, 278780, 303848, 4272943, 4272944, 4272946, 4765078, 4765079]
7032	[6270, 106940, 108475, 112808, 243856]
7050	[150681, 821219, 2253114, 2253115, 2253117, 2253118, 2253119, 2253121]
7052	[84008, 98169, 198151, 252121, 366227, 796730, 1446125, 5498057]
7057	[2713, 3288, 3461, 12688, 16794, 16795, 17142, 17546, 35611, 37413, 42907, 54304, 58034, 60776, 64582, 92578, 180924, 227469]
7067	[2713, 3288, 3461, 12688, 16794, 16795, 17142, 17546, 35611, 37413, 42907, 54304, 54879, 58034, 60776, 64582, 66373, 92578, 180924, 227469]
7069	[593, 48275, 96034, 108870, 152402, 253111, 257414, 284153, 304821, 468457, 468461, 516198, 548819, 612737, 780795, 788311, 1542596]
7072	[541539, 653535, 3360108, 3360109, 3360110, 3360111]
7074	[32411, 53800, 56799, 77182, 89604, 187449, 401299]
7075	[361293, 688263, 1062980, 1325075, 1325077, 5631232, 5639054, 5644134]
7076	[106371, 162108, 379874]
7085	[23478, 297664, 345918, 380862, 603092, 1160014]
7089	[92237, 132421, 212744, 262942, 290364, 383804, 646136, 1070057, 1070058, 1070060, 1070064, 2596204]
7090	[276722, 1057123, 1314679, 1532966, 1720698, 2032063, 2321517, 3175164, 4845299, 5771323, 7084114]
7091	[32196, 32201, 32209, 92243, 92244, 212264, 212265, 212266]
7097	[917479, 2196790, 2580743, 2678483, 3749589, 4192891, 4192892, 4192893]
7099	[16534, 16804, 49343, 88469, 102094, 2450626]
7100	[50709, 70735, 105062, 142519, 155116, 223729, 431301]
7101	[6271, 11879, 135478, 263822, 279662, 312044, 484260, 1224651, 1372907, 1372910]
7102	[426096, 505147, 1158062, 1180119, 2352337, 2352338, 2352339, 2352340, 3514644]
7103	[18035, 380864, 383181, 1491386]
7105	[462836, 7168695, 7393905, 7393912, 7393914, 7393915]
7115	[264085, 505847, 640490, 778500, 946074, 1844380, 1911885, 2008349, 3691754, 6965940, 6965941]
7116	[3105114, 5320255, 6139412, 7013997, 7013998, 7013999, 7014000, 7014001, 7014007, 7014008, 7014011, 7014012, 7014013]
7117	[3288, 6270, 8405, 14185, 16993, 44581, 69193]
7122	[14654, 33199, 117195, 161104, 263994, 267284, 618935, 894635, 955675, 1160911, 2676432]
7129	[327728, 334965, 583078, 693169, 799920, 962722]
7130	[105062, 119143, 266926, 282462, 535698, 535703]
7136	[38794, 76181, 373312, 558559]
7141	[138505, 1156053, 1156055, 1156056, 1156057, 1156058, 1156059, 1283561]
7146	[33202, 149044, 167339, 292674, 370769, 576638, 781472, 881272, 1824614, 2201480, 6244236]
7148	[61486, 270259, 345805, 711613, 1413646, 1455567, 1546441, 1644726]
7149	[1027734, 1429609, 1470284, 1589045, 1630882, 1675071, 2869352, 3578678]
7150	[66916, 289960, 314911, 470932, 517153, 2133201]
7153	[2718, 45714, 47470, 47971, 58783, 68047, 102094, 145018, 155981]
7157	[15885, 67331, 185704, 285719]
7159	[32548, 93285, 143042]
7160	[15806, 15807, 15808, 15809, 131040, 131041, 131047, 131049, 131309, 346595, 346596]
7169	[252648, 407787, 460023, 483499, 1051640]
7177	[76027, 193659, 240291, 1253409]
7179	[8796, 13878, 26233]
7191	[593, 48275, 108870, 253111, 257414, 284153, 304821, 468461, 612737, 780795, 788311, 1542596]
7193	[147754, 248740, 531794, 602274, 791291]
7197	[47742, 69722, 86163, 113779, 889679]
7198	[2599778, 6213967, 6213968, 6213969, 6213970, 6213972, 6213973, 6213974, 6213975]
7204	[18799, 352262, 2014298, 2014300, 2536561]
7211	[23368, 218605, 313742, 559680, 729839, 1334025]
7215	[348669, 348755, 851972]
7219	[2882337, 3730418, 3788669, 3943489, 4086076, 5995466, 6125969, 6146608]
7220	[66297, 145120, 533858, 816651, 992079]
7224	[29937, 327416, 443966, 1066423, 1409493, 1927508]
7226	[2713, 24170, 32434, 47835, 54913, 64486, 85166, 106303, 112933, 142345, 145611, 394453, 940032, 1595483]
7230	[223579, 867158, 5090962, 5090963, 5090964, 5090966, 5090967]
7232	[142115, 1254200, 2684236, 3250144]
7233	[320036, 987369, 3270659]
7236	[73721, 342906, 423761, 496293, 621179, 621203, 948683, 1394436, 1788904, 6003257]
7241	[30979, 531383, 1283987]
7242	[463394, 506151, 827172, 846477, 904455, 922531, 983159, 1116990, 1129531, 1894012, 2177843]
7250	[136886, 308923, 485719, 1290314, 1356219, 2621596, 3259773, 7756154]
7257	[3069827, 3491875, 3491877, 3546396, 3546397]
7258	[684903, 794832, 863075, 1058281]
7264	[1133041, 2453436, 2758547, 2758550, 2758553]
7273	[1835, 2266, 2711, 2713, 6270, 7987, 15885, 16794, 19777, 19784, 22164, 23259, 24046, 28444, 39715, 40301, 41072, 42194, 44558, 44969, 47844, 58034, 64800, 66670, 66843, 69151, 70735, 79963, 87640, 88663, 88665, 89628, 89795, 92578, 94940, 98545, 106183, 108103, 112966, 125448, 133212, 151397, 227469, 1479144, 1663549, 3996172]
7278	[20124, 51857, 108870, 152402, 292670, 322000, 351846, 548819]
7282	[279017, 894582, 1328671, 1671160, 2093816, 4454414]
7291	[2532, 2713, 15976, 24170, 32434, 47835, 82832, 96490, 145611, 177190, 184946, 187085, 261360, 296005, 940032]
7303	[251628, 3213786, 4184138, 4184139, 4184140]
7304	[56675, 406601, 621197, 743122, 789790, 1030987, 1261689, 3546483, 4275006, 7454702, 7454703]
7320	[10388, 10389, 23031, 288223]
7325	[13890, 14115, 88226, 384880, 500247]
7340	[73721, 342906, 423761, 496293, 621179, 621203, 948683, 1394436, 1788904, 2058652, 6003257]
7341	[88459, 166442, 198151, 198152]
7342	[25725, 28754, 62391, 144193, 434487, 529854]
7343	[155380, 391407, 431933, 437060]
7351	[202309, 401916, 485778, 550026, 785953, 1141792]
7362	[799245, 2603927, 2959008, 2994206]
7367	[13932, 48727, 80130, 115000, 161229]
7371	[1011043, 1045674, 1045675, 1045679, 1045680]
7372	[926032, 1174834, 1326726, 2220308, 2253050, 2253051, 2253052]
7378	[36807, 66916, 190869, 603241, 852465, 1152735]
7392	[51851, 236849, 297528, 559060, 606315, 662177, 1180453]
7395	[175008, 523697, 2131780]
7401	[25767, 70595, 370769, 1034056, 2057653, 2057654]
7418	[592581, 768996, 1834980, 5909823, 5909824, 7095599]
7430	[2711, 2713, 3452, 3461, 3470, 3478, 6063, 6271, 9706, 10095, 10383, 12688, 14898, 15885, 16794, 16795, 17546, 17958, 17963, 18956, 22164, 25578, 27500, 28628, 29611, 29815, 30724, 33201, 33203, 37413, 40152, 42172, 42907, 44969, 47835, 48865, 54879, 58034, 66373, 67673, 70735, 73202, 75922, 79963, 80084, 81013, 86336, 87028, 87837, 89628, 89635, 92578, 93674, 95886, 110283, 115911, 131768, 135561, 163490, 180924, 198102, 217272, 227469, 250698, 254441, 262482, 262940, 286787, 295923, 415507, 1732682, 4118749]
7431	[1147123, 3034531, 3051226, 3051227, 3051228]
7432	[369428, 391962, 409131, 698952, 1006144, 1291079]
7433	[312342, 637594, 813271, 910565, 2034042, 3396709, 3396710]
7434	[634115, 702011, 784684, 1717766, 2380376]
7445	[35301, 43281, 91563, 126048, 152437, 155430, 163539, 193545, 226679, 266372, 266663, 267728, 276838, 281014, 283007, 286386, 436283, 441801, 446712, 529101, 539526, 2462604]
7455	[345477, 350933, 1232709]
7457	[500749, 1903485, 5057009, 5057010]
7461	[808340, 1342756, 1349515, 1972655]
7464	[105397, 176253, 606742, 1151450]
7476	[176521, 201736, 500053, 2582782]
7477	[136886, 1224391, 2114953]
7486	[166220, 341308, 395176, 1034056]
7487	[88700, 1653642, 1684626, 1684627, 1684634, 1684635]
7490	[130575, 252303, 279624, 288207, 328191, 361385, 422969]
7496	[8760, 54591, 106087, 395559, 1109737]
7497	[3682, 12834, 25284, 79751, 88740, 114483, 114733, 126975, 128395, 157747, 162670, 195173, 261834, 265119, 268583, 292129, 341947, 604779, 604931, 747727, 6118560]
7501	[634, 23858, 23859]
7502	[26160, 48651, 54997, 164994, 173125, 245644, 275610, 1568920]
7510	[111497, 1021337, 5667320]
7514	[95537, 283469, 349482, 490776, 490777]
7521	[65629, 101114, 256268, 615730]
7523	[122286, 1267523, 1267524, 5613007]
7529	[10390, 10392, 30982, 49963, 94069, 105986, 245312, 258639, 379909, 632000, 879492, 979165, 1119129]
7531	[187085, 274588, 928876]
7535	[110083, 495781, 572400, 1024168, 2808648]
7552	[258078, 502823, 677980, 698927, 1567068]
7553	[1960268, 4101171, 4190539, 5109835, 5109836, 5109837, 5109838]
7554	[70091, 194714, 603445, 694059]
7559	[3682, 4205, 14683, 104349, 149414, 290122]
7560	[26212, 742728, 742729, 742730]
7565	[3483, 9051, 10582, 30419, 30420, 188811]
7567	[2713, 6055, 23031, 27506, 88663, 106183]
7573	[4321984, 5410615, 5410616, 5410617]
7577	[96033, 96037, 292323, 345805]
7598	[301264, 658972, 658976, 658984, 658985]
7610	[185696, 285719, 285720, 1158828]
7611	[287519, 335829, 339220, 712040, 1564012, 1564015, 1564016]
7616	[15559, 82600, 201196]
7621	[407375, 851877, 1043476, 1189331]
7647	[14683, 33198, 80125, 104913, 104914]
7649	[224246, 337566, 1005418, 1005419, 1005421]
7650	[10088, 26641, 89628, 252797]
7651	[51229, 151609, 169574]
7654	[78771, 631843, 830924, 1584108]
7659	[32201, 32204, 928977]
7661	[263485, 420615, 614663]
7673	[32180, 1567068, 1567069]
7678	[4800, 25284, 38258, 134515]
7680	[15529, 95499, 98606, 150178, 222711, 285635]
7681	[259143, 500606, 556508]
7685	[1789089, 1789091, 1789092, 1789096]
7686	[2713, 3452, 3461, 3470, 3478, 3909, 6055, 6063, 6270, 6271, 6274, 8670, 10095, 10383, 12340, 12688, 14898, 14976, 16794, 16795, 17142, 17546, 17958, 17963, 18956, 22164, 23259, 25578, 28100, 28628, 29611, 29815, 30148, 30724, 30786, 30979, 31929, 32454, 33201, 33203, 33762, 35289, 35611, 37413, 39715, 40152, 41265, 42172, 42898, 42907, 44581, 47835, 47841, 47842, 47844, 48865, 49963, 51946, 54879, 58034, 60316, 60776, 64486, 66373, 66843, 66892, 67928, 73202, 75922, 79963, 80084, 81013, 86069, 86336, 87622, 87640, 87837, 88663, 88700, 89635, 89795, 92578, 92724, 95886, 98545, 99318, 99503, 99929, 104093, 105587, 106183, 115911, 121086, 131768, 135561, 151151, 163346, 163490, 176362, 180924, 198102, 217272, 227469, 250698, 254441, 262482, 286787, 415507, 492550, 1135315, 1171878, 1371048, 2071281, 4118749]
7696	[107230, 172026, 894964]
7697	[670394, 737061, 783836]
7699	[10390, 10392, 17967, 49963, 94069, 245312]
7700	[12551, 12888, 95154]
7704	[35301, 43281, 58981, 91563, 96397, 126048, 152437, 155430, 163539, 193545, 226679, 234939, 266372, 266663, 267728, 276838, 281014, 283007, 283543, 286386, 436283, 441801, 446712, 529101, 539526, 2462604]
7705	[152402, 153980, 266989, 348565]
7712	[248927, 248928, 464848]
7719	[326462, 534680, 2944889]
7740	[2713, 3290, 12834, 32454, 133857, 152815]
7743	[240099, 627903, 5333855, 5697676]
7747	[60364, 83832, 93112]
7749	[8729, 102404, 166518]
7751	[10390, 10392, 30982, 49963, 94069, 245312, 258639, 379909, 632000, 979165, 1119129]
7753	[154174, 833722, 836151, 836156]
7756	[3290, 12834, 32454, 133857, 152815]
7763	[15806, 15807, 15808, 15809, 131040, 131041, 131047, 131049, 346595, 346596]
7768	[490245, 859844, 1351689, 1459575]
7782	[10390, 30982, 105986, 245312, 379909, 879492, 1119129]
7786	[30542, 80134, 110987, 681369]
7793	[2711, 2713, 3452, 3461, 3470, 3478, 6055, 6063, 6271, 6274, 9271, 10095, 10383, 11737, 12688, 14898, 14976, 16794, 16795, 17142, 17546, 17958, 17963, 18956, 22164, 25578, 28628, 29611, 29815, 30724, 30786, 33201, 33203, 35289, 37413, 40152, 42172, 42907, 47835, 48865, 51946, 54879, 58034, 64486, 66373, 73202, 75922, 79963, 80084, 81013, 81599, 86336, 87622, 87837, 89628, 89635, 92578, 92724, 95886, 99318, 99503, 115911, 131768, 134515, 135561, 163346, 163490, 176362, 180924, 198102, 217272, 227469, 250698, 254441, 262482, 262940, 286787, 415507, 1371048, 4118749]
7794	[32434, 54913, 64486, 65628, 141988]
7809	[2266, 2711, 2713, 2725, 3470, 8760, 10388, 12196, 18983, 22164, 25725, 28795, 42172, 44969, 45115, 48865, 54879, 58034, 66373, 76012, 88601, 89628, 92660, 101256, 108103, 113688, 141057, 166220, 183139, 206487, 242415, 250698, 261986, 262933, 262940, 415507, 538031, 615913, 4118749]
7811	[34524, 152754, 808776]
7844	[27506, 30097, 111201, 152368]
7855	[2713, 3288, 6270, 6274, 7154, 9707, 19777, 24170, 28444, 31929, 32434, 42190, 47835, 58034, 64582, 145611, 940032]
7881	[3634578, 3635242, 3635243]
7902	[8729, 246130, 309600]
7904	[21702, 22164, 37413, 59792, 79095, 111179, 137418, 153198, 153307, 180924, 581883]
7905	[2713, 3288, 3452, 3461, 3470, 3478, 3667, 3865, 4097, 4654, 6063, 6270, 6271, 7154, 8405, 8670, 9271, 9707, 10095, 10383, 11737, 12596, 12688, 13151, 13889, 14052, 14185, 14898, 16794, 16795, 17531, 17546, 17958, 17963, 18200, 18956, 19587, 20561, 21560, 21712, 21715, 21906, 22164, 23259, 24495, 25578, 26233, 27506, 28628, 28795, 29611, 29815, 29938, 30093, 30724, 30979, 33201, 33203, 35200, 37413, 40152, 42172, 42190, 42907, 44581, 47835, 48865, 49294, 54879, 59250, 64582, 66373, 73202, 75922, 79963, 80084, 81013, 81599, 82775, 86336, 87837, 89635, 89795, 92578, 95886, 98545, 115911, 131768, 134515, 135561, 163490, 180924, 198102, 217272, 227469, 250698, 254441, 262482, 286787, 415507, 965067, 4118749]
7906	[11012, 75280, 86163, 95886, 101028, 111201, 242415]
7913	[252850, 271646, 509827]
7916	[617267, 814131, 1586424]
7917	[621179, 992239, 1030987, 4785456, 6489000, 6489001, 6489002]
7920	[287519, 335829, 712040, 1564012, 1564015, 1564016]
7923	[129858, 218276, 943980]
7924	[4654, 34278, 45467, 57103, 82730]
7932	[114979, 254416, 268911, 1474900]
7936	[24495, 52515, 81951]
7937	[2725, 6271, 10429, 11737, 16794, 16963, 17142, 26571, 42907, 47835, 89635, 92578, 99511, 99929, 104093, 110987, 132019, 152814, 227469]
7946	[560713, 1279753, 2152944]
7952	[302709, 326036, 431503, 711613, 711614, 987449, 1546384, 1621170, 1621171]
7957	[9221, 17963, 42182, 322596]
7958	[2266, 2713, 2725, 3288, 3452, 3461, 3470, 3478, 6063, 6271, 6520, 9706, 10095, 10262, 10383, 11737, 12340, 12688, 14898, 15885, 16794, 16795, 17546, 17958, 17963, 18956, 21767, 22164, 24170, 25578, 28628, 29611, 29815, 30148, 30724, 32434, 33201, 33203, 34829, 35301, 37413, 40152, 40409, 42172, 42907, 44969, 47835, 48865, 54879, 58034, 66373, 66843, 70735, 73202, 75922, 79963, 80084, 81013, 84752, 86336, 87837, 89635, 90251, 92578, 93674, 95886, 96370, 99848, 99929, 108103, 115911, 131768, 134515, 135561, 141895, 163490, 176417, 180924, 193603, 198102, 217272, 227469, 250698, 254441, 262482, 286787, 382926, 415507, 615913, 4118749]
7964	[240100, 7154254, 7154255]
7981	[262940, 412519, 443257]
7983	[593, 44312, 151486, 608322, 627562, 710042, 710043, 780796, 833092, 871144, 1515758, 1827976, 1919103, 2012388, 2045149, 2176837, 3004717]
7993	[18791, 29040, 85470]
7994	[61486, 270259, 302364, 302709, 326036, 431503, 711613, 711614, 987449, 1413646, 1546384, 1546441, 1621170, 1621171, 2223860, 2224039]
7996	[153641, 225212, 247278]
7997	[56675, 73721, 423761, 496282, 496293, 621179, 621186, 621191, 707712, 796823, 927863, 948683, 1208111, 1311788, 1394436, 1439551, 1671921, 1716021, 1788904, 1986498, 2154831, 5394435, 6003257, 6724138, 7561550]
7998	[512698, 1461114, 6474871]
8008	[270259, 302364, 302709, 326036, 337659, 345805, 431503, 454198, 711613, 711614, 987449, 1413646, 1455567, 1546384, 1546441, 1621170, 1644726, 2224039]
8009	[516232, 757261, 871985, 1770239]
8010	[3288, 4097, 6270, 6271, 8405, 10383, 16993, 21906, 27506, 35200, 37413, 180924]
8012	[14213, 50570, 395240]
8018	[19784, 66373, 82834, 86696, 110089, 131767, 133736, 141885, 144537, 679841]
8033	[690972, 1243657, 1631446]
8035	[6274, 16794, 18547, 23259, 31929, 89795, 92724, 98545]
8047	[56675, 406601, 621197, 743122, 789790, 1030987, 1261689, 4275006, 7454703]
8049	[10263, 10383, 23035, 26641, 34278, 39775, 45467, 57103, 82730, 252797, 255047]
8050	[568884, 922787, 2685571]
8056	[6271, 10429, 11737, 16796, 17962, 24170, 29225, 30724, 31927, 32434, 33202, 36214, 36807, 47835, 64837, 67036, 79103, 80091, 82926, 85166, 89635, 110987, 112933, 136518, 142345, 150275, 166220, 169154, 174523, 221520, 299102, 394453, 1488846, 1488850, 1595483]
8069	[3682, 12834, 25284, 31759, 79751, 88740, 114483, 114733, 126975, 128395, 157747, 162670, 195173, 261834, 265119, 268583, 341947, 604779, 604931, 747727, 6118560]
8071	[5087, 22799, 23036]
8076	[1998135, 1998136, 1998137]
8077	[1617038, 2832554, 2832558]
8078	[12209, 79091, 108103, 256267]
8080	[10389, 11737, 23031, 23035, 54650, 91685, 142748, 179142, 264977, 639720, 1241686, 2013481]
8089	[198102, 244025, 493084]
8098	[2713, 15976, 24170, 32434, 47835, 82832, 145611, 177190, 184946, 187085, 261360, 296005, 940032]
8103	[250841, 890749, 6900101]
8127	[3478, 3909, 6055, 6063, 6274, 12107, 16794, 17033, 17142, 18035, 23259, 31929, 33762, 35611, 39715, 41072, 41265, 42194, 42907, 47841, 47842, 50568, 51946, 54879, 56935, 60316, 60776, 66373, 66843, 79431, 79963, 86069, 87622, 87640, 88663, 88700, 89795, 92578, 92724, 98545, 100362, 104093, 106183, 121086, 163346, 227469, 250698, 254441, 336601, 415507, 1563259, 4289083]
8128	[143937, 547646, 956727, 1286444, 1286445]
8133	[2713, 9706, 10390, 16794, 16795, 18547, 33201, 42907, 81599, 92578, 134515, 198102, 227469]
8139	[1452332, 3476794, 4122835]
8142	[2711, 15875, 16794, 23259, 29831, 30092, 48651, 87640, 88663, 89628, 89795, 92724, 106183, 121086, 133212, 632604, 1245497, 3996172]
8143	[3480, 22887, 146063, 155798]
8145	[35301, 43281, 91563, 152437, 155430, 163539, 193545, 266372, 266663, 267728, 276838, 283007, 286386, 436283, 441801, 529101, 539526, 2462604]
8167	[2711, 2713, 3470, 3682, 4205, 17960, 22164, 23035, 26641, 30148, 32496, 42172, 48865, 51039, 54879, 57103, 58034, 61800, 66373, 89628, 110217, 113679, 125449, 157990, 192557, 237890, 250698, 252797, 262940, 271493, 273394, 290122, 308115, 327730, 415507, 2071281, 4118749]
8175	[2266, 3288, 3470, 3667, 3865, 3867, 4097, 4654, 6270, 6271, 7154, 8405, 8670, 9707, 10262, 10263, 10383, 11737, 12340, 12596, 13151, 13735, 13889, 14052, 14185, 15885, 17531, 17641, 18200, 19587, 20561, 21560, 21712, 21715, 21906, 24495, 26233, 27506, 28795, 29806, 29938, 30093, 30148, 30979, 31753, 32411, 34278, 35200, 37413, 39775, 42190, 44581, 44969, 45467, 45963, 47512, 47946, 49294, 49963, 55140, 59250, 59792, 64582, 65331, 70735, 82775, 86091, 88597, 97070, 102126, 113675, 137418, 191323, 193603, 223131, 229621, 233384, 249829, 255047, 261986, 289100, 965067, 1246280, 1290833, 1331263, 1363046]
8178	[17819, 38973, 184877]
8181	[3288, 6270, 7154, 12596, 12834, 28795, 42190, 64582, 82248, 290615, 586253]
8185	[42182, 98825, 179342]
8187	[32206, 2758617, 2758618]
8204	[32434, 41650, 44951, 111512, 144198, 162108, 379874, 488907]
8213	[16992, 17966, 20991, 23259, 30979, 32454, 44581, 47512, 49963, 86091, 89795, 98545, 191323, 208979, 233384, 292376, 1331263, 1363046]
8224	[2713, 6270, 6274, 19777, 28444, 31929, 58034, 87839, 89604]
8225	[2266, 2711, 2713, 2725, 3470, 3477, 8760, 10388, 12196, 15974, 18547, 22164, 25725, 28795, 42172, 44955, 44969, 45115, 48865, 54879, 58034, 60480, 66373, 76012, 81599, 88601, 88701, 89628, 108103, 113688, 141057, 166220, 198102, 242415, 250698, 262933, 262940, 415507, 538031, 615913, 4118749]
8232	[180869, 378522, 430606, 1344422]
8246	[3682, 14683, 87640, 88700, 104349, 149414, 1243188]
8253	[2713, 6270, 16794, 23035, 48865, 89628]
8255	[3865, 50710, 63019, 80134, 87079, 151611, 157277, 1934769]
8256	[2631777, 2631778, 4394950]
8259	[89029, 191499, 214532, 378070, 397256, 442799, 555077, 555735, 955591, 1086727, 1102636, 1189589, 1189593, 1325084, 1325092, 1364200, 1844111, 2537347, 2822261, 3065169, 3065179, 3065182, 5707098, 5707099, 5733214, 5734994, 6580112]
8260	[1798740, 2526521, 2526523]
8264	[11136, 94940, 208267, 374856]
8266	[220622, 2101891, 2296788]
8273	[10390, 10392, 30982, 49963, 94069, 245312, 258639, 379909, 632000, 979165]
8275	[53347, 281920, 1311087]
8277	[23166, 218421, 218424]
8280	[4654, 8405, 14052, 34278, 45467, 57103, 59250, 82730]
8285	[5339157, 5339161, 6030194]
8287	[917468, 924991, 1787564]
8288	[226461, 294746, 358449]
8308	[15807, 15808, 15809, 131040, 131047, 131049, 346595, 346596]
8319	[240329, 240331, 550425]
8323	[2713, 3452, 3461, 3470, 3478, 3909, 6055, 6063, 6270, 6271, 6274, 8670, 10095, 10383, 12340, 12688, 14898, 16794, 16795, 17142, 17546, 17958, 17963, 18956, 22164, 23259, 25578, 28100, 28628, 29611, 29815, 30148, 30724, 30786, 30979, 31929, 32454, 33201, 33203, 33762, 35289, 35611, 37413, 39715, 40152, 41265, 42172, 42898, 42907, 44581, 47835, 47841, 47842, 47844, 48865, 49963, 51946, 54879, 58034, 60316, 60776, 64486, 66373, 66843, 66892, 67928, 73202, 75922, 79963, 80084, 81013, 86069, 86336, 87622, 87640, 87837, 88663, 88700, 89635, 89795, 92578, 92724, 95886, 98545, 99318, 99503, 99929, 104093, 105587, 106183, 115911, 121086, 131768, 135561, 151151, 163346, 163490, 176362, 180924, 198102, 217272, 227469, 250698, 254441, 262482, 286787, 415507, 1135315, 1171878, 1371048, 2071281, 4118749]
8341	[2711, 2713, 3470, 3682, 6270, 22164, 23035, 26641, 30148, 42172, 48865, 51039, 54879, 55683, 57103, 58034, 60580, 61800, 66373, 89628, 103687, 192557, 237890, 250698, 252797, 262940, 271493, 273394, 308115, 327730, 359068, 382754, 415507, 444665, 832962, 837589, 838930, 842253, 902982, 1440951, 2071281, 4118749]
8342	[6063, 6271, 10095, 10429, 11737, 16796, 17962, 17963, 29225, 30724, 31927, 33202, 33762, 36214, 36807, 47835, 54879, 64837, 66373, 67036, 79103, 80091, 82926, 84669, 89635, 110987, 135561, 136518, 142345, 150275, 166220, 169154, 174523, 221520, 242415, 299102, 1488846, 1488850]
8353	[6055, 23031, 27506, 88663, 106183]
8355	[6274, 17142, 18547, 31929, 42907, 51946, 163346]
8356	[2713, 24046, 47844, 58034, 112966, 271287, 1079647]
8358	[48275, 96034, 304821, 468457, 516198, 548819, 780795]
8365	[221737, 851241, 1112341, 1831642]
8368	[19814, 286809, 1475412]
8372	[2266, 2725, 3288, 3865, 3867, 4654, 6271, 8670, 8760, 9461, 10263, 12196, 14185, 15885, 17641, 17966, 18677, 20991, 22164, 23259, 24170, 24495, 25725, 26233, 28100, 29938, 30979, 31929, 32497, 35301, 37413, 40409, 44581, 44969, 45963, 46706, 47512, 49963, 54594, 59250, 59792, 61270, 64582, 64664, 64675, 68187, 69722, 86091, 88601, 89628, 89795, 90251, 90254, 93251, 97835, 98545, 99848, 99929, 102126, 105587, 137418, 162809, 176417, 180924, 191323, 208979, 233384, 257234, 261986, 262933, 280866, 292376, 337525, 386320, 391187, 581883, 1331263, 1363046]
8378	[6270, 23035, 26641, 48865, 51039, 55683, 57103, 60580, 103687, 192557, 237890, 252797, 262940, 271493, 308115, 327730, 359068, 382754, 444665, 832962, 837589, 838930, 842253, 902982, 1440951]
8384	[2713, 3470, 6055, 6274, 14976, 16794, 17142, 23259, 30786, 35289, 42172, 42907, 51946, 58034, 64486, 79963, 87622, 88663, 89795, 92578, 92724, 99318, 99503, 106183, 163346, 176362, 227469, 250698, 415507, 427397, 1371048, 3911297, 4118749]
8385	[17142, 35611, 42907, 54304, 60776, 167786]
8392	[12107, 17033, 18035, 39715, 50568, 56935, 66843, 87640, 100362, 336601, 1563259, 4289083]
8394	[56675, 496282, 621186, 621191, 789790, 1031007, 1394436]
8412	[3682, 22164, 23035, 26641, 48865, 51039, 57103, 61800, 89628, 192557, 237890, 252797, 262940, 271493, 273394, 308115, 327730]
8416	[14654, 33199, 117195, 263994, 267284, 618935, 894635, 955675, 1160911, 2676432]
8417	[61499, 694456, 1044827]
8419	[164994, 248447, 423825]
8425	[10263, 47437, 47844, 99712]
8426	[27500, 48231, 50709, 66302]
8433	[6271, 10429, 11737, 16796, 17962, 29225, 30724, 31927, 33202, 36214, 36807, 47835, 64837, 67036, 79103, 80091, 82926, 89635, 110987, 136518, 142345, 150275, 166220, 169154, 174523, 221520, 242415, 299102, 1488846, 1488850]
8447	[274800, 1072615, 1072616]
8448	[2713, 6055, 6270, 6274, 16794, 17142, 23259, 30786, 31929, 35289, 42907, 51946, 58034, 64486, 79963, 87622, 88663, 89795, 92578, 92724, 98545, 99318, 99503, 106183, 121086, 163346, 176362, 227469, 250698, 254441, 415507, 1371048]
8459	[287519, 335829, 1564012, 1564015, 1564016]
8460	[217699, 1345397, 4146691]
8466	[12834, 25284, 79751, 88740, 114483, 114733, 126975, 128395, 162670, 195173, 261834, 265119, 268583, 341947, 604931, 6118560]
8467	[10389, 11737, 54650, 91685, 142748, 179142, 264977, 639720, 1241686, 2013481]
8469	[422464, 425618, 425619]
8474	[16794, 23259, 28795, 29831, 48651, 51229, 69199, 80134, 87640, 88663, 89795, 92724, 106183, 121086, 167786, 187449]
8475	[6055, 6270, 6274, 16794, 17142, 23259, 30786, 31929, 35289, 42907, 51946, 64486, 79963, 87622, 88663, 89795, 92578, 92724, 98545, 99318, 99503, 106183, 121086, 163346, 176362, 227469, 1371048]
8476	[2266, 2711, 2725, 3288, 3865, 3867, 8405, 8670, 8760, 9081, 9461, 10263, 10380, 12196, 14185, 15885, 16993, 17641, 17966, 18677, 20991, 21767, 22164, 23259, 23368, 24495, 25725, 26233, 28100, 31929, 32156, 32497, 35301, 37413, 42180, 44581, 44969, 45963, 46706, 47512, 47946, 49963, 53248, 54594, 59770, 59792, 60910, 61270, 62653, 63617, 64664, 64675, 64789, 64791, 68187, 69722, 69866, 80016, 85030, 86091, 88601, 89628, 89795, 90251, 90254, 93251, 97835, 98545, 99848, 99929, 102126, 102419, 105587, 137418, 146490, 176417, 180924, 191323, 208979, 233384, 257234, 261370, 261986, 262933, 280866, 292376, 337525, 386320, 391187, 581883, 1331263, 1363046, 4269477]
8478	[89029, 191499, 258313, 378070, 555735, 724778, 955591, 1086727, 1102636, 1325092, 2537347, 2822261, 3065179, 5706736, 5707098, 5734994]
8479	[2725, 29644, 57103, 71081, 71891, 99848, 99929, 140554, 176417]
8483	[40360, 295923, 1174005]
8489	[381205, 1650851, 1765052]
8496	[539580, 2988695, 2988696, 2988699]
8497	[16794, 18547, 33201, 42907, 81599, 92578, 198102, 227469]
8499	[453101, 453103, 1382560]
8503	[17641, 19784, 23031, 24170, 27506, 29691, 47835, 86413, 108338, 288053, 341692, 451348, 455109, 469411, 504127, 505536, 523069, 911833, 2574978]
8505	[2266, 2711, 2725, 3288, 3470, 3682, 3865, 3867, 4097, 4654, 6021, 6271, 6274, 8670, 8760, 9461, 10263, 12196, 12340, 14185, 15885, 15979, 17142, 17641, 17966, 18677, 20991, 21767, 21906, 22164, 23031, 23259, 24170, 24495, 25725, 26233, 27043, 27506, 28100, 29938, 30148, 30979, 31929, 32454, 32497, 35301, 37111, 40409, 42172, 42898, 44581, 44969, 45963, 46706, 47512, 47844, 47946, 48865, 49963, 54594, 59250, 59792, 61270, 64582, 64664, 64675, 65331, 66892, 67928, 68187, 69722, 86091, 88601, 88729, 89628, 89795, 90251, 90254, 93251, 97835, 98545, 99848, 99929, 102126, 105587, 121086, 131987, 137418, 151151, 162809, 165035, 168934, 176417, 191323, 193603, 200997, 208979, 233384, 250698, 257234, 261986, 262933, 280866, 292376, 337525, 386320, 391187, 415507, 1135315, 1246280, 1331263, 1363046, 2071281]
8506	[593, 108870, 253111, 257414, 284153, 468461, 612737, 788311, 1542596]
8514	[2266, 3867, 9461, 10263, 12596, 18956, 20561, 24495, 26233, 28795, 35055, 42191, 44581, 47512, 64664, 64675, 69375, 69722, 80124, 85863, 86091, 86093, 88279, 100591, 102126, 105587, 107561, 107784, 137418, 153614, 162809, 192160, 211454, 242515, 280866, 292376, 384080, 393283, 1331263, 1363046]
8515	[2266, 3288, 3865, 3867, 4097, 6270, 8670, 9461, 10263, 10383, 15885, 17641, 17966, 18677, 20991, 21906, 23259, 24225, 24495, 26233, 27506, 28100, 29806, 31753, 31929, 32497, 34278, 35301, 39775, 44581, 44969, 45467, 45963, 46706, 47512, 49963, 54594, 55140, 56621, 57103, 59792, 64664, 64675, 68187, 69722, 70735, 82730, 86091, 88597, 89795, 90251, 90254, 93251, 94078, 97070, 97835, 98545, 99848, 99929, 102126, 105587, 113675, 137418, 145074, 191323, 196766, 229621, 233384, 254414, 255047, 255672, 257234, 261986, 277348, 280866, 289040, 292376, 337525, 386320, 391187, 512078, 516507, 1235095, 1290833, 1331263, 1363046]
8516	[3867, 10263, 10383, 17966, 20991, 24225, 31753, 34278, 39775, 44581, 45467, 56621, 57103, 82730, 94078, 145074, 196766, 229621, 254414, 255047, 255672, 277348, 289040, 292376, 512078, 516507, 1235095, 1290833]
8521	[2266, 2711, 2713, 3452, 3461, 3470, 3478, 4097, 6063, 6270, 6271, 6520, 9271, 10095, 10262, 10383, 10429, 11737, 12688, 14898, 16794, 16795, 17142, 17546, 17958, 17963, 18956, 21906, 22164, 23259, 24170, 25578, 28628, 29611, 29784, 29815, 30093, 30148, 30724, 32434, 33201, 33203, 33762, 35301, 37413, 40152, 42172, 42190, 42907, 46720, 47835, 47842, 48865, 51946, 54879, 58034, 59792, 60480, 64664, 65628, 66373, 68187, 73202, 75922, 79963, 80016, 80084, 81013, 81599, 84669, 86336, 87837, 89628, 89635, 89795, 92578, 92724, 95886, 98545, 102126, 107784, 108822, 110987, 115911, 131768, 134515, 135561, 137418, 163346, 163490, 180924, 198102, 217272, 227469, 250698, 254441, 262482, 286787, 415507, 581883, 2071281, 4118749]
8523	[40409, 49343, 259437, 531383, 830924, 1283987]
8527	[43281, 91563, 152437, 155430, 163539, 193545, 266372, 266663, 267728, 276838, 283007, 286386, 436283, 441801, 529101, 539526, 2462604]
8532	[2713, 15976, 82832, 145611, 177190, 184946, 187085, 261360, 296005, 940032]
8534	[3288, 8405, 14185, 16993, 69193]
8541	[28321, 481936, 967710, 2780236, 2780237, 2780238, 2780242, 3943405, 4056808, 4575827, 5684376, 5970090]
8542	[2711, 2713, 3452, 3461, 3470, 3478, 4097, 6063, 6270, 6271, 6520, 9271, 10095, 10262, 10383, 10429, 11737, 12688, 14898, 16794, 16795, 17142, 17546, 17958, 17963, 18956, 21906, 22164, 23259, 24170, 25578, 28628, 29611, 29784, 29815, 30093, 30148, 30724, 32434, 33201, 33203, 33762, 35301, 37413, 40152, 42172, 42190, 42907, 46720, 47835, 47842, 48865, 51946, 54879, 58034, 59792, 60480, 65628, 66373, 73202, 75922, 79963, 80084, 81013, 81599, 84669, 86336, 87837, 89628, 89635, 89795, 92578, 92724, 95886, 98545, 102126, 108822, 110987, 115911, 131768, 134515, 135561, 137418, 163346, 163490, 180924, 198102, 217272, 227469, 250698, 254441, 262482, 286787, 415507, 581883, 2071281, 4118749]
8545	[2266, 3867, 9461, 10263, 18956, 26233, 35055, 42191, 44581, 47512, 64664, 69375, 69722, 80124, 85863, 86091, 86093, 88279, 100591, 107561, 107784, 153614, 162809, 192160, 211454, 242515, 292376, 384080, 393283, 1331263, 1363046]
8551	[201948, 209249, 253381, 703242, 1048102, 1234891, 1434540, 3291519, 3291520, 3291521, 3291522, 3291523]
8552	[2266, 2725, 3288, 3865, 3867, 4097, 4654, 6270, 6271, 6274, 7154, 8670, 8760, 9461, 10263, 12196, 14185, 15885, 16794, 17641, 17966, 18677, 19814, 20991, 21767, 21906, 23031, 23259, 24170, 24495, 25725, 26233, 27506, 28100, 29938, 30979, 31929, 32497, 35301, 39775, 40409, 42190, 44581, 44969, 45963, 46706, 47512, 47946, 49963, 54594, 59250, 59792, 61270, 64582, 64664, 64675, 68187, 69722, 86091, 88601, 88663, 89795, 90251, 90254, 92578, 93251, 97835, 98545, 99848, 99929, 102126, 105587, 106183, 137418, 162809, 176417, 191323, 192160, 208979, 227469, 233384, 255047, 257234, 261986, 262933, 280866, 288223, 292376, 337525, 386320, 391187, 1331263, 1363046]
8553	[43281, 91563, 152437, 155430, 163539, 193545, 266372, 266663, 276838, 283007, 286386, 436283, 441801, 529101, 539526, 2462604]
8554	[2266, 3867, 9461, 10263, 18956, 26233, 35055, 42191, 44581, 47512, 64664, 69375, 69722, 80124, 85863, 86091, 86093, 88279, 100591, 107561, 107784, 153614, 162809, 192160, 211454, 242515, 292376, 384080, 393283]
8565	[201948, 253381, 384586, 703242, 1048102, 1234891, 1434540, 3291519, 3291520, 3291521, 3291522, 3291523]
8566	[6520, 9706, 10262, 10390, 10395, 13911, 24170, 46720, 86074, 91685, 93674, 125410, 175760, 294830]
8568	[1610666, 5174051, 5174052, 5174053, 5174054]
8570	[2711, 2713, 3452, 3461, 3470, 3478, 6063, 6271, 9271, 10095, 10383, 10429, 11737, 12688, 14898, 16794, 16795, 17142, 17546, 17958, 17963, 18956, 22164, 23259, 24170, 25578, 28628, 29611, 29815, 30148, 30724, 33201, 33203, 37413, 40152, 42172, 42907, 47835, 48865, 51946, 54879, 58034, 60480, 65628, 66373, 73202, 75922, 79963, 80084, 81013, 81599, 86336, 87837, 89628, 89635, 89795, 92578, 95886, 108822, 110987, 115911, 131768, 134515, 135561, 163346, 163490, 180924, 198102, 217272, 227469, 250698, 254441, 262482, 286787, 415507, 2071281, 4118749]
8577	[6271, 10429, 11737, 16796, 17962, 29225, 31927, 33202, 36214, 36807, 47835, 64837, 67036, 79103, 80091, 82926, 89635, 110987, 136518, 142345, 150275, 166220, 169154, 174523, 221520, 299102, 1488846, 1488850]
8580	[12834, 25284, 79751, 114483, 114733, 126975, 128395, 162670, 195173, 261834, 265119, 268583, 341947, 604931, 6118560]
8582	[388571, 529075, 3311940]
8583	[17641, 19784, 24170, 29691, 47835, 86413, 108338, 288053, 341692, 451348, 455109, 469411, 504127, 505536, 523069, 911833, 2574978]
8584	[255699, 269347, 500759]
8590	[10262, 10384, 10388, 10390, 11882, 12341, 21767, 23031, 98916, 124506, 140554, 153089, 177974, 288223, 374018]
8592	[283968, 286419, 317604]
8593	[1062980, 2311317, 5677912]
8596	[40135, 105273, 381206]
8599	[23035, 26641, 55683, 57103, 60580, 103687, 252797, 262940, 271493, 308115, 359068, 382754, 444665, 832962, 837589, 838930, 842253, 902982, 1440951]
8601	[8760, 18983, 89628, 92660, 101256, 183139, 206487, 261986]
8602	[6271, 10429, 16796, 17962, 29225, 31927, 33202, 36214, 36807, 64837, 67036, 79103, 80091, 82926, 89635, 110987, 136518, 142345, 150275, 166220, 169154, 174523, 221520, 299102, 1488846, 1488850]
8603	[3865, 46707, 265198]
8605	[2266, 2725, 3288, 3865, 3867, 8670, 9461, 10263, 14185, 15885, 17641, 17966, 18677, 20991, 23259, 24170, 24495, 26233, 28100, 31929, 32497, 35301, 44581, 44969, 45963, 46706, 47512, 49963, 54594, 59792, 64664, 64675, 68187, 69722, 86091, 89795, 90251, 90254, 93251, 97835, 98545, 99848, 99929, 102126, 105587, 137418, 162809, 176417, 191323, 208979, 233384, 257234, 261986, 280866, 292376, 337525, 386320, 391187, 1331263, 1363046]
8608	[35301, 126048, 163539, 193545, 226679, 267728, 281014, 436283, 441801, 446712, 529101]
8616	[3288, 3667, 3865, 4097, 4654, 6270, 6271, 7154, 8405, 8670, 9707, 11737, 12596, 13151, 13889, 14052, 14185, 17531, 17641, 17966, 18200, 19587, 20561, 20991, 21560, 21712, 21715, 21906, 24495, 26233, 27506, 28795, 29938, 30093, 30979, 35200, 37413, 41189, 42190, 44581, 49294, 59250, 64582, 82775, 180924, 208979, 292376, 965067]
8617	[8760, 10262, 10395, 13911, 15165, 15974, 16794, 18547, 19803, 40301, 42907, 44955, 46720, 56348, 60480, 67959, 69151, 81599, 88701, 92578, 93775, 109352, 120496, 133213, 183654, 198102, 214625, 227469]
8618	[4205, 6271, 29691, 101847, 254059, 294661, 295926]
8622	[1835, 19784, 40301, 44558, 64800, 66670, 133212, 151397, 1663549]
8623	[17641, 19784, 29691, 47835, 86413, 108338, 288053, 341692, 451348, 455109, 469411, 504127, 505536, 523069, 911833, 2574978]
8624	[56799, 94940, 136470, 299238, 302525, 310906, 391627, 457108, 586602, 713473, 1259030, 2936947]
8633	[5269535, 5269536, 5269537]
8635	[10380, 18547, 23031, 38563, 59770, 111936, 125101, 178005]
8636	[15562, 59549, 164931, 199231, 252687, 314076, 399685, 399708, 561144, 561145, 561146, 561147, 561149, 561150, 643280]
8637	[2725, 6520, 9706, 12340, 16795, 24170, 32434, 47835, 66843, 99929, 134515, 141895, 176417, 382926, 615913]
8640	[16794, 16796, 21702, 47841, 87640, 88486, 88663, 149414, 153267, 294314, 315612, 355114]
8642	[2266, 3288, 3865, 3867, 8670, 10263, 15885, 17641, 17966, 18677, 20991, 23259, 24495, 28100, 31929, 32497, 35301, 44581, 45963, 46706, 47512, 49963, 54594, 59792, 64664, 64675, 68187, 69722, 86091, 89795, 90251, 90254, 93251, 97835, 98545, 99848, 99929, 102126, 105587, 137418, 191323, 233384, 257234, 280866, 292376, 337525, 386320, 391187, 1331263, 1363046]
8643	[1250285, 2820037, 5025615, 5153135, 5276506, 5276507, 5276508, 5276509, 5276510, 5276511, 5276513, 5276515, 5276516]
8645	[5320255, 6139412, 7013997, 7013998, 7013999, 7014000, 7014001, 7014007, 7014008, 7014011, 7014012, 7014013]
8650	[2266, 3288, 3865, 3867, 8670, 10263, 15885, 17641, 17966, 18677, 20991, 23259, 24495, 28100, 31929, 32497, 35301, 44581, 45963, 47512, 49963, 54594, 64664, 64675, 68187, 69722, 86091, 90251, 90254, 93251, 97835, 98545, 99848, 99929, 102126, 105587, 137418, 191323, 233384, 257234, 280866, 292376, 337525, 386320, 391187, 1331263, 1363046]
8651	[76980, 123671, 168870, 1629529, 1861805, 2878420, 2878422, 2878423, 2878424, 2878425, 2878426, 2878427, 2878428, 2878430, 3135305]
8656	[12834, 25284, 79751, 114483, 114733, 126975, 128395, 162670, 195173, 261834, 265119, 268583, 341947, 6118560]
