1	[55080, 83904, 166320]
10	[32201, 179366, 228408]
17	[32190, 219565, 457732]
29	[76028, 177340, 207945, 899517]
30	[16406, 6181509, 6181511]
56	[184439, 184440, 184441, 184712]
59	[153980, 170355, 410038]
203	[26955, 646135, 646136]
345	[201571, 266348, 340642]
366	[76028, 110593, 732482]
524	[4654, 11012, 297533]
527	[10081, 5455066, 7262188]
528	[15900, 61499, 1736801]
540	[32181, 109661, 188810]
592	[130243, 368085, 1777178]
597	[22946, 253245, 312208]
676	[347276, 1059683, 2035499]
704	[26955, 32180, 32190, 32195, 32202, 76028, 91504, 92243, 115467, 119484, 177344, 208633, 227870, 234422, 234890, 294480, 446295, 605779, 622895, 868168, 1051383, 1051386, 1673569]
771	[154028, 1043775, 1132706]
819	[3865, 872312, 1421378]
820	[430553, 630957, 2360753]
842	[15807, 15808, 15809, 131040, 131041, 131042, 131046, 131047, 131048, 131049, 131050, 131289]
851	[2169627, 2731411, 2731412]
913	[18666, 84684, 153980]
1008	[56675, 386904, 954672, 2983394, 5900084]
1009	[1435045, 1439548, 1439550]
1010	[10360, 201571, 227461, 257120, 585579]
1011	[295535, 656293, 1046058, 1164784, 1294287, 1297917, 1711347, 1739246, 1935836, 2075475, 2149033, 3934064, 4060213, 4225809]
1013	[144079, 209415, 247002, 290483, 328758, 393499, 536570, 707382, 986438, 1444019, 2286907]
1014	[26955, 32180, 32190, 32195, 32202, 76028, 91504, 92243, 113428, 115467, 119484, 177344, 208633, 227870, 234890, 294480, 446295, 605779, 622895, 868168, 1046219, 1051383, 1051386, 1673569]
1015	[36622, 212786, 270429, 456764, 617133, 754128]
1017	[56675, 342906, 423761, 621180, 621202, 5736726]
1018	[2666, 10082, 195812, 245741, 260604, 280177, 294410, 297020, 582474]
1020	[84643, 182998, 351119, 483314, 887840, 1136966, 1363954, 1728735, 4396066, 4396067]
1022	[10360, 254007, 256778, 256779, 256780]
1025	[26955, 32180, 32190, 32195, 32202, 76028, 91504, 92243, 113428, 115467, 119484, 177344, 208633, 227870, 234890, 294480, 328853, 446295, 605779, 622895, 868168, 1046219, 1051383, 1051386, 1673569]
1029	[20953, 37413, 64664, 87814, 97072, 410595, 427397]
1033	[156896, 184712, 560956, 925650, 1445879, 1529524]
1035	[1046326, 1266524, 1387175, 1387176, 1413587, 1413588, 1413589, 1413590, 2155427]
1036	[164971, 283469, 832898, 845765, 845771, 845772, 1316855]
1037	[1432230, 1435045, 1439545, 1439546, 1622616, 2169627, 2228409, 2356257, 2802096, 5287177, 5560648, 6447561]
1038	[165371, 180932, 355004, 2443714]
1040	[501981, 738010, 813225, 1232622, 2026443, 2026451, 2151807]
1041	[4654, 57103, 83723, 107701]
1042	[560182, 607491, 1457877, 2037802, 2039966, 2039967, 2121816, 2121818, 2367009]
1043	[32205, 91565, 91566, 91567, 91568, 91569, 91570]
1046	[235031, 235032, 235033, 235034]
1048	[1165604, 1877098, 2560124, 2560125, 4250398, 4250399]
1050	[100519, 191271, 275319, 451534, 926682, 1781229, 5079539]
1051	[184432, 187066, 197672, 629933]
1053	[32191, 32192, 87906, 91511, 105466, 105469, 200821]
1056	[130580, 1464306, 3526345]
1059	[436852, 516232, 676918]
1061	[1432230, 1435045, 1439546, 2169627, 2228409, 2802096, 5287177, 5560648, 6447561]
1065	[4205, 1480462, 2097630]
1067	[829980, 1132706, 2895455, 3800055, 3800056, 3800058]
1069	[41408, 252611, 343725, 474083, 728829]
1070	[4654, 32181, 212215]
1071	[1432230, 1435045, 1439546, 2169627, 2228409, 2802096, 5560648, 6447561]
1073	[26955, 32180, 32190, 32195, 32202, 76028, 91504, 92243, 115467, 119484, 177344, 227870, 234890, 294480, 446295, 605779, 622895, 868168, 1046219, 1051383, 1051386, 1673569]
1074	[88124, 153748, 156896, 484618]
1077	[234869, 443741, 4423313]
1080	[61615, 130580, 1464306, 3526344, 3526345]
1083	[628737, 1113596, 1200940, 1377315]
1086	[600768, 2169627, 2731411, 2731412]
1091	[112154, 215582, 223235, 1481693]
1092	[13774, 830694, 894994, 1317707]
1099	[26955, 32180, 32190, 32195, 32202, 76028, 91504, 92243, 115467, 119484, 177344, 227870, 234890, 294480, 446295, 605779, 622895, 868168, 1051383, 1051386, 1673569]
1104	[710042, 780796, 833092]
1109	[195812, 245741, 260604, 280177, 294410, 297020, 582474]
1110	[26952, 264007, 292354]
1114	[4654, 270225, 377139]
1116	[915635, 1944900, 1944901]
1118	[26955, 32180, 32190, 32195, 32202, 76028, 91504, 92243, 115467, 119484, 177344, 227870, 234890, 294480, 446295, 605779, 622895, 868168, 1051383, 1051386]
1120	[5017, 1377229, 4651263]
1123	[12589, 577434, 1068139]
1124	[212856, 952324, 957222, 2113666]
1127	[48275, 108870, 435517]
1132	[1266524, 1387175, 1413587, 1413588, 1413589, 1413590, 2155427]
1135	[36622, 212786, 270429, 456764, 754128]
1139	[406036, 406037, 406038]
1147	[427537, 859355, 3066172]
1152	[1266524, 1387175, 1413587, 1413588, 1413589, 1413590]
1167	[35303, 61114, 757449, 757450]
1172	[10360, 256777, 256778, 256779, 256780, 256781, 256782]
1174	[32191, 32192, 91511, 105466, 105469, 200821]
1175	[451878, 703539, 836440]
1181	[248438, 528362, 1343231]
1182	[1036961, 2521460, 2522625]
1192	[26955, 32180, 32190, 32195, 32202, 76028, 92243, 115467, 119484, 177344, 227870, 234890, 294480, 446295, 605779, 622895, 868168, 1051383, 1051386]
1194	[144079, 209415, 247002, 290483, 328758, 393499, 536570, 707382, 986438, 2286907]
